time,frequency,confidence
0.000,646.845,0.069173
0.010,647.738,0.097011
0.020,288.181,0.038147
0.030,546.645,0.055953
0.040,1957.605,0.014517
0.050,1957.599,0.014469
0.060,1957.600,0.014470
0.070,1957.600,0.014470
0.080,1957.600,0.014472
0.090,1957.589,0.014478
0.100,1957.590,0.014498
0.110,1957.600,0.014553
0.120,1957.615,0.014588
0.130,1957.625,0.014635
0.140,1957.628,0.014624
0.150,1957.626,0.014621
0.160,1957.622,0.014620
0.170,1957.621,0.014629
0.180,1957.619,0.014628
0.190,1957.623,0.014638
0.200,1957.626,0.014646
0.210,1957.625,0.014651
0.220,1957.622,0.014648
0.230,1957.626,0.014643
0.240,1957.628,0.014644
0.250,1957.625,0.014638
0.260,1957.629,0.014640
0.270,1957.632,0.014642
0.280,1957.633,0.014639
0.290,1957.632,0.014643
0.300,1957.632,0.014643
0.310,1957.632,0.014643
0.320,1957.632,0.014643
0.330,1957.632,0.014643
0.340,1957.632,0.014643
0.350,1957.632,0.014643
0.360,1957.632,0.014643
0.370,1957.632,0.014643
0.380,1957.632,0.014643
0.390,1957.629,0.014645
0.400,1957.632,0.014640
0.410,1957.633,0.014638
0.420,1957.634,0.014617
0.430,1957.637,0.014592
0.440,1957.629,0.014539
0.450,1957.608,0.014510
0.460,1957.599,0.014467
0.470,1957.594,0.014458
0.480,1957.592,0.014443
0.490,1957.597,0.014444
0.500,1957.597,0.014445
0.510,1957.598,0.014443
0.520,1957.598,0.014444
0.530,1957.596,0.014444
0.540,1957.595,0.014450
0.550,1957.592,0.014451
0.560,1957.593,0.014455
0.570,551.344,0.239336
0.580,557.135,0.055007
0.590,589.434,0.097703
0.600,597.846,0.072970
0.610,649.942,0.070102
0.620,657.941,0.099783
0.630,591.137,0.054290
0.640,589.929,0.089581
0.650,551.944,0.300556
0.660,275.141,0.195252
0.670,147.577,0.058578
0.680,112.291,0.016979
0.690,33.190,0.023297
0.700,32.228,0.105164
0.710,32.079,0.065615
0.720,43.972,0.058023
0.730,44.240,0.512600
0.740,44.109,0.297046
0.750,32.924,0.007319
0.760,64.727,0.012005
0.770,64.595,0.008736
0.780,277.711,0.106335
0.790,290.301,0.471435
0.800,281.861,0.326466
0.810,33.013,0.195716
0.820,288.371,0.379942
0.830,282.983,0.299462
0.840,316.892,0.170945
0.850,540.655,0.104916
0.860,54.368,0.036817
0.870,292.411,0.178818
0.880,287.570,0.111929
0.890,286.735,0.703271
0.900,289.316,0.327218
0.910,298.184,0.192152
0.920,300.951,0.248236
0.930,297.600,0.208344
0.940,294.036,0.200881
0.950,292.930,0.136762
0.960,32.368,0.050657
0.970,57.851,0.054476
0.980,292.579,0.054787
0.990,292.450,0.317557
1.000,294.181,0.417604
1.010,293.343,0.503976
1.020,293.883,0.545807
1.030,292.930,0.433244
1.040,270.689,0.204778
1.050,534.789,0.101255
1.060,292.114,0.312337
1.070,293.423,0.374480
1.080,293.050,0.220324
1.090,289.439,0.260515
1.100,286.507,0.123042
1.110,442.119,0.109418
1.120,445.098,0.174278
1.130,288.752,0.194242
1.140,532.042,0.035582
1.150,290.665,0.121187
1.160,251.930,0.089580
1.170,258.983,0.030838
1.180,32.627,0.084067
1.190,33.036,0.115641
1.200,33.261,0.083498
1.210,33.680,0.029506
1.220,33.020,0.034064
1.230,32.813,0.031252
1.240,32.913,0.026315
1.250,32.811,0.028474
1.260,32.944,0.136166
1.270,32.909,0.092151
1.280,33.526,0.032151
1.290,33.826,0.427256
1.300,33.705,0.299198
1.310,453.152,0.161598
1.320,450.337,0.054844
1.330,33.575,0.014216
1.340,32.315,0.007049
1.350,1314.095,0.005989
1.360,445.665,0.021099
1.370,221.467,0.139661
1.380,447.156,0.076757
1.390,451.401,0.087957
1.400,450.023,0.100855
1.410,446.855,0.117723
1.420,32.209,0.048708
1.430,32.202,0.047246
1.440,32.077,0.029329
1.450,32.120,0.048544
1.460,32.186,0.014046
1.470,1974.611,0.008115
1.480,533.828,0.025196
1.490,448.953,0.066305
1.500,895.934,0.077101
1.510,675.490,0.066088
1.520,130.269,0.017686
1.530,127.435,0.003089
1.540,1323.670,0.003717
1.550,33.470,0.009989
1.560,1329.914,0.009353
1.570,1336.668,0.046805
1.580,1334.777,0.036391
1.590,1341.306,0.037181
1.600,1046.605,0.033363
1.610,591.170,0.118966
1.620,589.827,0.300820
1.630,881.448,0.201520
1.640,580.043,0.460004
1.650,584.379,0.092479
1.660,32.359,0.026971
1.670,32.237,0.064999
1.680,32.318,0.113331
1.690,32.495,0.112066
1.700,44.852,0.243138
1.710,33.058,0.102051
1.720,33.026,0.413547
1.730,32.549,0.160192
1.740,32.878,0.059366
1.750,32.784,0.042525
1.760,1188.359,0.051573
1.770,147.124,0.035576
1.780,34.061,0.094420
1.790,33.260,0.037575
1.800,41.466,0.027294
1.810,1200.007,0.045434
1.820,1204.991,0.070856
1.830,148.593,0.077762
1.840,604.264,0.108942
1.850,602.883,0.097191
1.860,595.691,0.372119
1.870,594.251,0.231246
1.880,595.095,0.070948
1.890,594.493,0.182704
1.900,592.747,0.083283
1.910,590.533,0.055064
1.920,583.318,0.060879
1.930,581.725,0.142100
1.940,583.321,0.103249
1.950,1178.474,0.019793
1.960,535.373,0.041241
1.970,533.820,0.160052
1.980,534.321,0.282409
1.990,535.189,0.336718
2.000,537.127,0.437302
2.010,537.974,0.257632
2.020,224.003,0.126070
2.030,33.356,0.057481
2.040,33.420,0.017883
2.050,50.237,0.051774
2.060,49.581,0.025485
2.070,49.610,0.018051
2.080,49.803,0.002923
2.090,154.044,0.016425
2.100,288.976,0.024122
2.110,591.912,0.015889
2.120,594.090,0.031478
2.130,1148.511,0.008755
2.140,924.820,0.022242
2.150,346.673,0.031178
2.160,35.351,0.041677
2.170,35.973,0.557255
2.180,36.233,0.322213
2.190,42.488,0.049096
2.200,54.866,0.006143
2.210,54.926,0.071106
2.220,55.076,0.104514
2.230,32.318,0.024526
2.240,32.201,0.024444
2.250,1876.835,0.023870
2.260,1856.849,0.039764
2.270,1818.109,0.020859
2.280,1797.860,0.013684
2.290,33.054,0.045523
2.300,44.264,0.026918
2.310,44.994,0.021205
2.320,44.470,0.042139
2.330,55.725,0.018306
2.340,1819.809,0.010836
2.350,1781.072,0.033848
2.360,1776.706,0.042885
2.370,1786.792,0.115843
2.380,590.287,0.438374
2.390,589.560,0.064414
2.400,1788.401,0.013465
2.410,32.707,0.030076
2.420,33.142,0.020292
2.430,1435.332,0.007182
2.440,449.807,0.054494
2.450,448.448,0.076777
2.460,48.911,0.015407
2.470,132.289,0.047563
2.480,132.734,0.254741
2.490,533.281,0.666816
2.500,533.574,0.670761
2.510,533.462,0.254553
2.520,32.277,0.020090
2.530,32.152,0.022434
2.540,1785.686,0.013971
2.550,1792.337,0.084740
2.560,1799.870,0.150417
2.570,43.967,0.034043
2.580,755.278,0.032996
2.590,49.392,0.058974
2.600,148.507,0.113799
2.610,295.146,0.050808
2.620,1456.178,0.084563
2.630,290.489,0.195513
2.640,32.138,0.063625
2.650,32.162,0.209581
2.660,32.363,0.082744
2.670,46.544,0.072084
2.680,46.291,0.253588
2.690,32.625,0.040018
2.700,530.509,0.014999
2.710,522.484,0.026813
2.720,1020.390,0.023783
2.730,1810.351,0.009372
2.740,1214.064,0.012816
2.750,403.402,0.059841
2.760,408.608,0.018000
2.770,37.774,0.125438
2.780,38.761,0.011665
2.790,32.189,0.006163
2.800,32.263,0.003873
2.810,48.730,0.039189
2.820,41.306,0.132440
2.830,42.494,0.023497
2.840,44.268,0.014023
2.850,119.154,0.175160
2.860,118.110,0.193222
2.870,241.530,0.047408
2.880,32.199,0.047434
2.890,32.811,0.064170
2.900,33.199,0.047254
2.910,1781.993,0.051733
2.920,1761.023,0.052074
2.930,1172.946,0.012025
2.940,36.899,0.050866
2.950,1969.062,0.038141
2.960,1215.993,0.024481
2.970,57.472,0.073499
2.980,54.630,0.012775
2.990,119.667,0.090063
3.000,44.807,0.018383
3.010,42.840,0.131732
3.020,43.356,0.110439
3.030,44.427,0.233421
3.040,43.627,0.346219
3.050,407.143,0.031844
3.060,32.289,0.217424
3.070,32.472,0.103604
3.080,32.320,0.042175
3.090,43.292,0.113366
3.100,120.754,0.020614
3.110,1173.038,0.048095
3.120,588.052,0.156921
3.130,264.910,0.106536
3.140,32.609,0.075837
3.150,32.401,0.067473
3.160,33.033,0.007625
3.170,33.634,0.038328
3.180,33.380,0.083681
3.190,32.757,0.070476
3.200,32.324,0.225625
3.210,32.498,0.051896
3.220,32.351,0.022561
3.230,32.250,0.012006
3.240,32.224,0.008428
3.250,32.278,0.012319
3.260,32.553,0.038173
3.270,32.406,0.070325
3.280,32.716,0.359357
3.290,32.905,0.614996
3.300,33.198,0.071329
3.310,398.022,0.181162
3.320,399.835,0.449791
3.330,200.854,0.435807
3.340,201.283,0.325117
3.350,403.028,0.160477
3.360,443.824,0.039115
3.370,326.876,0.052603
3.380,32.180,0.025643
3.390,326.369,0.122982
3.400,32.349,0.355996
3.410,32.734,0.431860
3.420,32.849,0.030016
3.430,54.260,0.049940
3.440,164.675,0.115025
3.450,167.108,0.567101
3.460,165.696,0.442704
3.470,331.728,0.161000
3.480,147.816,0.227979
3.490,100.217,0.151000
3.500,100.746,0.128252
3.510,100.447,0.313107
3.520,99.889,0.310370
3.530,99.652,0.099342
3.540,50.414,0.033421
3.550,49.952,0.026223
3.560,33.079,0.023693
3.570,32.929,0.102676
3.580,147.938,0.635742
3.590,149.124,0.804283
3.600,149.308,0.889858
3.610,149.928,0.847332
3.620,151.145,0.727307
3.630,154.502,0.227034
3.640,32.103,0.066207
3.650,40.812,0.118484
3.660,40.061,0.083272
3.670,39.912,0.147402
3.680,40.186,0.017410
3.690,1023.099,0.013412
3.700,1116.612,0.006501
3.710,989.902,0.006035
3.720,1211.056,0.011331
3.730,200.789,0.039680
3.740,198.637,0.136591
3.750,998.477,0.034200
3.760,33.034,0.095732
3.770,32.506,0.194023
3.780,32.341,0.156221
3.790,32.485,0.039110
3.800,1802.714,0.025791
3.810,1203.758,0.039581
3.820,1967.872,0.024760
3.830,400.756,0.052345
3.840,50.348,0.047893
3.850,597.741,0.039825
3.860,1200.223,0.060419
3.870,1192.593,0.043012
3.880,1802.461,0.020278
3.890,1800.473,0.021632
3.900,32.691,0.009330
3.910,32.846,0.016135
3.920,402.363,0.051000
3.930,404.143,0.071432
3.940,404.224,0.031415
3.950,990.465,0.033566
3.960,200.124,0.060130
3.970,99.533,0.044476
3.980,552.761,0.262593
3.990,556.638,0.514816
4.000,544.423,0.131322
4.010,198.483,0.443351
4.020,198.801,0.660401
4.030,198.284,0.799973
4.040,198.088,0.864215
4.050,197.837,0.834314
4.060,197.126,0.784341
4.070,197.286,0.597806
4.080,198.267,0.600636
4.090,201.110,0.546938
4.100,202.725,0.481049
4.110,198.961,0.064122
4.120,132.634,0.092313
4.130,35.614,0.015472
4.140,33.981,0.040590
4.150,32.631,0.022689
4.160,134.963,0.008188
4.170,43.745,0.003383
4.180,1214.501,0.006407
4.190,32.611,0.024502
4.200,32.845,0.017692
4.210,1174.734,0.013650
4.220,32.412,0.019291
4.230,222.254,0.031520
4.240,301.905,0.164853
4.250,166.373,0.256443
4.260,165.363,0.672930
4.270,166.240,0.810189
4.280,166.521,0.897056
4.290,166.299,0.887242
4.300,166.561,0.845360
4.310,166.717,0.637124
4.320,333.646,0.797797
4.330,333.659,0.782045
4.340,333.228,0.841386
4.350,333.565,0.898269
4.360,332.939,0.900727
4.370,332.670,0.872173
4.380,334.832,0.844916
4.390,334.581,0.863741
4.400,334.606,0.847384
4.410,334.067,0.814688
4.420,334.329,0.794907
4.430,332.155,0.691905
4.440,338.444,0.504863
4.450,344.549,0.226501
4.460,342.379,0.396987
4.470,295.406,0.389119
4.480,295.408,0.538676
4.490,297.234,0.426368
4.500,293.421,0.416393
4.510,294.049,0.604174
4.520,293.566,0.739565
4.530,221.671,0.420423
4.540,223.094,0.744658
4.550,223.702,0.686078
4.560,222.565,0.553775
4.570,220.279,0.656894
4.580,219.589,0.592719
4.590,218.447,0.499970
4.600,221.258,0.429719
4.610,298.734,0.148385
4.620,95.119,0.016341
4.630,90.880,0.201642
4.640,89.914,0.055069
4.650,34.331,0.213015
4.660,448.795,0.112995
4.670,535.293,0.118581
4.680,157.034,0.125549
4.690,541.447,0.098601
4.700,669.458,0.055106
4.710,337.330,0.063718
4.720,287.243,0.263562
4.730,291.814,0.499313
4.740,290.826,0.603225
4.750,290.971,0.724376
4.760,291.040,0.751296
4.770,291.435,0.725147
4.780,292.237,0.714897
4.790,293.023,0.662292
4.800,295.544,0.481933
4.810,301.870,0.535100
4.820,325.659,0.448059
4.830,447.888,0.023772
4.840,56.157,0.024306
4.850,32.659,0.016788
4.860,32.456,0.222888
4.870,287.993,0.322957
4.880,285.711,0.527593
4.890,280.053,0.462895
4.900,280.759,0.476877
4.910,281.068,0.489159
4.920,276.221,0.482924
4.930,298.711,0.291524
4.940,547.002,0.055745
4.950,290.622,0.360555
4.960,291.066,0.527636
4.970,292.417,0.343399
4.980,295.154,0.059324
4.990,445.627,0.014661
5.000,1614.685,0.032574
5.010,157.213,0.074873
5.020,1323.088,0.033902
5.030,289.361,0.268206
5.040,287.990,0.308049
5.050,290.476,0.399826
5.060,291.869,0.392946
5.070,1326.924,0.090712
5.080,297.582,0.100226
5.090,289.891,0.210170
5.100,439.315,0.188574
5.110,438.583,0.643009
5.120,32.349,0.119349
5.130,33.106,0.444871
5.140,33.286,0.194458
5.150,166.906,0.151248
5.160,454.583,0.176511
5.170,454.271,0.094449
5.180,32.551,0.074024
5.190,32.594,0.027337
5.200,671.603,0.041721
5.210,224.355,0.327655
5.220,226.123,0.390685
5.230,225.643,0.460125
5.240,223.963,0.386296
5.250,224.209,0.581196
5.260,223.519,0.735445
5.270,222.755,0.502352
5.280,221.524,0.085017
5.290,665.048,0.092138
5.300,674.826,0.052398
5.310,1787.934,0.021035
5.320,32.562,0.026659
5.330,139.370,0.012191
5.340,32.396,0.008207
5.350,32.332,0.022799
5.360,33.107,0.025013
5.370,33.123,0.072157
5.380,32.794,0.048443
5.390,536.488,0.306729
5.400,534.899,0.458007
5.410,530.760,0.296422
5.420,528.785,0.118275
5.430,670.309,0.047531
5.440,589.702,0.052368
5.450,544.540,0.090324
5.460,1157.732,0.025877
5.470,32.622,0.017405
5.480,32.819,0.061450
5.490,1966.369,0.010751
5.500,1313.752,0.018501
5.510,1333.233,0.051658
5.520,48.370,0.085901
5.530,674.891,0.049341
5.540,672.953,0.072904
5.550,222.425,0.348631
5.560,222.471,0.591799
5.570,222.250,0.107248
5.580,221.529,0.072459
5.590,226.428,0.294389
5.600,260.284,0.335736
5.610,254.836,0.501553
5.620,252.080,0.530447
5.630,49.804,0.698583
5.640,250.774,0.634500
5.650,251.653,0.796547
5.660,251.926,0.846675
5.670,252.138,0.866866
5.680,251.992,0.784966
5.690,248.885,0.599181
5.700,241.932,0.446344
5.710,239.182,0.479238
5.720,244.780,0.475206
5.730,252.785,0.654882
5.740,253.933,0.739266
5.750,251.425,0.837586
5.760,251.249,0.831538
5.770,251.203,0.861409
5.780,250.849,0.870726
5.790,250.679,0.899564
5.800,251.348,0.900131
5.810,252.352,0.859734
5.820,253.795,0.784234
5.830,255.136,0.603550
5.840,252.403,0.534564
5.850,254.022,0.618407
5.860,254.085,0.789746
5.870,253.259,0.868201
5.880,252.731,0.890097
5.890,252.120,0.869948
5.900,251.446,0.876337
5.910,251.909,0.860794
5.920,252.157,0.863225
5.930,252.239,0.854854
5.940,253.399,0.854583
5.950,253.815,0.793166
5.960,253.371,0.659117
5.970,251.318,0.507751
5.980,253.184,0.551446
5.990,252.267,0.689379
6.000,251.344,0.865028
6.010,250.730,0.885825
6.020,249.720,0.882239
6.030,249.009,0.870952
6.040,247.682,0.834199
6.050,246.129,0.697150
6.060,245.003,0.647698
6.070,244.992,0.510944
6.080,246.350,0.301877
6.090,661.398,0.244810
6.100,32.699,0.015192
6.110,32.269,0.016216
6.120,882.177,0.013735
6.130,923.932,0.022550
6.140,893.675,0.052771
6.150,886.331,0.157966
6.160,884.947,0.305473
6.170,892.593,0.122641
6.180,927.210,0.076317
6.190,939.137,0.035798
6.200,455.899,0.207601
6.210,224.097,0.399840
6.220,223.787,0.435801
6.230,222.629,0.606204
6.240,223.670,0.795274
6.250,223.440,0.607256
6.260,223.702,0.067961
6.270,221.112,0.080774
6.280,220.460,0.450418
6.290,220.573,0.419171
6.300,221.202,0.587204
6.310,601.344,0.073163
6.320,33.516,0.014266
6.330,47.893,0.033286
6.340,48.500,0.022726
6.350,55.407,0.036749
6.360,48.939,0.068034
6.370,49.325,0.387782
6.380,49.199,0.103492
6.390,157.119,0.127614
6.400,148.351,0.105504
6.410,32.841,0.071024
6.420,448.070,0.495270
6.430,445.569,0.497091
6.440,33.034,0.223205
6.450,448.161,0.289200
6.460,458.017,0.338408
6.470,465.474,0.234464
6.480,33.057,0.095114
6.490,199.136,0.283707
6.500,200.503,0.416887
6.510,201.394,0.486602
6.520,99.487,0.527966
6.530,202.223,0.465494
6.540,202.635,0.740705
6.550,202.997,0.369612
6.560,198.101,0.102165
6.570,196.454,0.162551
6.580,196.168,0.126138
6.590,32.916,0.024361
6.600,32.577,0.097507
6.610,33.376,0.291406
6.620,34.006,0.247446
6.630,33.592,0.046656
6.640,89.593,0.142218
6.650,85.492,0.026866
6.660,592.282,0.044965
6.670,399.469,0.012204
6.680,404.051,0.130958
6.690,404.392,0.120970
6.700,35.381,0.072387
6.710,33.401,0.098402
6.720,33.496,0.029620
6.730,33.780,0.012314
6.740,1965.669,0.008886
6.750,34.032,0.019218
6.760,33.979,0.006017
6.770,44.057,0.036286
6.780,32.322,0.007688
6.790,595.801,0.042478
6.800,603.586,0.027923
6.810,183.327,0.009816
6.820,32.218,0.012871
6.830,32.149,0.057226
6.840,32.051,0.145846
6.850,32.347,0.019642
6.860,56.370,0.110864
6.870,32.498,0.087705
6.880,50.376,0.045802
6.890,50.664,0.140438
6.900,55.465,0.018137
6.910,59.500,0.034546
6.920,55.430,0.004855
6.930,795.811,0.009762
6.940,797.680,0.058489
6.950,800.616,0.042113
6.960,408.055,0.054115
6.970,409.117,0.088097
6.980,412.087,0.058542
6.990,1002.830,0.053340
7.000,32.489,0.080675
7.010,32.925,0.051175
7.020,33.942,0.035375
7.030,44.371,0.012127
7.040,44.789,0.046066
7.050,276.621,0.084345
7.060,291.755,0.097760
7.070,266.230,0.070102
7.080,36.027,0.028621
7.090,33.182,0.042350
7.100,32.930,0.042463
7.110,33.298,0.093901
7.120,32.874,0.014330
7.130,1787.884,0.028005
7.140,1754.133,0.055485
7.150,1758.574,0.132521
7.160,880.313,0.043131
7.170,32.654,0.038518
7.180,32.873,0.019593
7.190,203.168,0.023660
7.200,203.161,0.262268
7.210,217.632,0.187531
7.220,204.387,0.027785
7.230,33.734,0.063706
7.240,48.753,0.107254
7.250,49.153,0.074434
7.260,1948.864,0.030188
7.270,203.539,0.052520
7.280,212.926,0.070429
7.290,210.198,0.100548
7.300,211.726,0.049220
7.310,327.722,0.240623
7.320,332.963,0.339992
7.330,168.084,0.653895
7.340,168.194,0.796418
7.350,168.566,0.863316
7.360,168.259,0.858193
7.370,166.746,0.788404
7.380,165.565,0.681770
7.390,163.757,0.666234
7.400,161.506,0.579431
7.410,160.414,0.250325
7.420,160.438,0.199080
7.430,149.290,0.508994
7.440,149.580,0.677090
7.450,149.612,0.811723
7.460,149.616,0.871985
7.470,150.047,0.835497
7.480,150.364,0.796887
7.490,149.826,0.837996
7.500,149.884,0.869769
7.510,149.951,0.829952
7.520,150.222,0.686053
7.530,150.333,0.783690
7.540,150.519,0.800258
7.550,150.917,0.760611
7.560,149.926,0.702876
7.570,150.704,0.516819
7.580,89.024,0.016286
7.590,85.705,0.009416
7.600,85.134,0.013778
7.610,32.904,0.038431
7.620,32.958,0.402785
7.630,54.380,0.065282
7.640,101.594,0.040676
7.650,101.521,0.090624
7.660,121.915,0.024888
7.670,599.909,0.017940
7.680,44.119,0.019346
7.690,588.669,0.042051
7.700,39.933,0.091150
7.710,137.936,0.155844
7.720,139.825,0.159829
7.730,145.557,0.190461
7.740,147.154,0.177308
7.750,401.064,0.218005
7.760,49.577,0.181212
7.770,120.663,0.062716
7.780,121.314,0.058582
7.790,32.304,0.034521
7.800,32.298,0.033242
7.810,32.389,0.041868
7.820,1003.403,0.009965
7.830,45.596,0.039045
7.840,46.934,0.037535
7.850,1194.265,0.021675
7.860,1599.714,0.045304
7.870,599.958,0.032847
7.880,403.944,0.083559
7.890,405.997,0.068963
7.900,33.113,0.041844
7.910,42.557,0.097380
7.920,100.219,0.032729
7.930,132.631,0.077916
7.940,196.763,0.222569
7.950,198.641,0.542170
7.960,198.764,0.742456
7.970,197.783,0.817414
7.980,197.323,0.890972
7.990,197.078,0.898082
8.000,196.996,0.802886
8.010,197.750,0.585010
8.020,198.492,0.540935
8.030,200.019,0.461129
8.040,588.531,0.064875
8.050,219.165,0.011267
8.060,415.092,0.025886
8.070,32.259,0.017088
8.080,32.166,0.012462
8.090,1336.638,0.004437
8.100,1337.639,0.013649
8.110,1322.171,0.010072
8.120,983.440,0.008465
8.130,975.880,0.018778
8.140,33.621,0.026984
8.150,33.458,0.011417
8.160,1976.890,0.005451
8.170,1398.643,0.014820
8.180,341.435,0.157128
8.190,166.425,0.275338
8.200,167.420,0.719509
8.210,167.080,0.823295
8.220,167.013,0.867456
8.230,166.669,0.832671
8.240,166.196,0.726506
8.250,165.334,0.512939
8.260,49.219,0.024953
8.270,166.012,0.106551
8.280,594.197,0.057841
8.290,329.360,0.117377
8.300,329.320,0.558491
8.310,328.411,0.538058
8.320,333.483,0.063801
8.330,32.904,0.006373
8.340,56.595,0.014655
8.350,334.420,0.146327
8.360,333.788,0.371588
8.370,333.606,0.565677
8.380,331.540,0.175841
8.390,329.756,0.289361
8.400,323.841,0.296994
8.410,290.441,0.340601
8.420,292.220,0.558321
8.430,288.115,0.533378
8.440,291.262,0.561649
8.450,291.659,0.609678
8.460,291.337,0.522490
8.470,293.550,0.168406
8.480,222.887,0.207386
8.490,224.348,0.729409
8.500,223.419,0.829925
8.510,221.772,0.735474
8.520,217.394,0.593763
8.530,214.394,0.575965
8.540,214.082,0.552143
8.550,216.044,0.209983
8.560,220.591,0.125813
8.570,32.768,0.456936
8.580,33.543,0.172717
8.590,39.150,0.028827
8.600,444.182,0.129017
8.610,443.894,0.117284
8.620,443.965,0.146755
8.630,447.547,0.168432
8.640,447.588,0.026285
8.650,290.514,0.205836
8.660,291.513,0.555377
8.670,287.784,0.512687
8.680,288.847,0.492298
8.690,289.493,0.548386
8.700,288.945,0.449644
8.710,290.181,0.345764
8.720,293.699,0.379933
8.730,289.662,0.385474
8.740,296.581,0.352034
8.750,324.685,0.363449
8.760,660.883,0.060477
8.770,57.210,0.017155
8.780,293.301,0.422169
8.790,292.685,0.135419
8.800,32.220,0.107174
8.810,32.831,0.054840
8.820,41.334,0.623964
8.830,41.541,0.743925
8.840,41.594,0.154206
8.850,282.622,0.396904
8.860,281.751,0.324449
8.870,295.077,0.186167
8.880,292.674,0.091652
8.890,289.746,0.095728
8.900,289.373,0.309372
8.910,281.144,0.145281
8.920,534.127,0.285074
8.930,536.285,0.162587
8.940,536.691,0.207444
8.950,296.104,0.054168
8.960,292.501,0.244066
8.970,291.883,0.205035
8.980,292.690,0.166445
8.990,292.743,0.226435
9.000,293.368,0.028159
9.010,1060.674,0.042912
9.020,275.730,0.245598
9.030,269.584,0.169155
9.040,33.160,0.010587
9.050,32.426,0.005209
9.060,1318.855,0.006495
9.070,1314.075,0.009768
9.080,33.293,0.019541
9.090,33.239,0.067371
9.100,33.310,0.073849
9.110,1325.105,0.012887
9.120,1333.674,0.008391
9.130,450.598,0.014224
9.140,450.403,0.141580
9.150,451.263,0.109878
9.160,450.541,0.076434
9.170,450.670,0.152901
9.180,450.851,0.536814
9.190,449.588,0.794464
9.200,446.773,0.704733
9.210,445.033,0.742461
9.220,441.900,0.614167
9.230,441.887,0.372610
9.240,220.186,0.222596
9.250,593.493,0.071698
9.260,1240.655,0.006695
9.270,32.397,0.008157
9.280,33.443,0.128594
9.290,33.189,0.090118
9.300,32.122,0.194987
9.310,31.969,0.094241
9.320,32.108,0.083307
9.330,32.270,0.077047
9.340,32.232,0.014630
9.350,1049.265,0.003437
9.360,541.312,0.037821
9.370,538.992,0.089467
9.380,443.564,0.143238
9.390,537.783,0.089747
9.400,439.404,0.028034
9.410,883.384,0.011852
9.420,1971.824,0.011934
9.430,1970.682,0.024210
9.440,659.241,0.046195
9.450,635.274,0.044474
9.460,1793.085,0.008573
9.470,1778.945,0.014985
9.480,32.904,0.013770
9.490,1321.500,0.023915
9.500,1318.040,0.033705
9.510,546.215,0.220519
9.520,553.948,0.188021
9.530,275.644,0.238349
9.540,580.294,0.184159
9.550,257.054,0.280428
9.560,254.810,0.427809
9.570,253.629,0.352269
9.580,253.373,0.337230
9.590,253.201,0.250333
9.600,83.978,0.103235
9.610,84.052,0.064752
9.620,253.855,0.075840
9.630,249.787,0.098032
9.640,250.933,0.440501
9.650,249.924,0.213487
9.660,254.182,0.309799
9.670,257.893,0.605227
9.680,253.915,0.733443
9.690,251.878,0.884816
9.700,251.537,0.906787
9.710,251.707,0.903209
9.720,251.435,0.883848
9.730,252.560,0.883743
9.740,252.327,0.889116
9.750,252.881,0.828641
9.760,252.577,0.772710
9.770,250.201,0.674320
9.780,248.844,0.528589
9.790,250.109,0.401595
9.800,51.868,0.196035
9.810,252.345,0.531681
9.820,253.315,0.759115
9.830,252.942,0.829257
9.840,251.080,0.824826
9.850,250.806,0.771446
9.860,251.267,0.673832
9.870,253.503,0.532475
9.880,254.450,0.525692
9.890,258.378,0.379112
9.900,264.452,0.373293
9.910,252.702,0.425383
9.920,253.437,0.797409
9.930,253.070,0.875225
9.940,252.878,0.881773
9.950,252.014,0.821526
9.960,251.101,0.697024
9.970,249.384,0.561021
9.980,246.095,0.515750
9.990,245.417,0.302518
10.000,246.960,0.114989
10.010,267.195,0.134096
10.020,32.604,0.014597
10.030,32.368,0.042746
10.040,48.215,0.032328
10.050,48.741,0.014820
10.060,32.201,0.012710
10.070,31.923,0.015883
10.080,32.131,0.006466
10.090,55.783,0.105564
10.100,55.866,0.427018
10.110,56.798,0.358530
10.120,34.089,0.095832
10.130,33.850,0.033352
10.140,1879.845,0.027334
10.150,1968.504,0.036447
10.160,964.328,0.028961
10.170,35.172,0.022649
10.180,33.651,0.167952
10.190,33.127,0.528949
10.200,32.824,0.286867
10.210,56.468,0.056031
10.220,33.419,0.038857
10.230,34.092,0.055191
10.240,35.810,0.042247
10.250,298.132,0.183729
10.260,300.445,0.091125
10.270,32.811,0.115598
10.280,32.629,0.088486
10.290,52.034,0.023616
10.300,52.203,0.023918
10.310,49.395,0.032331
10.320,536.447,0.098260
10.330,534.095,0.217058
10.340,531.034,0.246893
10.350,533.134,0.226878
10.360,533.467,0.272342
10.370,536.758,0.102471
10.380,33.238,0.032482
10.390,33.361,0.057747
10.400,54.696,0.047230
10.410,32.221,0.020711
10.420,55.986,0.030767
10.430,397.205,0.363417
10.440,398.876,0.675268
10.450,399.044,0.700984
10.460,399.938,0.612632
10.470,397.284,0.449851
10.480,397.715,0.169226
10.490,49.112,0.507138
10.500,397.123,0.437785
10.510,32.205,0.065248
10.520,231.644,0.046349
10.530,32.716,0.057128
10.540,51.274,0.031304
10.550,32.291,0.036017
10.560,1046.832,0.026769
10.570,33.042,0.015114
10.580,1178.065,0.010341
10.590,1189.803,0.020291
10.600,1196.193,0.029009
10.610,609.421,0.072814
10.620,404.475,0.107849
10.630,33.232,0.050052
10.640,33.580,0.057077
10.650,33.861,0.028047
10.660,48.557,0.017789
10.670,132.238,0.007008
10.680,393.337,0.152696
10.690,395.383,0.021410
10.700,1177.644,0.018528
10.710,32.745,0.014178
10.720,32.665,0.010715
10.730,55.881,0.059460
10.740,54.749,0.130707
10.750,54.331,0.088247
10.760,36.078,0.061142
10.770,33.004,0.069710
10.780,32.892,0.034334
10.790,32.923,0.014707
10.800,1236.494,0.005395
10.810,51.298,0.016349
10.820,32.223,0.017841
10.830,980.435,0.020026
10.840,56.305,0.331580
10.850,56.303,0.605578
10.860,402.682,0.085099
10.870,407.191,0.060451
10.880,410.178,0.079005
10.890,38.588,0.064008
10.900,196.709,0.065915
10.910,39.277,0.114171
10.920,200.579,0.069531
10.930,49.550,0.112755
10.940,32.978,0.112395
10.950,403.487,0.046915
10.960,33.501,0.047818
10.970,37.631,0.043508
10.980,600.219,0.094574
10.990,446.981,0.040440
11.000,181.751,0.082534
11.010,180.041,0.035413
11.020,32.293,0.026303
11.030,36.134,0.017494
11.040,33.271,0.003580
11.050,202.911,0.011922
11.060,33.511,0.011139
11.070,32.267,0.012700
11.080,32.264,0.012319
11.090,32.180,0.052194
11.100,54.675,0.030901
11.110,54.175,0.011634
11.120,53.509,0.013570
11.130,54.134,0.020333
11.140,37.088,0.015212
11.150,44.818,0.005896
11.160,49.677,0.041306
11.170,50.149,0.008748
11.180,400.043,0.014855
11.190,398.480,0.033685
11.200,399.780,0.280058
11.210,402.857,0.080635
11.220,398.382,0.136652
11.230,398.092,0.049423
11.240,396.627,0.076009
11.250,204.418,0.018329
11.260,35.606,0.074174
11.270,35.123,0.019530
11.280,32.258,0.004627
11.290,47.943,0.008627
11.300,55.966,0.133422
11.310,334.378,0.071127
11.320,335.466,0.248598
11.330,331.512,0.168710
11.340,163.408,0.137148
11.350,161.019,0.149295
11.360,330.351,0.048204
11.370,589.473,0.041615
11.380,32.187,0.022164
11.390,32.368,0.050342
11.400,32.718,0.035370
11.410,33.116,0.032444
11.420,32.599,0.063831
11.430,32.104,0.012924
11.440,150.807,0.022155
11.450,149.894,0.632197
11.460,150.000,0.811122
11.470,150.064,0.836595
11.480,150.949,0.615346
11.490,162.572,0.161890
11.500,167.227,0.148817
11.510,33.162,0.173005
11.520,33.093,0.128630
11.530,33.460,0.105217
11.540,33.438,0.017797
11.550,1960.018,0.011333
11.560,32.304,0.019399
11.570,1203.318,0.010567
11.580,1211.827,0.018728
11.590,1211.511,0.020098
11.600,1189.102,0.041946
11.610,1191.588,0.142087
11.620,276.575,0.059410
11.630,34.503,0.272492
11.640,34.133,0.239835
11.650,42.407,0.125068
11.660,33.348,0.093237
11.670,54.162,0.063663
11.680,50.947,0.050411
11.690,54.309,0.006513
11.700,54.747,0.030393
11.710,54.341,0.043840
11.720,296.370,0.111227
11.730,50.463,0.094314
11.740,152.106,0.054315
11.750,150.756,0.032629
11.760,99.935,0.026338
11.770,49.149,0.030774
11.780,49.338,0.021871
11.790,1012.021,0.072060
11.800,1006.040,0.189823
11.810,143.749,0.205194
11.820,1005.071,0.177391
11.830,1002.379,0.120310
11.840,1000.757,0.095398
11.850,1005.299,0.035795
11.860,1004.952,0.024630
11.870,535.317,0.033638
11.880,204.808,0.052470
11.890,205.087,0.087206
11.900,32.475,0.056640
11.910,32.551,0.057994
11.920,198.937,0.342657
11.930,199.057,0.266676
11.940,197.782,0.041799
11.950,197.135,0.139338
11.960,197.152,0.328908
11.970,198.418,0.319397
11.980,177.843,0.130071
11.990,349.729,0.111320
12.000,32.791,0.031857
12.010,32.815,0.131051
12.020,32.699,0.074907
12.030,32.689,0.046019
12.040,32.455,0.209617
12.050,32.659,0.032623
12.060,994.432,0.013173
12.070,49.150,0.021337
12.080,49.839,0.087909
12.090,32.680,0.020745
12.100,290.280,0.106301
12.110,340.142,0.290963
12.120,332.902,0.479785
12.130,167.772,0.664738
12.140,168.231,0.806543
12.150,168.165,0.849154
12.160,167.900,0.889260
12.170,167.171,0.907627
12.180,166.328,0.862615
12.190,165.897,0.803215
12.200,165.168,0.657407
12.210,163.811,0.632124
12.220,671.876,0.098371
12.230,64.837,0.083265
12.240,54.302,0.017227
12.250,52.482,0.023093
12.260,49.993,0.096024
12.270,333.035,0.021527
12.280,334.038,0.110610
12.290,329.946,0.224993
12.300,331.931,0.029839
12.310,331.912,0.158366
12.320,332.946,0.640930
12.330,264.431,0.072239
12.340,352.500,0.166282
12.350,296.574,0.435414
12.360,291.314,0.432993
12.370,291.477,0.390201
12.380,291.537,0.563594
12.390,290.538,0.685786
12.400,287.424,0.587839
12.410,286.153,0.241199
12.420,287.352,0.306675
12.430,297.391,0.105206
12.440,99.426,0.089547
12.450,241.738,0.056274
12.460,219.935,0.187035
12.470,237.570,0.096222
12.480,239.903,0.192536
12.490,223.112,0.049702
12.500,33.264,0.288925
12.510,34.189,0.185818
12.520,35.083,0.233895
12.530,1214.897,0.013192
12.540,1220.171,0.021327
12.550,1218.237,0.032246
12.560,263.680,0.048708
12.570,1227.097,0.049637
12.580,1316.833,0.065069
12.590,272.350,0.086989
12.600,32.856,0.039747
12.610,33.048,0.142762
12.620,33.885,0.147978
12.630,48.723,0.070111
12.640,144.615,0.156388
12.650,135.045,0.121078
12.660,54.106,0.207187
12.670,52.243,0.256019
12.680,54.485,0.115499
12.690,665.720,0.171090
12.700,288.685,0.775278
12.710,288.065,0.288801
12.720,290.162,0.134381
12.730,33.240,0.133931
12.740,33.621,0.098244
12.750,32.815,0.024247
12.760,55.001,0.058476
12.770,292.339,0.178020
12.780,292.828,0.627557
12.790,294.249,0.551273
12.800,294.429,0.508362
12.810,293.453,0.403076
12.820,291.795,0.252030
12.830,291.554,0.392903
12.840,289.616,0.450827
12.850,285.495,0.310391
12.860,445.089,0.346633
12.870,447.265,0.481246
12.880,448.388,0.514482
12.890,449.632,0.499010
12.900,333.283,0.230170
12.910,445.674,0.250859
12.920,290.809,0.327076
12.930,291.796,0.435750
12.940,291.292,0.420678
12.950,291.808,0.383480
12.960,285.912,0.163855
12.970,335.441,0.060440
12.980,266.593,0.046954
12.990,33.376,0.020613
13.000,32.947,0.009829
13.010,32.223,0.005277
13.020,1309.055,0.007161
13.030,32.385,0.010563
13.040,32.801,0.018926
13.050,33.228,0.076118
13.060,33.601,0.036509
13.070,33.474,0.026098
13.080,33.190,0.024562
13.090,1237.653,0.013187
13.100,1855.910,0.024595
13.110,42.486,0.044096
13.120,37.421,0.013326
13.130,37.373,0.059988
13.140,33.822,0.013964
13.150,1115.118,0.010184
13.160,1974.088,0.019324
13.170,668.657,0.020742
13.180,1338.593,0.031905
13.190,34.547,0.049573
13.200,34.178,0.009198
13.210,1060.932,0.007313
13.220,32.819,0.016342
13.230,32.496,0.080930
13.240,1847.796,0.014884
13.250,1845.985,0.007219
13.260,1323.724,0.009093
13.270,1330.837,0.012193
13.280,1330.811,0.025603
13.290,1325.288,0.027789
13.300,1327.090,0.042579
13.310,446.985,0.122971
13.320,537.354,0.173352
13.330,388.573,0.056933
13.340,381.643,0.079734
13.350,363.244,0.055417
13.360,365.898,0.044931
13.370,364.991,0.047177
13.380,651.820,0.080168
13.390,660.820,0.078678
13.400,661.240,0.098946
13.410,664.559,0.124548
13.420,667.304,0.121869
13.430,448.161,0.108457
13.440,451.390,0.194611
13.450,552.541,0.160805
13.460,552.967,0.060471
13.470,228.400,0.124227
13.480,33.126,0.108143
13.490,32.855,0.141137
13.500,32.877,0.029384
13.510,1170.336,0.008510
13.520,43.351,0.097800
13.530,42.615,0.010794
13.540,1963.601,0.006413
13.550,125.571,0.005853
13.560,1311.765,0.005657
13.570,1191.355,0.016761
13.580,1195.072,0.028046
13.590,256.543,0.103267
13.600,251.440,0.333257
13.610,253.863,0.292414
13.620,253.506,0.231217
13.630,251.198,0.538733
13.640,250.794,0.533919
13.650,252.120,0.103644
13.660,252.912,0.080100
13.670,252.246,0.083208
13.680,252.446,0.243680
13.690,250.573,0.398647
13.700,246.906,0.227153
13.710,35.916,0.124454
13.720,35.952,0.108940
13.730,48.546,0.023415
13.740,48.787,0.021209
13.750,49.207,0.111652
13.760,248.819,0.390039
13.770,248.891,0.096166
13.780,36.095,0.178861
13.790,35.986,0.150537
13.800,126.668,0.146843
13.810,129.097,0.214369
13.820,241.572,0.166421
13.830,273.014,0.093086
13.840,129.474,0.059289
13.850,32.281,0.042034
13.860,62.381,0.264939
13.870,62.649,0.776489
13.880,62.748,0.766493
13.890,63.383,0.262689
13.900,125.250,0.014419
13.910,124.818,0.063890
13.920,251.997,0.179885
13.930,251.109,0.515824
13.940,250.312,0.323200
13.950,83.082,0.200547
13.960,84.489,0.049506
13.970,671.299,0.057139
13.980,32.473,0.544174
13.990,32.263,0.099362
14.000,54.663,0.019061
14.010,1201.808,0.004875
14.020,1187.533,0.013276
14.030,32.357,0.005263
14.040,32.413,0.005665
14.050,33.083,0.032437
14.060,32.576,0.039662
14.070,32.375,0.007843
14.080,1796.846,0.014285
14.090,578.843,0.297972
14.100,32.470,0.025739
14.110,32.387,0.064941
14.120,32.767,0.079526
14.130,49.258,0.010761
14.140,48.870,0.045099
14.150,535.319,0.066291
14.160,224.851,0.174024
14.170,221.550,0.120348
14.180,246.077,0.043110
14.190,250.959,0.048331
14.200,1759.726,0.063823
14.210,32.197,0.040067
14.220,32.917,0.039109
14.230,32.522,0.041245
14.240,32.074,0.036453
14.250,32.385,0.010706
14.260,441.602,0.035570
14.270,444.654,0.132641
14.280,447.070,0.500115
14.290,448.832,0.356953
14.300,448.810,0.192069
14.310,450.781,0.097544
14.320,450.169,0.052595
14.330,1055.114,0.033726
14.340,32.195,0.012723
14.350,32.217,0.005764
14.360,32.313,0.006060
14.370,50.025,0.007098
14.380,199.770,0.020484
14.390,1193.913,0.039917
14.400,198.219,0.440067
14.410,198.705,0.456498
14.420,33.455,0.046547
14.430,33.783,0.023600
14.440,33.184,0.013166
14.450,32.639,0.024529
14.460,32.566,0.185705
14.470,32.470,0.028701
14.480,46.924,0.428615
14.490,46.520,0.166183
14.500,42.685,0.191085
14.510,42.617,0.055030
14.520,32.185,0.007429
14.530,1968.540,0.008440
14.540,1214.276,0.034799
14.550,1211.188,0.032074
14.560,1218.829,0.019795
14.570,32.176,0.054906
14.580,32.712,0.106637
14.590,1963.144,0.013227
14.600,1234.839,0.009078
14.610,990.977,0.016265
14.620,172.684,0.112695
14.630,34.652,0.105481
14.640,44.086,0.055209
14.650,938.319,0.010578
14.660,882.142,0.013908
14.670,58.246,0.021737
14.680,427.536,0.025467
14.690,46.303,0.052063
14.700,32.487,0.021919
14.710,32.268,0.017342
14.720,1762.753,0.015879
14.730,882.303,0.023095
14.740,393.020,0.031908
14.750,380.481,0.012772
14.760,363.096,0.022532
14.770,54.476,0.019974
14.780,54.887,0.009771
14.790,45.344,0.012302
14.800,45.651,0.558414
14.810,45.807,0.431731
14.820,46.147,0.509928
14.830,45.975,0.067865
14.840,412.715,0.052699
14.850,45.475,0.023007
14.860,46.709,0.053052
14.870,32.520,0.075226
14.880,32.536,0.027762
14.890,37.703,0.126141
14.900,32.703,0.073036
14.910,39.290,0.061436
14.920,587.347,0.148333
14.930,582.289,0.139861
14.940,445.955,0.094539
14.950,32.723,0.061163
14.960,32.381,0.090636
14.970,32.415,0.021146
14.980,38.361,0.031158
14.990,38.605,0.037259
15.000,990.886,0.042021
15.010,39.106,0.029427
15.020,39.497,0.005316
15.030,33.915,0.138727
15.040,33.715,0.119677
15.050,49.419,0.009773
15.060,55.088,0.007308
15.070,50.886,0.032387
15.080,51.132,0.537011
15.090,50.439,0.804214
15.100,50.213,0.790250
15.110,49.865,0.573500
15.120,49.710,0.101980
15.130,54.442,0.094731
15.140,134.067,0.053339
15.150,134.939,0.034222
15.160,197.967,0.592748
15.170,198.646,0.576145
15.180,592.468,0.353364
15.190,1184.081,0.048162
15.200,1830.465,0.013857
15.210,169.424,0.018306
15.220,1836.733,0.022825
15.230,1843.917,0.012093
15.240,169.354,0.015877
15.250,167.526,0.057476
15.260,499.793,0.091821
15.270,502.625,0.199440
15.280,503.238,0.127896
15.290,1006.526,0.074277
15.300,1978.215,0.061153
15.310,1002.789,0.086141
15.320,998.956,0.049267
15.330,1972.582,0.044504
15.340,1971.459,0.057431
15.350,1966.912,0.080033
15.360,50.172,0.584900
15.370,50.385,0.798744
15.380,49.993,0.615055
15.390,49.451,0.346796
15.400,48.987,0.314246
15.410,49.365,0.256476
15.420,157.340,0.271739
15.430,32.571,0.090361
15.440,32.874,0.442366
15.450,33.306,0.805183
15.460,33.353,0.800669
15.470,33.020,0.317744
15.480,32.529,0.198541
15.490,32.413,0.375010
15.500,32.329,0.012779
15.510,48.726,0.002898
15.520,48.710,0.011670
15.530,982.518,0.013062
15.540,197.983,0.045181
15.550,33.085,0.016715
15.560,54.453,0.029553
15.570,37.398,0.147004
15.580,37.650,0.193827
15.590,502.551,0.052704
15.600,300.153,0.164282
15.610,299.497,0.101746
15.620,293.194,0.069197
15.630,55.102,0.034407
15.640,599.573,0.137593
15.650,596.574,0.042768
15.660,501.372,0.087578
15.670,596.165,0.066785
15.680,589.499,0.068601
15.690,593.870,0.034523
15.700,1762.442,0.017493
15.710,1762.720,0.009801
15.720,1233.098,0.014670
15.730,1841.541,0.009910
15.740,38.177,0.008845
15.750,1798.284,0.021813
15.760,1789.048,0.042381
15.770,1793.445,0.024177
15.780,35.612,0.047528
15.790,991.547,0.064209
15.800,554.459,0.091936
15.810,194.411,0.224191
15.820,32.184,0.063347
15.830,32.563,0.091023
15.840,32.957,0.055710
15.850,98.769,0.024813
15.860,144.911,0.040435
15.870,193.566,0.065909
15.880,195.854,0.160860
15.890,195.651,0.266689
15.900,197.244,0.113271
15.910,294.940,0.197389
15.920,388.251,0.104248
15.930,340.518,0.042492
15.940,32.242,0.099847
15.950,32.305,0.035584
15.960,32.335,0.041122
15.970,32.224,0.034674
15.980,939.730,0.038757
15.990,116.867,0.038564
16.000,37.680,0.066781
16.010,37.964,0.056044
16.020,32.665,0.040858
16.030,32.873,0.007948
16.040,1978.992,0.018105
16.050,1976.962,0.022017
16.060,999.928,0.006162
16.070,985.431,0.005037
16.080,47.210,0.020326
16.090,47.142,0.050891
16.100,32.418,0.040015
16.110,171.900,0.032188
16.120,165.911,0.025545
16.130,37.754,0.062550
16.140,38.024,0.008487
16.150,966.597,0.032073
16.160,287.103,0.142175
16.170,285.716,0.078330
16.180,32.359,0.289296
16.190,32.497,0.057065
16.200,1218.495,0.047858
16.210,1222.264,0.070179
16.220,1319.206,0.048286
16.230,1316.757,0.021906
16.240,36.973,0.065769
16.250,37.083,0.147794
16.260,38.635,0.014985
16.270,1031.188,0.013687
16.280,353.838,0.171976
16.290,32.214,0.011901
16.300,1319.411,0.022860
16.310,32.529,0.021272
16.320,54.409,0.004474
16.330,1190.988,0.017585
16.340,1195.806,0.035115
16.350,1213.438,0.019483
16.360,1168.937,0.006057
16.370,1973.538,0.015235
16.380,1975.950,0.011670
16.390,1972.002,0.023228
16.400,1183.594,0.004921
16.410,39.066,0.056310
16.420,38.767,0.057704
16.430,32.304,0.020436
16.440,32.352,0.014793
16.450,33.150,0.006825
16.460,33.005,0.015264
16.470,33.093,0.033670
16.480,1216.940,0.013848
16.490,1223.220,0.013458
16.500,1322.288,0.012204
16.510,1324.473,0.081600
16.520,46.764,0.034043
16.530,155.932,0.064485
16.540,162.203,0.034359
16.550,33.172,0.107599
16.560,34.594,0.157243
16.570,294.308,0.101027
16.580,41.270,0.053296
16.590,41.608,0.102993
16.600,294.296,0.007395
16.610,289.554,0.008255
16.620,57.873,0.020791
16.630,288.599,0.165531
16.640,134.768,0.176104
16.650,1101.586,0.060313
16.660,1173.751,0.063795
16.670,32.476,0.027223
16.680,1174.442,0.012557
16.690,58.281,0.193955
16.700,58.309,0.142850
16.710,57.330,0.153336
16.720,291.347,0.448732
16.730,289.735,0.387429
16.740,291.543,0.166480
16.750,289.779,0.046225
16.760,291.027,0.048819
16.770,530.176,0.028697
16.780,530.502,0.119530
16.790,176.875,0.131922
16.800,222.176,0.117976
16.810,224.198,0.269841
16.820,221.840,0.161063
16.830,221.144,0.188091
16.840,222.294,0.442422
16.850,221.543,0.434820
16.860,222.713,0.575870
16.870,221.851,0.691340
16.880,222.659,0.721551
16.890,578.234,0.229733
16.900,181.605,0.192391
16.910,179.837,0.287169
16.920,33.482,0.114588
16.930,177.999,0.038451
16.940,180.626,0.025251
16.950,39.520,0.010904
16.960,33.644,0.174200
16.970,33.302,0.022468
16.980,33.218,0.012019
16.990,32.904,0.012094
17.000,528.321,0.020497
17.010,174.569,0.091231
17.020,174.966,0.078467
17.030,55.650,0.115005
17.040,32.625,0.036013
17.050,32.325,0.132604
17.060,32.745,0.209099
17.070,33.124,0.234300
17.080,33.006,0.035164
17.090,534.031,0.314205
17.100,532.477,0.379313
17.110,530.983,0.296178
17.120,532.359,0.091328
17.130,532.208,0.354694
17.140,533.131,0.103161
17.150,32.482,0.010584
17.160,33.008,0.051104
17.170,32.811,0.016597
17.180,32.928,0.001840
17.190,1320.750,0.008462
17.200,33.033,0.026833
17.210,1319.997,0.256375
17.220,1323.723,0.416541
17.230,666.384,0.394188
17.240,666.018,0.531049
17.250,665.385,0.661839
17.260,665.727,0.419082
17.270,666.330,0.145014
17.280,34.214,0.107031
17.290,34.149,0.360840
17.300,33.661,0.027234
17.310,1969.045,0.011209
17.320,663.210,0.391032
17.330,666.273,0.645723
17.340,666.407,0.694965
17.350,667.559,0.779984
17.360,667.768,0.804596
17.370,668.536,0.756403
17.380,667.245,0.777029
17.390,665.405,0.309760
17.400,1172.171,0.053417
17.410,1166.868,0.019333
17.420,1211.036,0.021464
17.430,49.166,0.067955
17.440,244.191,0.110869
17.450,35.225,0.406853
17.460,35.067,0.427679
17.470,50.355,0.095514
17.480,50.535,0.407589
17.490,51.275,0.078158
17.500,667.962,0.015833
17.510,264.446,0.039017
17.520,32.906,0.005871
17.530,33.499,0.028186
17.540,32.384,0.009944
17.550,1218.226,0.012027
17.560,250.583,0.117769
17.570,251.475,0.172251
17.580,249.721,0.059934
17.590,250.816,0.384935
17.600,250.129,0.627982
17.610,250.931,0.419143
17.620,250.331,0.183606
17.630,1173.113,0.065911
17.640,243.356,0.085293
17.650,397.172,0.041947
17.660,1770.438,0.015845
17.670,1962.806,0.009938
17.680,1965.907,0.005342
17.690,1004.394,0.030812
17.700,1320.707,0.051087
17.710,252.204,0.112239
17.720,251.529,0.653289
17.730,250.824,0.700700
17.740,250.247,0.707497
17.750,248.194,0.469286
17.760,243.125,0.324039
17.770,234.706,0.060536
17.780,33.543,0.406287
17.790,33.395,0.222138
17.800,32.744,0.040857
17.810,264.952,0.140931
17.820,250.679,0.068041
17.830,249.244,0.512617
17.840,127.851,0.078584
17.850,41.662,0.108084
17.860,33.640,0.226313
17.870,34.341,0.010557
17.880,54.631,0.008835
17.890,1194.347,0.018870
17.900,32.241,0.137136
17.910,46.444,0.115523
17.920,32.815,0.071836
17.930,32.678,0.020785
17.940,32.268,0.009860
17.950,1821.047,0.037147
17.960,1787.765,0.017315
17.970,882.400,0.013938
17.980,33.448,0.099139
17.990,33.558,0.017361
18.000,235.875,0.010933
18.010,222.331,0.007850
18.020,80.326,0.037431
18.030,119.688,0.055813
18.040,33.690,0.184689
18.050,33.766,0.363116
18.060,48.648,0.020055
18.070,44.836,0.056954
18.080,99.006,0.027721
18.090,32.249,0.078529
18.100,32.556,0.420455
18.110,32.821,0.093395
18.120,48.863,0.038588
18.130,49.328,0.023404
18.140,35.730,0.009201
18.150,44.374,0.013077
18.160,46.533,0.040456
18.170,51.348,0.032196
18.180,979.600,0.002136
18.190,967.776,0.004830
18.200,962.269,0.009200
18.210,449.839,0.038074
18.220,448.534,0.097586
18.230,450.088,0.051695
18.240,63.971,0.067878
18.250,63.923,0.046550
18.260,32.165,0.091452
18.270,32.201,0.029703
18.280,32.620,0.003005
18.290,197.318,0.049889
18.300,198.129,0.409409
18.310,198.828,0.558586
18.320,199.437,0.595155
18.330,199.579,0.708691
18.340,200.632,0.800781
18.350,201.151,0.734433
18.360,201.373,0.581889
18.370,199.867,0.214993
18.380,32.229,0.106075
18.390,32.090,0.141946
18.400,32.678,0.013219
18.410,1820.906,0.019513
18.420,1824.270,0.007296
18.430,33.224,0.008934
18.440,1967.263,0.012856
18.450,49.789,0.034653
18.460,1255.430,0.018053
18.470,1246.263,0.020019
18.480,986.771,0.011063
18.490,1203.311,0.018843
18.500,32.416,0.127186
18.510,32.676,0.398675
18.520,34.104,0.089256
18.530,55.224,0.002843
18.540,1196.571,0.005144
18.550,1170.596,0.012050
18.560,32.875,0.140723
18.570,32.654,0.152839
18.580,32.385,0.086085
18.590,953.862,0.005846
18.600,54.940,0.025023
18.610,249.155,0.030119
18.620,98.905,0.133056
18.630,99.118,0.073480
18.640,32.550,0.027762
18.650,32.925,0.012588
18.660,32.432,0.014895
18.670,50.619,0.017909
18.680,402.043,0.012062
18.690,1183.359,0.035319
18.700,1186.289,0.068567
18.710,1198.491,0.037384
18.720,55.011,0.023844
18.730,50.918,0.017886
18.740,51.533,0.087719
18.750,592.511,0.034434
18.760,1199.657,0.061850
18.770,33.152,0.177629
18.780,402.812,0.371351
18.790,200.103,0.119355
18.800,402.726,0.222346
18.810,200.289,0.196079
18.820,200.681,0.081163
18.830,996.351,0.027488
18.840,992.564,0.017900
18.850,405.043,0.048394
18.860,587.797,0.101164
18.870,152.332,0.064554
18.880,32.581,0.039615
18.890,32.579,0.071116
18.900,32.101,0.165249
18.910,32.235,0.027765
18.920,33.636,0.009724
18.930,39.961,0.124088
18.940,39.754,0.107609
18.950,33.489,0.218708
18.960,33.395,0.264548
18.970,33.198,0.113193
18.980,32.608,0.012318
18.990,45.366,0.017705
19.000,1206.001,0.006376
19.010,935.795,0.009041
19.020,1773.350,0.005955
19.030,42.171,0.036102
19.040,41.782,0.043028
19.050,39.986,0.010280
19.060,1196.873,0.007496
19.070,592.413,0.163432
19.080,594.212,0.740726
19.090,596.795,0.843126
19.100,600.657,0.722153
19.110,599.382,0.258165
19.120,1212.017,0.023789
19.130,32.423,0.011980
19.140,32.276,0.015173
19.150,32.269,0.003512
19.160,41.749,0.011363
19.170,1849.545,0.019244
19.180,33.740,0.115312
19.190,32.905,0.133871
19.200,32.441,0.140142
19.210,32.269,0.138927
19.220,32.281,0.173199
19.230,32.176,0.071347
19.240,33.573,0.052294
19.250,33.381,0.054140
19.260,32.502,0.035473
19.270,49.519,0.032768
19.280,48.507,0.236416
19.290,49.011,0.204256
19.300,49.870,0.074006
19.310,50.079,0.210064
19.320,49.874,0.536796
19.330,49.633,0.699343
19.340,50.000,0.591983
19.350,50.101,0.111237
19.360,1193.707,0.036160
19.370,1183.415,0.026018
19.380,1163.622,0.011034
19.390,32.606,0.010254
19.400,1963.330,0.009458
19.410,1089.594,0.007571
19.420,1029.320,0.017759
19.430,205.617,0.028577
19.440,1744.390,0.028367
19.450,1754.910,0.036994
19.460,1784.260,0.023647
19.470,1769.109,0.026293
19.480,1769.471,0.014689
19.490,42.667,0.037693
19.500,35.237,0.010875
19.510,43.882,0.073989
19.520,44.764,0.065829
19.530,33.742,0.045109
19.540,33.239,0.160679
19.550,33.519,0.189121
19.560,33.123,0.095500
19.570,1217.581,0.022168
19.580,299.007,0.136860
19.590,296.675,0.045531
19.600,43.969,0.031150
19.610,134.765,0.083831
19.620,33.123,0.060004
19.630,1841.319,0.009901
19.640,1855.481,0.015266
19.650,1872.892,0.023992
19.660,1463.889,0.021847
19.670,1791.480,0.022759
19.680,891.401,0.009859
19.690,1792.913,0.026369
19.700,1183.518,0.049764
19.710,1788.910,0.039666
19.720,500.977,0.059901
19.730,996.944,0.064089
19.740,596.368,0.093718
19.750,176.745,0.040496
19.760,32.523,0.012394
19.770,32.478,0.021547
19.780,32.858,0.016028
19.790,32.898,0.202249
19.800,32.771,0.538143
19.810,32.838,0.126089
19.820,100.005,0.002468
19.830,105.024,0.008796
19.840,98.450,0.037639
19.850,198.278,0.127696
19.860,263.625,0.047791
19.870,32.535,0.072461
19.880,32.521,0.083158
19.890,32.491,0.015350
19.900,1314.269,0.005872
19.910,41.176,0.008369
19.920,203.012,0.019410
19.930,50.800,0.027409
19.940,1757.986,0.018239
19.950,996.145,0.017986
19.960,1965.222,0.020238
19.970,1969.892,0.014619
19.980,1190.613,0.012335
19.990,133.096,0.024900
20.000,329.856,0.017009
20.010,32.843,0.116513
20.020,32.940,0.045390
20.030,335.542,0.027510
20.040,48.588,0.043974
20.050,33.547,0.194015
20.060,32.718,0.107896
20.070,55.018,0.056588
20.080,55.098,0.188754
20.090,594.767,0.148975
20.100,992.810,0.020054
20.110,32.229,0.108955
20.120,32.228,0.136435
20.130,32.415,0.043091
20.140,32.756,0.011118
20.150,55.115,0.040623
20.160,264.706,0.095707
20.170,263.996,0.166593
20.180,132.345,0.137161
20.190,132.454,0.044046
20.200,33.151,0.050974
20.210,265.430,0.129881
20.220,129.598,0.117807
20.230,1338.723,0.010922
20.240,268.945,0.215994
20.250,37.423,0.204167
20.260,32.918,0.137053
20.270,32.694,0.060523
20.280,54.257,0.060206
20.290,268.176,0.069668
20.300,983.254,0.020850
20.310,54.938,0.147409
20.320,33.438,0.021289
20.330,33.626,0.119544
20.340,33.029,0.127013
20.350,32.349,0.006723
20.360,32.264,0.010020
20.370,1011.612,0.010250
20.380,995.228,0.011245
20.390,34.723,0.016226
20.400,34.786,0.022774
20.410,51.735,0.086914
20.420,51.810,0.407916
20.430,52.001,0.055730
20.440,133.955,0.137524
20.450,133.211,0.579544
20.460,546.174,0.212170
20.470,97.574,0.063998
20.480,148.467,0.049167
20.490,33.004,0.042597
20.500,73.010,0.225788
20.510,72.741,0.103810
20.520,98.399,0.139661
20.530,98.134,0.183368
20.540,49.423,0.037864
20.550,297.482,0.028599
20.560,55.860,0.069807
20.570,55.570,0.115681
20.580,48.931,0.049185
20.590,48.814,0.096401
20.600,48.367,0.045789
20.610,32.449,0.028291
20.620,32.397,0.111393
20.630,32.356,0.163516
20.640,32.925,0.015956
20.650,1315.006,0.010996
20.660,996.789,0.038922
20.670,661.916,0.061242
20.680,1324.145,0.128411
20.690,1332.730,0.070570
20.700,1333.498,0.110963
20.710,1334.747,0.150341
20.720,669.099,0.070110
20.730,540.370,0.075539
20.740,541.832,0.051928
20.750,173.918,0.032833
20.760,172.785,0.129209
20.770,168.901,0.199858
20.780,167.789,0.185913
20.790,532.724,0.057655
20.800,447.070,0.021039
20.810,450.111,0.025997
20.820,225.635,0.061941
20.830,587.612,0.174280
20.840,585.284,0.172484
20.850,33.006,0.049432
20.860,34.094,0.524475
20.870,33.603,0.133234
20.880,32.987,0.034415
20.890,32.618,0.015571
20.900,1976.487,0.009650
20.910,1221.957,0.027790
20.920,1203.433,0.018559
20.930,1197.913,0.019580
20.940,33.319,0.023510
20.950,33.036,0.024249
20.960,32.973,0.047972
20.970,33.541,0.091876
20.980,33.336,0.147532
20.990,33.371,0.034821
21.000,1391.090,0.002229
21.010,1222.800,0.007678
21.020,1972.019,0.011840
21.030,1971.519,0.026258
21.040,1597.022,0.033164
21.050,531.803,0.137023
21.060,533.191,0.582395
21.070,534.333,0.595837
21.080,535.618,0.436626
21.090,135.771,0.172521
21.100,33.153,0.047763
21.110,1972.606,0.046302
21.120,35.419,0.009134
21.130,1331.727,0.003277
21.140,1323.940,0.004182
21.150,1311.677,0.007172
21.160,662.367,0.038096
21.170,672.726,0.080513
21.180,1326.052,0.118327
21.190,331.347,0.119218
21.200,333.800,0.094734
21.210,335.136,0.168103
21.220,34.097,0.053636
21.230,33.965,0.046326
21.240,1983.937,0.120479
21.250,1978.449,0.052290
21.260,673.509,0.030028
21.270,665.952,0.240141
21.280,667.361,0.623798
21.290,668.905,0.398599
21.300,669.681,0.294439
21.310,1986.267,0.206565
21.320,669.964,0.125438
21.330,32.254,0.050244
21.340,32.363,0.034840
21.350,32.284,0.013763
21.360,32.226,0.002746
21.370,1750.946,0.010979
21.380,1762.621,0.027365
21.390,35.015,0.092564
21.400,35.206,0.288657
21.410,35.218,0.312709
21.420,35.902,0.202665
21.430,126.682,0.081181
21.440,251.625,0.311249
21.450,249.806,0.520418
21.460,249.135,0.334393
21.470,35.327,0.112753
21.480,249.798,0.294013
21.490,250.093,0.354596
21.500,32.059,0.011647
21.510,32.317,0.022464
21.520,83.862,0.017208
21.530,122.289,0.048818
21.540,251.165,0.030962
21.550,244.048,0.100124
21.560,244.280,0.320658
21.570,259.445,0.325975
21.580,261.801,0.065738
21.590,32.279,0.033466
21.600,32.126,0.059420
21.610,35.965,0.176391
21.620,35.559,0.118599
21.630,35.414,0.204370
21.640,35.458,0.090129
21.650,54.157,0.047435
21.660,118.708,0.008115
21.670,32.765,0.101480
21.680,117.609,0.125427
21.690,118.739,0.324939
21.700,238.492,0.321985
21.710,269.175,0.232660
21.720,131.977,0.076073
21.730,32.588,0.044920
21.740,32.520,0.086674
21.750,128.621,0.172155
21.760,124.228,0.016317
21.770,40.841,0.013226
21.780,1030.304,0.020564
21.790,251.660,0.049853
21.800,986.508,0.008478
21.810,32.206,0.014920
21.820,32.201,0.002898
21.830,32.169,0.001835
21.840,32.108,0.007607
21.850,35.610,0.025013
21.860,35.606,0.035310
21.870,35.394,0.058118
21.880,32.259,0.027891
21.890,32.330,0.013185
21.900,34.360,0.020321
21.910,34.840,0.033111
21.920,1877.523,0.008211
21.930,1966.559,0.030474
21.940,119.827,0.066669
21.950,119.897,0.024681
21.960,33.471,0.236407
21.970,32.566,0.159100
21.980,54.368,0.009144
21.990,45.150,0.007359
22.000,46.395,0.004644
22.010,45.151,0.026350
22.020,44.799,0.007241
22.030,980.630,0.036021
22.040,884.857,0.046542
22.050,300.034,0.141178
22.060,247.114,0.087782
22.070,40.449,0.018964
22.080,40.398,0.166728
22.090,41.113,0.004467
22.100,1226.912,0.005607
22.110,1221.657,0.006020
22.120,32.140,0.006575
22.130,55.356,0.001361
22.140,54.826,0.019452
22.150,32.940,0.141117
22.160,32.930,0.450738
22.170,33.217,0.279744
22.180,33.380,0.061013
22.190,877.976,0.034795
22.200,32.138,0.018321
22.210,96.712,0.020058
22.220,197.595,0.079373
22.230,200.896,0.157680
22.240,201.818,0.189213
22.250,201.161,0.184337
22.260,49.817,0.476370
22.270,212.104,0.263872
22.280,205.033,0.298971
22.290,201.295,0.155207
22.300,197.488,0.245321
22.310,197.436,0.354186
22.320,198.400,0.259620
22.330,49.347,0.019528
22.340,99.838,0.031723
22.350,33.387,0.114966
22.360,33.485,0.235200
22.370,33.475,0.020628
22.380,49.567,0.034295
22.390,49.816,0.137381
22.400,51.435,0.042102
22.410,54.069,0.063586
22.420,49.659,0.049088
22.430,217.569,0.033417
22.440,38.821,0.040714
22.450,33.561,0.482305
22.460,33.007,0.078997
22.470,1761.979,0.011705
22.480,1855.053,0.010432
22.490,403.797,0.056546
22.500,401.930,0.033781
22.510,658.921,0.037160
22.520,978.607,0.044749
22.530,987.561,0.013066
22.540,32.058,0.038358
22.550,32.826,0.186734
22.560,33.037,0.071326
22.570,33.551,0.505496
22.580,33.226,0.079767
22.590,33.127,0.045662
22.600,1790.113,0.035777
22.610,1967.232,0.043659
22.620,1864.531,0.024245
22.630,1852.270,0.016285
22.640,592.792,0.044102
22.650,48.718,0.039807
22.660,594.156,0.065014
22.670,45.227,0.242620
22.680,44.595,0.194008
22.690,598.584,0.321441
22.700,601.831,0.186932
22.710,501.707,0.335617
22.720,99.782,0.541201
22.730,99.675,0.695971
22.740,99.438,0.742061
22.750,99.885,0.739846
22.760,100.414,0.584094
22.770,403.197,0.392205
22.780,402.801,0.610403
22.790,590.134,0.117594
22.800,268.580,0.077139
22.810,132.757,0.089371
22.820,32.505,0.019042
22.830,47.548,0.040128
22.840,100.066,0.134166
22.850,100.386,0.123210
22.860,32.769,0.372542
22.870,32.246,0.039032
22.880,45.149,0.027447
22.890,48.692,0.003519
22.900,32.694,0.024156
22.910,32.263,0.010437
22.920,1218.618,0.005708
22.930,141.034,0.035452
22.940,32.474,0.014230
22.950,144.730,0.040170
22.960,49.655,0.096223
22.970,33.238,0.259515
22.980,33.046,0.464932
22.990,197.479,0.072663
23.000,202.244,0.157786
23.010,594.868,0.145894
23.020,588.539,0.106304
23.030,1193.609,0.286509
23.040,594.368,0.296264
23.050,32.665,0.147171
23.060,32.628,0.360006
23.070,36.360,0.483732
23.080,36.769,0.778532
23.090,36.712,0.785887
23.100,36.253,0.013989
23.110,1218.305,0.018809
23.120,994.037,0.010112
23.130,165.936,0.020545
23.140,165.279,0.091216
23.150,165.759,0.268412
23.160,502.988,0.227034
23.170,503.070,0.208675
23.180,502.444,0.357087
23.190,503.810,0.220234
23.200,502.349,0.072912
23.210,34.277,0.054608
23.220,999.903,0.118952
23.230,49.770,0.181634
23.240,49.639,0.386190
23.250,49.509,0.453774
23.260,49.964,0.138291
23.270,36.636,0.118012
23.280,36.552,0.511178
23.290,33.467,0.487673
23.300,33.166,0.500090
23.310,33.006,0.578742
23.320,32.779,0.511109
23.330,32.846,0.675242
23.340,32.879,0.809439
23.350,32.965,0.833545
23.360,32.998,0.148112
23.370,53.967,0.120317
23.380,99.922,0.086750
23.390,700.131,0.011075
23.400,56.974,0.093842
23.410,55.704,0.034039
23.420,1185.387,0.040697
23.430,987.738,0.033757
23.440,1771.646,0.029205
23.450,1797.882,0.008496
23.460,33.154,0.214828
23.470,32.837,0.338070
23.480,32.322,0.027110
23.490,49.094,0.272082
23.500,49.442,0.247114
23.510,496.808,0.014771
23.520,1467.618,0.006971
23.530,1793.361,0.007411
23.540,596.902,0.025187
23.550,1168.676,0.022595
23.560,176.174,0.018100
23.570,327.878,0.037925
23.580,163.804,0.037742
23.590,596.492,0.045144
23.600,806.355,0.015257
23.610,1783.490,0.037121
23.620,44.813,0.015953
23.630,1771.799,0.045794
23.640,1774.443,0.009838
23.650,1778.635,0.028086
23.660,1786.331,0.052200
23.670,1120.851,0.046954
23.680,32.209,0.004786
23.690,32.420,0.008700
23.700,32.896,0.007671
23.710,54.538,0.010794
23.720,99.863,0.102209
23.730,201.493,0.015668
23.740,203.741,0.074361
23.750,1779.720,0.069973
23.760,1791.920,0.115269
23.770,899.177,0.084796
23.780,587.600,0.180092
23.790,396.132,0.036827
23.800,32.881,0.008622
23.810,1791.960,0.008799
23.820,33.621,0.012198
23.830,1146.543,0.023774
23.840,554.544,0.067535
23.850,547.556,0.019749
23.860,32.283,0.013456
23.870,32.399,0.047177
23.880,1973.547,0.056229
23.890,1977.570,0.061923
23.900,1000.008,0.051259
23.910,1025.248,0.016061
23.920,169.898,0.037031
23.930,32.775,0.018729
23.940,33.221,0.093086
23.950,85.219,0.420199
23.960,84.659,0.027472
23.970,54.616,0.039009
23.980,43.653,0.009469
23.990,1008.111,0.043785
24.000,503.377,0.370345
24.010,503.446,0.806300
24.020,504.553,0.742119
24.030,503.118,0.526940
24.040,1007.114,0.063914
24.050,33.299,0.122516
24.060,32.925,0.059034
24.070,32.636,0.032595
24.080,1973.358,0.022022
24.090,523.222,0.408838
24.100,264.721,0.169883
24.110,529.594,0.131353
24.120,33.423,0.061782
24.130,33.422,0.170028
24.140,32.790,0.067233
24.150,352.984,0.102864
24.160,32.506,0.103607
24.170,32.446,0.317622
24.180,32.762,0.297938
24.190,49.344,0.028162
24.200,54.256,0.167153
24.210,110.657,0.082545
24.220,135.121,0.026465
24.230,1638.582,0.015585
24.240,269.144,0.044687
24.250,33.201,0.040659
24.260,33.106,0.041646
24.270,33.687,0.192608
24.280,33.807,0.021974
24.290,1845.031,0.005814
24.300,1844.287,0.009352
24.310,1840.242,0.005535
24.320,32.247,0.008160
24.330,32.128,0.007196
24.340,49.034,0.001616
24.350,49.230,0.018272
24.360,1106.146,0.007065
24.370,1086.800,0.025109
24.380,537.134,0.067766
24.390,274.585,0.217503
24.400,294.902,0.419942
24.410,292.249,0.329179
24.420,291.078,0.113516
24.430,291.359,0.150245
24.440,289.704,0.302393
24.450,278.692,0.158304
24.460,586.192,0.116474
24.470,136.355,0.057199
24.480,290.289,0.060097
24.490,662.537,0.143834
24.500,288.704,0.234280
24.510,291.003,0.236746
24.520,224.415,0.032230
24.530,48.492,0.016920
24.540,1872.481,0.012966
24.550,32.502,0.025271
24.560,1322.726,0.050761
24.570,1321.966,0.117604
24.580,1315.923,0.033015
24.590,1974.269,0.040736
24.600,1318.838,0.026609
24.610,32.242,0.016090
24.620,290.410,0.035679
24.630,288.651,0.091338
24.640,286.142,0.077967
24.650,32.905,0.171719
24.660,32.704,0.370300
24.670,32.814,0.073806
24.680,448.101,0.052486
24.690,446.074,0.106289
24.700,221.950,0.175803
24.710,221.908,0.172531
24.720,222.149,0.132723
24.730,221.298,0.088376
24.740,883.657,0.046731
24.750,1321.110,0.017095
24.760,446.682,0.116774
24.770,166.988,0.190735
24.780,167.578,0.198372
24.790,33.122,0.090645
24.800,32.556,0.062774
24.810,167.816,0.041095
24.820,32.624,0.007133
24.830,32.997,0.019279
24.840,34.028,0.022607
24.850,34.409,0.003646
24.860,34.257,0.013452
24.870,974.158,0.020401
24.880,273.851,0.049137
24.890,33.884,0.073516
24.900,276.076,0.100646
24.910,270.890,0.043813
24.920,32.626,0.035725
24.930,32.846,0.038974
24.940,33.509,0.094805
24.950,33.705,0.114782
24.960,530.279,0.156332
24.970,531.013,0.770348
24.980,533.216,0.743314
24.990,531.107,0.594608
25.000,528.056,0.195309
25.010,33.442,0.066798
25.020,329.088,0.065371
25.030,33.809,0.028463
25.040,45.783,0.121090
25.050,33.313,0.075660
25.060,45.022,0.052082
25.070,33.575,0.060271
25.080,1986.791,0.059101
25.090,667.456,0.135353
25.100,667.328,0.600840
25.110,668.440,0.737146
25.120,669.363,0.694919
25.130,669.631,0.575967
25.140,670.478,0.281303
25.150,33.430,0.078576
25.160,32.960,0.141721
25.170,32.781,0.058775
25.180,38.592,0.034466
25.190,1326.019,0.068200
25.200,1984.869,0.117371
25.210,1986.751,0.112075
25.220,667.385,0.227510
25.230,665.255,0.293496
25.240,1326.692,0.283778
25.250,277.154,0.054194
25.260,224.400,0.119703
25.270,248.671,0.068649
25.280,1731.817,0.020501
25.290,885.430,0.017055
25.300,938.286,0.018550
25.310,990.367,0.006120
25.320,1429.976,0.030289
25.330,32.060,0.027107
25.340,32.132,0.027764
25.350,1115.247,0.020465
25.360,1687.110,0.030573
25.370,32.173,0.018412
25.380,1107.784,0.036390
25.390,49.351,0.052504
25.400,246.470,0.090076
25.410,32.222,0.054609
25.420,35.687,0.280085
25.430,35.646,0.639391
25.440,35.590,0.338672
25.450,62.820,0.112722
25.460,251.935,0.072758
25.470,251.795,0.122565
25.480,1769.322,0.043254
25.490,1796.603,0.035186
25.500,258.363,0.080082
25.510,597.147,0.080472
25.520,1814.901,0.105737
25.530,1829.615,0.043197
25.540,1825.060,0.035970
25.550,1924.860,0.019405
25.560,1161.591,0.030113
25.570,1121.699,0.032471
25.580,1117.172,0.017883
25.590,1078.277,0.059213
25.600,258.833,0.067447
25.610,261.708,0.212428
25.620,267.624,0.317649
25.630,268.903,0.082531
25.640,276.640,0.175118
25.650,270.668,0.169998
25.660,1122.547,0.036783
25.670,1035.879,0.015670
25.680,1032.900,0.011332
25.690,1045.343,0.009789
25.700,531.231,0.068492
25.710,1824.806,0.012487
25.720,1802.212,0.007851
25.730,954.527,0.009951
25.740,114.107,0.068213
25.750,116.126,0.114046
25.760,263.273,0.087236
25.770,266.941,0.057182
25.780,56.936,0.022513
25.790,33.579,0.011993
25.800,33.833,0.020957
25.810,32.950,0.039811
25.820,35.230,0.054569
25.830,33.219,0.022485
25.840,32.403,0.075171
25.850,32.247,0.115769
25.860,32.622,0.050199
25.870,32.834,0.015079
25.880,52.646,0.042154
25.890,1178.283,0.059338
25.900,33.452,0.155631
25.910,33.217,0.269714
25.920,33.241,0.066725
25.930,54.296,0.006664
25.940,220.361,0.029634
25.950,1970.242,0.019571
25.960,1970.628,0.020639
25.970,32.559,0.012237
25.980,103.947,0.017090
25.990,1196.471,0.066793
26.000,1191.809,0.145265
26.010,1211.349,0.027597
26.020,1835.838,0.017106
26.030,1218.075,0.005738
26.040,1218.771,0.003416
26.050,1060.725,0.010584
26.060,1061.215,0.033374
26.070,1073.599,0.039879
26.080,267.750,0.051685
26.090,32.827,0.016808
26.100,84.070,0.012853
26.110,33.081,0.004301
26.120,36.913,0.008517
26.130,931.062,0.017548
26.140,180.529,0.007108
26.150,198.435,0.058044
26.160,199.334,0.182111
26.170,201.184,0.304635
26.180,201.335,0.064038
26.190,201.197,0.282233
26.200,200.902,0.584129
26.210,199.434,0.523263
26.220,199.514,0.529629
26.230,202.963,0.158097
26.240,203.634,0.130370
26.250,394.838,0.044575
26.260,147.155,0.040249
26.270,32.364,0.135811
26.280,32.414,0.027932
26.290,1965.908,0.014238
26.300,1967.060,0.012980
26.310,1962.480,0.011036
26.320,99.128,0.034821
26.330,51.552,0.120325
26.340,51.607,0.338037
26.350,50.815,0.010053
26.360,326.964,0.060640
26.370,36.639,0.201274
26.380,36.132,0.305107
26.390,33.277,0.109177
26.400,40.383,0.012493
26.410,1194.811,0.008506
26.420,263.774,0.007813
26.430,789.955,0.010857
26.440,32.422,0.050576
26.450,32.593,0.030932
26.460,204.897,0.022847
26.470,1206.169,0.050120
26.480,1207.685,0.025006
26.490,32.328,0.013799
26.500,32.237,0.126691
26.510,32.385,0.238587
26.520,32.175,0.011217
26.530,1217.023,0.014997
26.540,1847.567,0.022238
26.550,32.260,0.026278
26.560,32.347,0.030995
26.570,32.295,0.011288
26.580,1223.373,0.012531
26.590,50.033,0.061221
26.600,50.674,0.019879
26.610,32.294,0.038000
26.620,32.489,0.051795
26.630,32.690,0.018378
26.640,166.973,0.057989
26.650,195.918,0.260278
26.660,196.076,0.203292
26.670,198.052,0.207955
26.680,199.613,0.534370
26.690,200.948,0.244626
26.700,200.848,0.445331
26.710,200.572,0.502442
26.720,200.398,0.443268
26.730,200.722,0.099647
26.740,280.430,0.050101
26.750,32.487,0.009022
26.760,35.853,0.092248
26.770,36.103,0.235778
26.780,35.318,0.038067
26.790,34.260,0.068952
26.800,34.359,0.025721
26.810,34.011,0.056441
26.820,132.839,0.018667
26.830,33.478,0.015808
26.840,33.255,0.005875
26.850,32.386,0.027344
26.860,33.510,0.016039
26.870,33.544,0.084140
26.880,33.814,0.074000
26.890,33.983,0.072487
26.900,39.609,0.122380
26.910,39.663,0.013883
26.920,45.304,0.061864
26.930,32.763,0.051667
26.940,592.710,0.047040
26.950,595.297,0.458102
26.960,594.225,0.739531
26.970,594.764,0.857283
26.980,597.354,0.881274
26.990,599.571,0.763968
27.000,607.077,0.066660
27.010,33.932,0.018236
27.020,34.148,0.155205
27.030,34.181,0.230449
27.040,33.436,0.012557
27.050,54.429,0.020120
27.060,32.178,0.038042
27.070,32.267,0.054768
27.080,32.167,0.029473
27.090,996.919,0.009133
27.100,996.853,0.007469
27.110,1961.977,0.006515
27.120,993.719,0.005627
27.130,1768.652,0.012699
27.140,32.263,0.073123
27.150,49.080,0.135991
27.160,49.160,0.225948
27.170,49.392,0.074668
27.180,1788.992,0.068739
27.190,34.503,0.167683
27.200,1003.455,0.088642
27.210,1006.695,0.049680
27.220,500.878,0.016423
27.230,1171.873,0.028106
27.240,1159.800,0.019360
27.250,866.154,0.016332
27.260,32.911,0.018802
27.270,32.921,0.015066
27.280,1328.218,0.009405
27.290,978.005,0.014578
27.300,35.913,0.069400
27.310,37.559,0.070769
27.320,35.501,0.017563
27.330,39.156,0.023145
27.340,980.074,0.008028
27.350,988.608,0.023698
27.360,48.425,0.006220
27.370,38.517,0.029068
27.380,38.961,0.419264
27.390,38.760,0.064650
27.400,33.126,0.043313
27.410,32.863,0.215617
27.420,32.433,0.161156
27.430,32.434,0.041254
27.440,32.402,0.009918
27.450,55.174,0.065650
27.460,54.451,0.041632
27.470,1793.309,0.042804
27.480,1794.828,0.056202
27.490,1789.327,0.031220
27.500,1788.183,0.031458
27.510,1224.973,0.011284
27.520,1222.745,0.013740
27.530,1733.667,0.042890
27.540,32.442,0.036049
27.550,49.374,0.195621
27.560,1195.692,0.037404
27.570,1200.753,0.039300
27.580,1211.887,0.009973
27.590,43.827,0.062712
27.600,43.920,0.307567
27.610,43.410,0.037834
27.620,33.010,0.043768
27.630,33.121,0.134586
27.640,32.858,0.065804
27.650,1978.100,0.027463
27.660,1975.618,0.017957
27.670,399.600,0.085092
27.680,398.796,0.093650
27.690,1850.111,0.008267
27.700,1849.414,0.007303
27.710,197.740,0.038384
27.720,195.156,0.132078
27.730,138.321,0.089907
27.740,32.595,0.013036
27.750,32.839,0.035474
27.760,33.102,0.019108
27.770,33.114,0.013047
27.780,32.532,0.034718
27.790,32.218,0.004926
27.800,290.223,0.029216
27.810,1192.933,0.022925
27.820,1800.550,0.006845
27.830,1973.806,0.014267
27.840,1221.745,0.008181
27.850,658.432,0.050592
27.860,1221.846,0.012042
27.870,33.425,0.006760
27.880,33.119,0.209129
27.890,36.776,0.178740
27.900,36.491,0.318151
27.910,1963.651,0.004284
27.920,55.187,0.033260
27.930,168.268,0.071236
27.940,32.746,0.102664
27.950,166.302,0.049310
27.960,496.359,0.067805
27.970,502.189,0.038773
27.980,32.404,0.274426
27.990,32.415,0.202761
28.000,32.303,0.009435
28.010,38.821,0.005999
28.020,32.077,0.015332
28.030,32.611,0.010984
28.040,32.356,0.010496
28.050,1019.214,0.014952
28.060,1028.195,0.025666
28.070,99.329,0.062113
28.080,545.839,0.132753
28.090,292.167,0.494554
28.100,290.264,0.584323
28.110,284.802,0.459771
28.120,284.830,0.426326
28.130,282.211,0.460547
28.140,274.979,0.476470
28.150,267.150,0.106731
28.160,49.307,0.070194
28.170,106.563,0.135254
28.180,98.961,0.196703
28.190,529.426,0.012676
28.200,40.301,0.042039
28.210,1000.492,0.050183
28.220,200.516,0.074650
28.230,200.395,0.012708
28.240,33.424,0.068977
28.250,33.355,0.040789
28.260,1848.496,0.005658
28.270,48.202,0.008323
28.280,32.927,0.005582
28.290,49.462,0.044514
28.300,33.487,0.026048
28.310,33.861,0.385542
28.320,330.458,0.158665
28.330,280.675,0.322421
28.340,295.636,0.303407
28.350,158.883,0.085932
28.360,32.758,0.084314
28.370,291.417,0.240322
28.380,291.461,0.293374
28.390,294.857,0.026223
28.400,100.980,0.066995
28.410,301.123,0.254161
28.420,145.740,0.126152
28.430,32.739,0.040256
28.440,32.736,0.679527
28.450,32.614,0.129454
28.460,1581.570,0.065499
28.470,38.680,0.042740
28.480,1631.202,0.051860
28.490,290.255,0.124093
28.500,289.603,0.321332
28.510,289.037,0.038454
28.520,284.004,0.163950
28.530,284.158,0.445617
28.540,290.526,0.279252
28.550,1976.985,0.023712
28.560,32.793,0.055188
28.570,47.588,0.045489
28.580,1322.286,0.015189
28.590,1979.359,0.056175
28.600,515.494,0.029058
28.610,520.906,0.042559
28.620,531.264,0.030488
28.630,33.246,0.017432
28.640,32.813,0.025579
28.650,32.951,0.048199
28.660,534.157,0.030338
28.670,534.483,0.210877
28.680,531.139,0.078880
28.690,1612.465,0.029517
28.700,268.848,0.141803
28.710,262.603,0.145465
28.720,32.685,0.074782
28.730,32.989,0.056557
28.740,33.064,0.022867
28.750,245.930,0.022600
28.760,250.705,0.011484
28.770,525.292,0.123453
28.780,525.429,0.081931
28.790,1965.557,0.025005
28.800,1850.362,0.043175
28.810,1963.349,0.014046
28.820,32.971,0.008759
28.830,33.252,0.026661
28.840,34.049,0.015068
28.850,1316.340,0.013432
28.860,155.099,0.034603
28.870,1334.818,0.037336
28.880,33.058,0.024124
28.890,1068.885,0.008843
28.900,529.239,0.020618
28.910,526.180,0.069679
28.920,528.208,0.276300
28.930,529.033,0.565812
28.940,530.127,0.622383
28.950,531.984,0.418576
28.960,1072.193,0.040627
28.970,32.293,0.015747
28.980,55.933,0.008192
28.990,50.227,0.007388
29.000,49.653,0.006486
29.010,49.239,0.027082
29.020,1336.818,0.079168
29.030,1331.349,0.274678
29.040,1334.001,0.296154
29.050,668.170,0.311260
29.060,670.798,0.255416
29.070,675.525,0.096218
29.080,46.344,0.040676
29.090,46.541,0.045877
29.100,47.238,0.076695
29.110,47.890,0.013358
29.120,1327.445,0.022619
29.130,1328.222,0.105843
29.140,671.027,0.255739
29.150,670.063,0.185210
29.160,668.534,0.229807
29.170,1334.711,0.169308
29.180,1325.358,0.198435
29.190,33.252,0.105079
29.200,32.740,0.492009
29.210,556.752,0.096038
29.220,125.468,0.325389
29.230,123.729,0.153508
29.240,36.064,0.064191
29.250,42.999,0.421108
29.260,43.054,0.392557
29.270,253.516,0.092611
29.280,254.711,0.763911
29.290,255.250,0.716886
29.300,255.047,0.742753
29.310,254.780,0.583294
29.320,251.102,0.398816
29.330,245.689,0.436378
29.340,246.096,0.304432
29.350,38.529,0.124543
29.360,37.883,0.190385
29.370,35.265,0.172283
29.380,34.583,0.396820
29.390,34.421,0.475097
29.400,54.109,0.093647
29.410,53.996,0.131566
29.420,98.939,0.079665
29.430,253.271,0.082793
29.440,249.967,0.134912
29.450,246.939,0.219770
29.460,243.192,0.028618
29.470,32.953,0.054990
29.480,32.254,0.075113
29.490,32.111,0.101045
29.500,32.713,0.251048
29.510,32.229,0.134551
29.520,54.225,0.040757
29.530,121.248,0.083927
29.540,120.150,0.311920
29.550,118.812,0.364356
29.560,117.694,0.234007
29.570,119.029,0.205523
29.580,271.845,0.386025
29.590,264.481,0.414432
29.600,252.300,0.392502
29.610,251.210,0.340123
29.620,249.699,0.243119
29.630,249.090,0.019450
29.640,247.753,0.044336
29.650,251.222,0.278783
29.660,248.436,0.114121
29.670,245.717,0.394202
29.680,245.858,0.569820
29.690,246.688,0.473762
29.700,82.178,0.033431
29.710,83.425,0.061000
29.720,99.480,0.006603
29.730,1320.362,0.024283
29.740,32.925,0.010386
29.750,32.629,0.013102
29.760,329.920,0.022481
29.770,32.526,0.008759
29.780,241.592,0.201327
29.790,42.301,0.267723
29.800,42.651,0.231729
29.810,44.202,0.053762
29.820,46.067,0.084706
29.830,1196.457,0.007185
29.840,264.283,0.293717
29.850,221.179,0.562180
29.860,221.647,0.383611
29.870,222.781,0.172587
29.880,44.017,0.673756
29.890,43.997,0.529179
29.900,225.104,0.221115
29.910,114.899,0.452071
29.920,111.099,0.311932
29.930,208.332,0.084576
29.940,987.552,0.098390
29.950,33.510,0.007126
29.960,47.006,0.088356
29.970,49.170,0.120487
29.980,49.485,0.061339
29.990,33.386,0.052556
30.000,51.476,0.038622
30.010,32.171,0.048005
30.020,131.590,0.012899
30.030,152.677,0.033987
30.040,37.473,0.077197
30.050,49.059,0.003585
30.060,1967.865,0.004454
30.070,409.339,0.014179
30.080,409.408,0.042196
30.090,410.978,0.350021
30.100,400.453,0.557390
30.110,400.378,0.674665
30.120,400.812,0.805652
30.130,400.807,0.821856
30.140,400.529,0.834866
30.150,400.880,0.746970
30.160,400.902,0.646632
30.170,400.500,0.687481
30.180,400.172,0.324930
30.190,404.174,0.033691
30.200,404.662,0.357762
30.210,404.951,0.100850
30.220,49.286,0.079144
30.230,52.215,0.248072
30.240,51.702,0.108617
30.250,195.243,0.345919
30.260,195.226,0.282201
30.270,590.505,0.474451
30.280,599.222,0.337052
30.290,1192.284,0.106005
30.300,201.066,0.178984
30.310,991.242,0.070237
30.320,993.114,0.013130
30.330,396.558,0.199412
30.340,396.467,0.677827
30.350,396.684,0.839213
30.360,397.670,0.777724
30.370,396.705,0.770508
30.380,394.720,0.778237
30.390,395.038,0.599834
30.400,1186.749,0.087604
30.410,55.903,0.368976
30.420,55.779,0.469037
30.430,55.604,0.708408
30.440,55.944,0.195602
30.450,32.553,0.150884
30.460,32.549,0.049434
30.470,1764.573,0.025089
30.480,48.967,0.018771
30.490,203.536,0.073569
30.500,33.905,0.182418
30.510,34.509,0.626962
30.520,37.639,0.125310
30.530,42.603,0.634897
30.540,42.241,0.308691
30.550,794.183,0.135554
30.560,598.162,0.632185
30.570,601.984,0.389316
30.580,503.365,0.247791
30.590,502.770,0.502712
30.600,501.476,0.428313
30.610,403.220,0.308127
30.620,399.778,0.238500
30.630,795.580,0.407013
30.640,797.280,0.415049
30.650,797.108,0.401466
30.660,799.002,0.431969
30.670,798.518,0.181350
30.680,401.381,0.051522
30.690,987.380,0.062053
30.700,657.355,0.032873
30.710,177.812,0.033579
30.720,299.463,0.368951
30.730,297.422,0.591154
30.740,300.401,0.719939
30.750,320.963,0.441335
30.760,331.337,0.328702
30.770,321.720,0.232819
30.780,396.221,0.384297
30.790,394.610,0.402678
30.800,394.343,0.587791
30.810,402.670,0.429724
30.820,407.614,0.352904
30.830,408.348,0.252480
30.840,497.943,0.503822
30.850,499.299,0.815154
30.860,500.341,0.902892
30.870,499.991,0.903586
30.880,497.757,0.864791
30.890,496.728,0.792396
30.900,495.542,0.728120
30.910,487.121,0.258079
30.920,472.128,0.249484
30.930,467.629,0.491542
30.940,463.170,0.282985
30.950,334.528,0.550347
30.960,332.567,0.801610
30.970,333.791,0.829312
30.980,334.418,0.814199
30.990,334.665,0.750702
31.000,329.071,0.219593
31.010,446.697,0.230119
31.020,443.877,0.590264
31.030,445.033,0.761926
31.040,448.040,0.834500
31.050,448.845,0.810919
31.060,450.366,0.810037
31.070,449.750,0.796004
31.080,446.366,0.820560
31.090,440.433,0.902095
31.100,439.248,0.873635
31.110,442.599,0.802744
31.120,148.865,0.687016
31.130,149.234,0.718447
31.140,149.213,0.705899
31.150,149.346,0.626525
31.160,448.683,0.616269
31.170,450.333,0.713005
31.180,451.941,0.816509
31.190,450.450,0.825871
31.200,446.823,0.876633
31.210,444.323,0.836088
31.220,443.291,0.834014
31.230,442.085,0.722584
31.240,436.160,0.283254
31.250,418.954,0.537534
31.260,411.771,0.671705
31.270,408.772,0.797366
31.280,408.944,0.783238
31.290,408.194,0.808194
31.300,405.743,0.812682
31.310,403.421,0.903216
31.320,401.706,0.938694
31.330,400.783,0.920905
31.340,399.465,0.932856
31.350,397.729,0.940239
31.360,395.031,0.894184
31.370,391.851,0.898983
31.380,389.760,0.925172
31.390,388.532,0.927816
31.400,388.185,0.921861
31.410,388.497,0.932725
31.420,389.466,0.933017
31.430,390.760,0.907606
31.440,393.101,0.938697
31.450,395.120,0.925221
31.460,396.944,0.934865
31.470,399.675,0.908614
31.480,403.171,0.903911
31.490,407.017,0.895880
31.500,409.680,0.876119
31.510,411.460,0.940117
31.520,409.190,0.886559
31.530,402.605,0.885727
31.540,397.725,0.859303
31.550,391.967,0.850475
31.560,386.887,0.877922
31.570,386.183,0.843900
31.580,389.402,0.700438
31.590,391.630,0.698841
31.600,198.278,0.607519
31.610,200.368,0.774751
31.620,200.129,0.750443
31.630,200.330,0.746175
31.640,199.014,0.718504
31.650,197.848,0.407504
31.660,393.715,0.182319
31.670,403.063,0.393346
31.680,404.115,0.387128
31.690,403.299,0.394694
31.700,386.244,0.517503
31.710,380.112,0.613754
31.720,370.326,0.614227
31.730,346.182,0.512990
31.740,313.820,0.489678
31.750,307.633,0.687930
31.760,300.479,0.871013
31.770,299.291,0.927002
31.780,300.263,0.897648
31.790,302.790,0.921743
31.800,304.789,0.966197
31.810,306.088,0.917689
31.820,307.579,0.685554
31.830,310.473,0.347161
31.840,333.600,0.716179
31.850,334.293,0.830212
31.860,335.742,0.790819
31.870,335.364,0.751080
31.880,334.528,0.392110
31.890,169.506,0.415335
31.900,332.802,0.308149
31.910,265.710,0.174327
31.920,297.673,0.250135
31.930,297.882,0.577317
31.940,297.676,0.690836
31.950,295.439,0.819990
31.960,293.584,0.869736
31.970,292.148,0.908694
31.980,292.243,0.907999
31.990,294.232,0.944130
32.000,296.359,0.930962
32.010,297.275,0.924739
32.020,297.284,0.851130
32.030,295.855,0.836122
32.040,295.198,0.772744
32.050,295.409,0.769152
32.060,295.877,0.730751
32.070,293.887,0.509541
32.080,222.758,0.383455
32.090,221.146,0.486062
32.100,296.062,0.469389
32.110,294.270,0.525488
32.120,298.224,0.624889
32.130,299.964,0.807492
32.140,302.439,0.910987
32.150,305.655,0.893163
32.160,310.333,0.774245
32.170,316.502,0.671359
32.180,324.475,0.566265
32.190,340.337,0.526527
32.200,344.111,0.788235
32.210,347.073,0.933670
32.220,347.630,0.935188
32.230,346.794,0.939135
32.240,346.099,0.926016
32.250,344.274,0.863722
32.260,340.385,0.807632
32.270,333.961,0.860366
32.280,332.301,0.853347
32.290,330.887,0.855130
32.300,330.983,0.779994
32.310,329.781,0.691914
32.320,321.902,0.483065
32.330,310.515,0.584193
32.340,302.926,0.664486
32.350,291.312,0.745016
32.360,288.170,0.796360
32.370,286.339,0.855791
32.380,284.912,0.900716
32.390,283.606,0.898086
32.400,282.457,0.879702
32.410,282.300,0.856061
32.420,282.846,0.733644
32.430,283.352,0.508943
32.440,270.251,0.586690
32.450,263.623,0.554864
32.460,250.568,0.387964
32.470,245.705,0.628188
32.480,247.455,0.595885
32.490,251.920,0.597975
32.500,258.427,0.561931
32.510,263.510,0.714138
32.520,264.522,0.772522
32.530,264.052,0.610169
32.540,266.630,0.508058
32.550,300.608,0.110054
32.560,303.941,0.101106
32.570,1496.216,0.062974
32.580,291.502,0.152861
32.590,290.792,0.132537
32.600,32.266,0.099003
32.610,32.365,0.094249
32.620,33.498,0.152754
32.630,1330.420,0.075190
32.640,1324.864,0.079588
32.650,660.625,0.031192
32.660,1691.598,0.019391
32.670,412.986,0.044025
32.680,32.095,0.072155
32.690,220.758,0.170785
32.700,233.601,0.221594
32.710,530.294,0.206648
32.720,32.973,0.233868
32.730,33.323,0.206448
32.740,527.257,0.161023
32.750,267.093,0.102390
32.760,270.312,0.248254
32.770,533.519,0.079626
32.780,34.374,0.061284
32.790,534.641,0.167356
32.800,535.748,0.305595
32.810,531.993,0.369127
32.820,532.070,0.289317
32.830,534.483,0.325932
32.840,534.411,0.251619
32.850,534.910,0.629461
32.860,534.142,0.713852
32.870,532.725,0.720830
32.880,533.771,0.638300
32.890,536.063,0.149563
32.900,1605.701,0.086899
32.910,1604.304,0.019053
32.920,1762.679,0.017237
32.930,664.781,0.039828
32.940,33.209,0.086749
32.950,33.530,0.132729
32.960,33.664,0.223261
32.970,268.066,0.130220
32.980,33.053,0.051269
32.990,147.022,0.090683
33.000,44.840,0.166250
33.010,44.996,0.048423
33.020,345.254,0.104397
33.030,350.323,0.614388
33.040,355.302,0.690947
33.050,357.287,0.488406
33.060,193.869,0.489833
33.070,194.689,0.492617
33.080,393.973,0.502119
33.090,195.886,0.550514
33.100,195.901,0.416518
33.110,664.700,0.114714
33.120,1982.137,0.188221
33.130,1981.985,0.089848
33.140,1980.397,0.080166
33.150,1977.948,0.041948
33.160,1173.724,0.019803
33.170,1977.184,0.015549
33.180,1487.997,0.013134
33.190,1113.949,0.034687
33.200,250.041,0.201868
33.210,248.619,0.337572
33.220,249.265,0.487976
33.230,250.566,0.515726
33.240,251.962,0.174261
33.250,327.564,0.442265
33.260,332.426,0.661134
33.270,333.750,0.778662
33.280,330.805,0.894621
33.290,327.019,0.799478
33.300,322.123,0.692155
33.310,314.778,0.678344
33.320,305.363,0.805254
33.330,299.924,0.883876
33.340,296.698,0.896068
33.350,295.120,0.944385
33.360,294.509,0.943403
33.370,294.855,0.947197
33.380,294.953,0.949851
33.390,297.025,0.860000
33.400,297.041,0.711033
33.410,254.114,0.532538
33.420,252.105,0.641422
33.430,254.401,0.660385
33.440,251.494,0.554415
33.450,250.411,0.588141
33.460,251.578,0.401676
33.470,288.136,0.367646
33.480,251.974,0.381265
33.490,304.381,0.288359
33.500,311.934,0.769619
33.510,311.018,0.865264
33.520,310.768,0.864695
33.530,307.672,0.925091
33.540,304.674,0.827203
33.550,300.363,0.686519
33.560,284.887,0.386033
33.570,272.006,0.718443
33.580,265.048,0.682446
33.590,257.518,0.654857
33.600,257.836,0.839500
33.610,258.146,0.819043
33.620,259.262,0.752834
33.630,263.679,0.646732
33.640,265.667,0.548103
33.650,267.052,0.385966
33.660,267.942,0.192558
33.670,318.305,0.093154
33.680,211.855,0.091315
33.690,179.720,0.047978
33.700,179.922,0.008172
33.710,1882.120,0.021017
33.720,1967.272,0.019372
33.730,1972.216,0.032013
33.740,274.323,0.070629
33.750,263.761,0.443845
33.760,270.865,0.498870
33.770,273.454,0.772900
33.780,274.519,0.875630
33.790,273.134,0.792119
33.800,271.385,0.832930
33.810,268.864,0.875940
33.820,267.162,0.766333
33.830,266.553,0.687316
33.840,265.893,0.815529
33.850,267.257,0.841455
33.860,268.999,0.933664
33.870,269.530,0.929770
33.880,270.045,0.884935
33.890,268.050,0.828084
33.900,264.988,0.788035
33.910,259.807,0.570706
33.920,256.603,0.538029
33.930,249.452,0.488067
33.940,241.436,0.197799
33.950,223.247,0.527765
33.960,221.147,0.542202
33.970,224.847,0.213256
33.980,182.060,0.237634
33.990,180.583,0.287211
34.000,263.342,0.522382
34.010,259.837,0.628458
34.020,259.690,0.735053
34.030,257.138,0.780218
34.040,254.386,0.774547
34.050,250.138,0.657276
34.060,247.299,0.642497
34.070,245.750,0.819520
34.080,245.810,0.856774
34.090,246.378,0.852787
34.100,249.091,0.781015
34.110,251.338,0.838702
34.120,253.295,0.849787
34.130,253.904,0.709846
34.140,252.703,0.442654
34.150,246.097,0.466524
34.160,995.199,0.077921
34.170,498.705,0.245581
34.180,498.597,0.216188
34.190,500.781,0.143686
34.200,197.410,0.156921
34.210,198.713,0.139515
34.220,199.656,0.471721
34.230,201.117,0.118369
34.240,247.356,0.289299
34.250,243.260,0.365304
34.260,245.134,0.630386
34.270,245.256,0.727609
34.280,246.195,0.851465
34.290,246.914,0.910594
34.300,246.617,0.884856
34.310,245.749,0.864368
34.320,244.675,0.809865
34.330,242.701,0.668278
34.340,243.681,0.180099
34.350,1199.998,0.067577
34.360,1191.341,0.043215
34.370,1183.645,0.037035
34.380,1182.070,0.035480
34.390,1797.095,0.019972
34.400,32.193,0.004149
34.410,1204.725,0.006265
34.420,52.288,0.031084
34.430,196.611,0.062701
34.440,393.285,0.162244
34.450,394.117,0.196682
34.460,395.557,0.162122
34.470,395.463,0.301086
34.480,202.781,0.186081
34.490,202.843,0.263768
34.500,206.045,0.243102
34.510,401.198,0.241004
34.520,201.649,0.308793
34.530,401.808,0.333705
34.540,401.828,0.242609
34.550,49.812,0.224824
34.560,49.628,0.178824
34.570,290.713,0.355715
34.580,288.999,0.208105
34.590,283.465,0.172832
34.600,1187.569,0.106520
34.610,48.050,0.259017
34.620,48.303,0.159190
34.630,48.522,0.080184
34.640,45.694,0.124672
34.650,34.486,0.108744
34.660,33.267,0.013582
34.670,300.947,0.541169
34.680,348.530,0.378042
34.690,358.220,0.588662
34.700,362.484,0.431916
34.710,378.994,0.117937
34.720,437.606,0.512543
34.730,436.470,0.771491
34.740,440.396,0.787550
34.750,445.219,0.782111
34.760,452.394,0.695179
34.770,460.630,0.782586
34.780,467.757,0.728765
34.790,468.869,0.609019
34.800,469.092,0.604897
34.810,464.320,0.535691
34.820,460.090,0.711943
34.830,460.855,0.603682
34.840,460.335,0.260900
34.850,149.970,0.330921
34.860,601.822,0.222617
34.870,591.936,0.464823
34.880,589.871,0.164183
34.890,334.360,0.244906
34.900,334.546,0.252369
34.910,41.681,0.140187
34.920,165.884,0.199390
34.930,334.502,0.237417
34.940,324.831,0.362922
34.950,436.535,0.381905
34.960,434.990,0.649708
34.970,433.189,0.753972
34.980,435.957,0.855165
34.990,435.720,0.896689
35.000,435.489,0.918101
35.010,435.961,0.936912
35.020,433.726,0.911979
35.030,432.322,0.931897
35.040,434.479,0.875806
35.050,442.038,0.867543
35.060,448.008,0.882851
35.070,451.574,0.868935
35.080,453.891,0.859646
35.090,455.791,0.868594
35.100,456.538,0.893739
35.110,456.504,0.859287
35.120,452.764,0.714578
35.130,446.816,0.653626
35.140,442.699,0.763887
35.150,439.194,0.700726
35.160,426.482,0.383944
35.170,410.556,0.579324
35.180,407.321,0.709449
35.190,407.303,0.656153
35.200,407.543,0.800159
35.210,405.770,0.703313
35.220,398.789,0.616667
35.230,394.282,0.735776
35.240,393.939,0.899230
35.250,393.591,0.950586
35.260,391.934,0.930342
35.270,388.623,0.930100
35.280,384.254,0.896992
35.290,381.576,0.930473
35.300,381.416,0.946862
35.310,383.644,0.921050
35.320,387.934,0.886748
35.330,393.527,0.918060
35.340,396.966,0.942269
35.350,397.772,0.958118
35.360,398.401,0.952480
35.370,398.676,0.945956
35.380,398.195,0.937344
35.390,396.262,0.850378
35.400,390.749,0.746237
35.410,381.768,0.482295
35.420,353.171,0.503988
35.430,352.754,0.551891
35.440,385.123,0.379004
35.450,392.694,0.443776
35.460,433.800,0.558002
35.470,440.101,0.803071
35.480,443.473,0.860325
35.490,444.390,0.780562
35.500,452.117,0.538521
35.510,400.798,0.186275
35.520,401.118,0.176875
35.530,201.651,0.637290
35.540,199.329,0.786313
35.550,199.712,0.804550
35.560,198.356,0.766258
35.570,196.738,0.636248
35.580,385.637,0.532814
35.590,380.959,0.781683
35.600,377.512,0.763626
35.610,371.255,0.592781
35.620,358.702,0.804107
35.630,354.285,0.852457
35.640,349.003,0.704114
35.650,334.117,0.464030
35.660,312.621,0.319344
35.670,289.894,0.619081
35.680,286.486,0.889556
35.690,287.130,0.931806
35.700,291.814,0.871966
35.710,295.935,0.929124
35.720,298.478,0.903679
35.730,299.197,0.776790
35.740,297.937,0.456727
35.750,282.021,0.205552
35.760,335.258,0.655024
35.770,335.349,0.855219
35.780,334.755,0.817721
35.790,334.403,0.781083
35.800,334.965,0.745445
35.810,332.267,0.528921
35.820,300.217,0.796372
35.830,301.502,0.875402
35.840,302.030,0.919140
35.850,300.526,0.886041
35.860,299.566,0.877674
35.870,300.896,0.897534
35.880,304.586,0.944087
35.890,306.650,0.931688
35.900,309.689,0.926541
35.910,312.208,0.923246
35.920,311.955,0.936817
35.930,310.631,0.934582
35.940,310.918,0.931039
35.950,311.502,0.952067
35.960,310.214,0.945415
35.970,306.747,0.907508
35.980,302.442,0.827049
35.990,297.019,0.771639
36.000,295.152,0.839491
36.010,296.301,0.778449
36.020,298.227,0.668543
36.030,334.132,0.559907
36.040,334.588,0.841990
36.050,335.002,0.933881
36.060,334.649,0.941919
36.070,334.000,0.925533
36.080,333.128,0.909165
36.090,331.590,0.922329
36.100,327.883,0.848788
36.110,325.811,0.822418
36.120,328.062,0.792556
36.130,330.592,0.900193
36.140,331.692,0.927049
36.150,332.996,0.944755
36.160,333.712,0.941669
36.170,333.477,0.929242
36.180,333.584,0.904139
36.190,333.443,0.853370
36.200,333.298,0.510888
36.210,301.377,0.475860
36.220,297.364,0.562684
36.230,295.398,0.726420
36.240,294.289,0.787669
36.250,292.751,0.769368
36.260,291.931,0.804399
36.270,293.325,0.839959
36.280,295.020,0.775049
36.290,294.632,0.613677
36.300,296.755,0.481262
36.310,149.361,0.356816
36.320,152.265,0.226022
36.330,307.961,0.327883
36.340,302.713,0.377974
36.350,301.983,0.393542
36.360,296.944,0.408009
36.370,292.792,0.452707
36.380,293.698,0.416311
36.390,233.768,0.190028
36.400,238.989,0.207169
36.410,333.591,0.178851
36.420,332.185,0.342302
36.430,332.687,0.425219
36.440,333.819,0.418729
36.450,333.987,0.315625
36.460,332.904,0.363562
36.470,336.432,0.383570
36.480,334.857,0.304897
36.490,276.430,0.223231
36.500,277.204,0.349141
36.510,278.741,0.438010
36.520,277.312,0.426822
36.530,275.204,0.527944
36.540,302.688,0.426271
36.550,319.975,0.503239
36.560,321.385,0.746039
36.570,319.967,0.878205
36.580,321.135,0.914546
36.590,325.608,0.906249
36.600,329.750,0.913985
36.610,334.930,0.930601
36.620,338.669,0.892499
36.630,343.735,0.741245
36.640,350.430,0.697038
36.650,356.539,0.863803
36.660,358.964,0.871488
36.670,357.150,0.870385
36.680,355.463,0.896526
36.690,354.497,0.907953
36.700,355.934,0.809610
36.710,364.642,0.822346
36.720,371.839,0.829872
36.730,375.505,0.907366
36.740,376.594,0.947009
36.750,375.996,0.943960
36.760,372.904,0.918118
36.770,368.104,0.891834
36.780,362.476,0.920338
36.790,361.663,0.924456
36.800,366.529,0.903364
36.810,370.392,0.926224
36.820,370.660,0.943310
36.830,369.738,0.900196
36.840,369.084,0.718493
36.850,369.579,0.236602
36.860,358.684,0.201062
36.870,348.524,0.471415
36.880,335.162,0.742562
36.890,332.436,0.803791
36.900,329.343,0.765962
36.910,321.929,0.660210
36.920,319.343,0.379272
36.930,296.208,0.634922
36.940,291.435,0.921039
36.950,292.595,0.886348
36.960,296.484,0.871256
36.970,301.328,0.944276
36.980,304.870,0.965668
36.990,308.521,0.956086
37.000,312.022,0.953827
37.010,314.532,0.930740
37.020,314.857,0.937943
37.030,312.052,0.947097
37.040,308.457,0.969078
37.050,305.548,0.962155
37.060,302.462,0.950583
37.070,299.602,0.913537
37.080,297.492,0.848154
37.090,295.177,0.789728
37.100,296.361,0.496881
37.110,300.315,0.127985
37.120,1221.061,0.037583
37.130,1019.960,0.032423
37.140,1012.185,0.049133
37.150,250.922,0.340488
37.160,250.134,0.702651
37.170,253.735,0.694989
37.180,255.306,0.530532
37.190,333.126,0.405126
37.200,336.705,0.677338
37.210,338.319,0.816329
37.220,338.810,0.889094
37.230,337.371,0.871772
37.240,334.011,0.857167
37.250,328.912,0.774937
37.260,317.937,0.704883
37.270,310.139,0.894222
37.280,306.029,0.916841
37.290,303.262,0.915663
37.300,302.065,0.944398
37.310,301.372,0.938074
37.320,302.058,0.943366
37.330,302.711,0.935280
37.340,303.908,0.936873
37.350,305.351,0.954993
37.360,306.074,0.941390
37.370,305.400,0.936136
37.380,301.740,0.875674
37.390,300.827,0.876584
37.400,299.675,0.889977
37.410,302.701,0.882723
37.420,306.304,0.807360
37.430,311.552,0.901650
37.440,312.729,0.940822
37.450,312.450,0.919503
37.460,308.725,0.781446
37.470,298.272,0.648896
37.480,290.375,0.624433
37.490,280.296,0.505383
37.500,273.743,0.736573
37.510,271.820,0.912094
37.520,271.159,0.899690
37.530,271.229,0.870657
37.540,269.977,0.860646
37.550,268.376,0.859070
37.560,265.464,0.795418
37.570,265.426,0.692764
37.580,266.702,0.521702
37.590,267.761,0.417438
37.600,269.448,0.056417
37.610,273.967,0.057107
37.620,233.985,0.047004
37.630,1179.072,0.024557
37.640,1174.134,0.022817
37.650,973.625,0.015797
37.660,1949.286,0.020067
37.670,1956.196,0.028125
37.680,268.521,0.039426
37.690,267.744,0.358139
37.700,240.592,0.419345
37.710,267.377,0.360593
37.720,267.220,0.496047
37.730,267.866,0.605706
37.740,268.475,0.603273
37.750,268.956,0.835411
37.760,266.987,0.743767
37.770,265.635,0.852944
37.780,263.375,0.882165
37.790,260.528,0.841149
37.800,255.624,0.774694
37.810,246.139,0.573850
37.820,236.923,0.646219
37.830,228.658,0.764661
37.840,227.589,0.849928
37.850,231.578,0.821405
37.860,234.835,0.868129
37.870,237.574,0.894965
37.880,240.328,0.902425
37.890,243.879,0.915099
37.900,247.239,0.892776
37.910,251.044,0.929462
37.920,252.900,0.946729
37.930,253.074,0.929876
37.940,250.621,0.898748
37.950,248.404,0.853481
37.960,247.777,0.795875
37.970,248.597,0.644766
37.980,244.864,0.728326
37.990,243.513,0.717625
38.000,243.894,0.402202
38.010,201.057,0.415610
38.020,201.453,0.493555
38.030,199.674,0.414107
38.040,202.903,0.528515
38.050,203.134,0.505522
38.060,201.921,0.285313
38.070,246.186,0.201679
38.080,131.727,0.086294
38.090,399.190,0.249394
38.100,398.597,0.427059
38.110,594.578,0.372499
38.120,596.949,0.505777
38.130,596.746,0.340300
38.140,198.968,0.318216
38.150,198.989,0.530516
38.160,199.187,0.570708
38.170,199.019,0.518539
38.180,198.763,0.140441
38.190,591.957,0.138997
38.200,591.872,0.255982
38.210,117.842,0.228671
38.220,50.780,0.009111
38.230,51.052,0.059554
38.240,51.423,0.042641
38.250,124.458,0.073038
38.260,36.132,0.155427
38.270,120.359,0.060992
38.280,402.789,0.127329
38.290,401.693,0.168627
38.300,398.618,0.120863
38.310,32.413,0.203907
38.320,54.640,0.075804
38.330,54.565,0.048265
38.340,1203.481,0.007346
38.350,36.587,0.071212
38.360,397.369,0.679486
38.370,398.861,0.566071
38.380,399.291,0.458083
38.390,296.990,0.352066
38.400,295.791,0.644552
38.410,296.127,0.725709
38.420,298.295,0.410129
38.430,397.679,0.362942
38.440,400.751,0.688294
38.450,399.373,0.483626
38.460,398.374,0.529723
38.470,399.089,0.782118
38.480,399.558,0.670051
38.490,399.266,0.860113
38.500,400.098,0.818230
38.510,401.082,0.835677
38.520,401.419,0.786333
38.530,401.544,0.719164
38.540,999.870,0.336942
38.550,403.830,0.183523
38.560,1020.618,0.097845
38.570,398.120,0.111583
38.580,398.577,0.420347
38.590,399.302,0.543426
38.600,399.843,0.427705
38.610,200.696,0.599561
38.620,200.956,0.536954
38.630,201.283,0.553249
38.640,202.197,0.519597
38.650,203.642,0.513699
38.660,201.044,0.437765
38.670,217.026,0.247847
38.680,195.091,0.370012
38.690,196.788,0.378101
38.700,409.011,0.486919
38.710,202.873,0.460090
38.720,415.759,0.492261
38.730,420.748,0.663581
38.740,434.749,0.591299
38.750,446.949,0.776153
38.760,454.513,0.777988
38.770,455.587,0.839975
38.780,453.101,0.859489
38.790,450.809,0.901176
38.800,449.231,0.885581
38.810,447.737,0.877868
38.820,445.660,0.818144
38.830,441.307,0.792160
38.840,436.462,0.695265
38.850,433.654,0.441735
38.860,418.117,0.339625
38.870,410.589,0.389464
38.880,406.244,0.414036
38.890,407.033,0.678536
38.900,402.330,0.737100
38.910,403.365,0.820769
38.920,399.761,0.753358
38.930,397.324,0.755116
38.940,393.254,0.787336
38.950,390.571,0.842607
38.960,388.706,0.918544
38.970,389.572,0.927868
38.980,390.838,0.883896
38.990,392.492,0.902541
39.000,394.457,0.886113
39.010,395.524,0.798168
39.020,396.067,0.801192
39.030,394.078,0.694255
39.040,299.084,0.402849
39.050,297.611,0.477980
39.060,298.671,0.510018
39.070,300.977,0.504318
39.080,399.142,0.515535
39.090,399.306,0.473097
39.100,398.619,0.535514
39.110,301.800,0.465637
39.120,299.701,0.708176
39.130,301.537,0.589079
39.140,393.453,0.281812
39.150,400.279,0.644521
39.160,400.609,0.812065
39.170,398.916,0.891267
39.180,396.617,0.909722
39.190,393.499,0.937487
39.200,392.397,0.938175
39.210,397.241,0.828165
39.220,404.036,0.846905
39.230,405.837,0.899374
39.240,405.598,0.898429
39.250,404.032,0.903299
39.260,401.671,0.911224
39.270,400.240,0.886418
39.280,399.363,0.888203
39.290,397.335,0.837218
39.300,391.664,0.852556
39.310,388.337,0.735752
39.320,390.437,0.657526
39.330,395.501,0.533114
39.340,397.082,0.348970
39.350,398.230,0.272323
39.360,1192.463,0.228060
39.370,404.458,0.239403
39.380,407.056,0.613260
39.390,407.081,0.815051
39.400,409.994,0.768317
39.410,409.055,0.713588
39.420,406.283,0.765818
39.430,402.113,0.833468
39.440,397.788,0.848844
39.450,394.444,0.883847
39.460,392.601,0.912676
39.470,391.575,0.902656
39.480,392.353,0.920296
39.490,394.713,0.910296
39.500,398.047,0.926166
39.510,400.402,0.894126
39.520,402.293,0.929896
39.530,404.903,0.885782
39.540,406.511,0.853596
39.550,407.240,0.778083
39.560,409.072,0.499732
39.570,408.438,0.386498
39.580,411.358,0.299333
39.590,407.641,0.161159
39.600,397.781,0.060890
39.610,330.477,0.049766
39.620,392.191,0.479730
39.630,403.339,0.579291
39.640,419.932,0.357478
39.650,423.956,0.472584
39.660,430.013,0.744344
39.670,430.683,0.777215
39.680,430.422,0.663531
39.690,427.520,0.312918
39.700,396.981,0.274351
39.710,342.092,0.428097
39.720,347.020,0.577940
39.730,348.609,0.750325
39.740,348.942,0.859576
39.750,349.093,0.910140
39.760,350.233,0.946003
39.770,350.178,0.956692
39.780,349.533,0.919747
39.790,349.118,0.842650
39.800,344.686,0.657939
39.810,335.937,0.304114
39.820,312.504,0.422724
39.830,304.846,0.387808
39.840,300.946,0.375677
39.850,299.442,0.320652
39.860,533.699,0.241504
39.870,594.381,0.149469
39.880,306.234,0.201339
39.890,345.631,0.420531
39.900,340.199,0.636570
39.910,346.504,0.648904
39.920,347.579,0.641741
39.930,347.521,0.719319
39.940,345.393,0.580890
39.950,345.233,0.567306
39.960,338.046,0.611647
39.970,332.499,0.603636
39.980,330.700,0.691352
39.990,332.692,0.482352
40.000,338.181,0.553849
40.010,343.299,0.809726
40.020,343.715,0.879611
40.030,342.891,0.907102
40.040,340.502,0.893655
40.050,336.709,0.859034
40.060,333.324,0.896208
40.070,327.621,0.763157
40.080,320.292,0.719124
40.090,313.376,0.809779
40.100,307.946,0.922356
40.110,304.482,0.944737
40.120,301.926,0.943767
40.130,297.889,0.935863
40.140,296.211,0.931161
40.150,294.873,0.949372
40.160,293.626,0.935180
40.170,292.379,0.849563
40.180,290.159,0.585324
40.190,277.472,0.600832
40.200,272.187,0.853395
40.210,270.120,0.920654
40.220,268.590,0.930479
40.230,266.548,0.897963
40.240,265.222,0.864139
40.250,265.778,0.873794
40.260,267.758,0.891822
40.270,271.724,0.909057
40.280,274.233,0.893024
40.290,278.309,0.740149
40.300,288.463,0.572186
40.310,292.946,0.629383
40.320,293.808,0.442004
40.330,296.316,0.450155
40.340,297.546,0.419547
40.350,297.341,0.403731
40.360,334.648,0.486430
40.370,333.875,0.358091
40.380,331.254,0.260466
40.390,323.929,0.226045
40.400,328.782,0.379829
40.410,332.362,0.157311
40.420,537.484,0.126578
40.430,296.071,0.341815
40.440,296.920,0.728404
40.450,297.587,0.580325
40.460,296.425,0.338004
40.470,280.541,0.250188
40.480,277.846,0.215176
40.490,333.701,0.325297
40.500,332.211,0.325737
40.510,330.712,0.399766
40.520,332.558,0.107895
40.530,936.275,0.162337
40.540,390.425,0.241233
40.550,396.427,0.249566
40.560,76.643,0.183576
40.570,32.994,0.084087
40.580,80.614,0.041796
40.590,1689.372,0.055922
40.600,291.586,0.388282
40.610,301.621,0.511597
40.620,306.406,0.455745
40.630,319.859,0.509416
40.640,321.801,0.615324
40.650,328.642,0.493576
40.660,338.505,0.525555
40.670,350.669,0.789041
40.680,352.921,0.934681
40.690,352.772,0.941206
40.700,351.173,0.959542
40.710,350.311,0.959113
40.720,350.974,0.958513
40.730,351.988,0.944720
40.740,353.584,0.940213
40.750,355.380,0.920527
40.760,357.513,0.949005
40.770,360.694,0.906985
40.780,363.633,0.900191
40.790,361.704,0.798225
40.800,356.907,0.736752
40.810,348.586,0.585456
40.820,333.952,0.815551
40.830,330.258,0.877714
40.840,326.064,0.773077
40.850,317.256,0.623426
40.860,311.440,0.851518
40.870,307.904,0.927821
40.880,303.517,0.886420
40.890,299.661,0.924573
40.900,298.199,0.936935
40.910,296.841,0.919513
40.920,296.362,0.939608
40.930,296.702,0.922591
40.940,298.148,0.953451
40.950,300.382,0.928529
40.960,303.669,0.933054
40.970,306.374,0.947392
40.980,307.152,0.901893
40.990,305.455,0.811602
41.000,299.705,0.775212
41.010,295.694,0.748864
41.020,296.070,0.592635
41.030,284.709,0.319629
41.040,269.358,0.335317
41.050,224.732,0.147239
41.060,250.650,0.194158
41.070,250.137,0.670022
41.080,250.435,0.816689
41.090,249.911,0.790183
41.100,249.319,0.756472
41.110,250.125,0.619731
41.120,322.096,0.456494
41.130,326.098,0.826286
41.140,329.605,0.878345
41.150,334.205,0.884962
41.160,337.155,0.875693
41.170,335.169,0.776372
41.180,321.322,0.614944
41.190,308.809,0.728634
41.200,300.264,0.864869
41.210,296.146,0.935257
41.220,295.065,0.966767
41.230,296.800,0.920723
41.240,298.888,0.954845
41.250,300.431,0.932569
41.260,300.345,0.896583
41.270,300.326,0.819363
41.280,301.397,0.732614
41.290,255.192,0.723360
41.300,254.476,0.871756
41.310,252.873,0.870447
41.320,251.472,0.895314
41.330,250.383,0.891219
41.340,250.412,0.885220
41.350,251.787,0.863975
41.360,252.495,0.855917
41.370,252.438,0.777089
41.380,253.686,0.593897
41.390,251.479,0.464122
41.400,251.912,0.361296
41.410,257.618,0.516662
41.420,256.911,0.312957
41.430,276.963,0.434304
41.440,270.267,0.541746
41.450,267.045,0.476767
41.460,264.841,0.788241
41.470,264.823,0.885593
41.480,265.238,0.893715
41.490,266.549,0.805001
41.500,268.330,0.792115
41.510,269.134,0.630309
41.520,269.402,0.178113
41.530,224.448,0.042143
41.540,221.797,0.009793
41.550,222.471,0.012981
41.560,1974.518,0.029209
41.570,98.990,0.108121
41.580,98.693,0.184841
41.590,199.414,0.104550
41.600,201.459,0.063576
41.610,201.632,0.251688
41.620,220.728,0.256460
41.630,219.589,0.231280
41.640,221.157,0.264736
41.650,223.947,0.334877
41.660,265.036,0.197707
41.670,265.308,0.429524
41.680,263.793,0.700174
41.690,259.999,0.755924
41.700,256.437,0.742582
41.710,250.840,0.838414
41.720,248.375,0.859237
41.730,248.497,0.876944
41.740,250.350,0.903639
41.750,253.998,0.858722
41.760,257.581,0.845952
41.770,259.290,0.797090
41.780,255.422,0.688994
41.790,252.117,0.574194
41.800,250.274,0.461555
41.810,499.561,0.253705
41.820,151.536,0.240283
41.830,150.258,0.393640
41.840,151.460,0.403075
41.850,152.870,0.427817
41.860,154.778,0.219362
41.870,133.494,0.143511
41.880,404.398,0.262849
41.890,242.522,0.283935
41.900,250.449,0.386994
41.910,251.336,0.650960
41.920,253.406,0.801192
41.930,254.660,0.891986
41.940,252.463,0.834529
41.950,248.584,0.861005
41.960,246.869,0.874652
41.970,246.870,0.842357
41.980,246.315,0.845290
41.990,245.606,0.810034
42.000,244.445,0.724350
42.010,243.548,0.419853
42.020,399.439,0.333261
42.030,198.538,0.252364
42.040,199.733,0.625641
42.050,200.157,0.727881
42.060,200.013,0.726915
42.070,199.680,0.762334
42.080,199.675,0.660019
42.090,199.714,0.627164
42.100,200.309,0.442936
42.110,200.231,0.348173
42.120,403.558,0.316947
42.130,260.044,0.236601
42.140,258.722,0.598304
42.150,256.403,0.758543
42.160,255.176,0.711067
42.170,252.958,0.736579
42.180,246.408,0.657264
42.190,237.172,0.515300
42.200,225.442,0.728912
42.210,219.281,0.477178
42.220,206.706,0.587736
42.230,200.305,0.167345
42.240,181.370,0.032826
42.250,165.331,0.117349
42.260,84.455,0.052460
42.270,252.378,0.103169
42.280,253.662,0.170735
42.290,32.336,0.080957
42.300,32.448,0.064609
42.310,1212.445,0.074786
42.320,1218.278,0.083606
42.330,1213.872,0.079399
42.340,1194.260,0.145300
42.350,1185.997,0.116668
42.360,1200.458,0.127432
42.370,50.072,0.187045
42.380,401.305,0.178693
42.390,397.946,0.435409
42.400,398.642,0.555803
42.410,398.084,0.318217
42.420,495.822,0.190073
42.430,399.443,0.368008
42.440,400.365,0.432204
42.450,400.276,0.400499
42.460,401.596,0.248880
42.470,200.644,0.124962
42.480,248.846,0.069180
42.490,371.157,0.208897
42.500,367.643,0.322074
42.510,189.484,0.667702
42.520,189.497,0.771628
42.530,189.918,0.784735
42.540,192.596,0.586911
42.550,194.491,0.276225
42.560,401.434,0.200951
42.570,395.888,0.517443
42.580,396.716,0.443509
42.590,398.937,0.608335
42.600,397.902,0.264528
42.610,291.545,0.294749
42.620,300.448,0.465844
42.630,300.263,0.600808
42.640,300.636,0.831470
42.650,298.588,0.888322
42.660,294.998,0.874287
42.670,292.014,0.911259
42.680,291.091,0.943780
42.690,291.056,0.937119
42.700,290.628,0.904237
42.710,287.762,0.900609
42.720,287.375,0.940611
42.730,290.914,0.908988
42.740,294.991,0.938688
42.750,296.518,0.904510
42.760,299.260,0.864328
42.770,301.054,0.745818
42.780,332.931,0.505130
42.790,331.663,0.617596
42.800,326.587,0.485780
42.810,314.379,0.743145
42.820,316.892,0.711432
42.830,321.574,0.558611
42.840,331.412,0.703005
42.850,335.655,0.451755
42.860,349.490,0.596575
42.870,350.861,0.711668
42.880,350.658,0.873608
42.890,349.894,0.907940
42.900,348.642,0.855068
42.910,347.729,0.854723
42.920,347.130,0.884578
42.930,345.035,0.853210
42.940,342.884,0.872576
42.950,342.157,0.917921
42.960,341.312,0.916372
42.970,340.368,0.890454
42.980,338.242,0.811491
42.990,335.657,0.790948
43.000,330.062,0.683936
43.010,328.265,0.486091
43.020,149.763,0.518975
43.030,149.713,0.316199
43.040,149.519,0.356436
43.050,149.020,0.499196
43.060,298.978,0.619178
43.070,299.180,0.530045
43.080,304.308,0.294009
43.090,309.785,0.428165
43.100,317.366,0.592234
43.110,321.773,0.607526
43.120,330.515,0.657566
43.130,340.998,0.575578
43.140,350.333,0.790283
43.150,356.159,0.852599
43.160,360.390,0.839493
43.170,364.020,0.895214
43.180,365.644,0.897124
43.190,366.402,0.897177
43.200,365.430,0.896425
43.210,363.929,0.921244
43.220,363.481,0.935249
43.230,363.584,0.922854
43.240,364.001,0.903358
43.250,362.727,0.812181
43.260,358.965,0.705248
43.270,355.062,0.589671
43.280,364.054,0.373125
43.290,362.232,0.834991
43.300,359.407,0.868029
43.310,357.524,0.879270
43.320,355.339,0.859997
43.330,358.820,0.792712
43.340,362.197,0.861255
43.350,363.171,0.850486
43.360,360.341,0.853347
43.370,359.208,0.898348
43.380,356.345,0.901563
43.390,353.730,0.928880
43.400,350.434,0.920007
43.410,346.752,0.898577
43.420,341.666,0.870265
43.430,336.338,0.881488
43.440,332.255,0.873584
43.450,328.595,0.886115
43.460,326.819,0.850601
43.470,322.839,0.749879
43.480,318.316,0.518479
43.490,309.620,0.583714
43.500,306.935,0.782509
43.510,307.237,0.877006
43.520,306.497,0.919889
43.530,304.663,0.927407
43.540,304.287,0.935557
43.550,302.252,0.928067
43.560,300.142,0.892466
43.570,298.437,0.922359
43.580,298.366,0.929336
43.590,298.501,0.909488
43.600,297.779,0.910027
43.610,298.702,0.875934
43.620,299.889,0.889859
43.630,301.181,0.882905
43.640,300.427,0.884645
43.650,299.415,0.915638
43.660,296.402,0.876271
43.670,290.155,0.701068
43.680,282.467,0.788697
43.690,275.414,0.875721
43.700,269.433,0.849492
43.710,264.325,0.842686
43.720,259.939,0.882699
43.730,258.081,0.839936
43.740,521.267,0.783413
43.750,526.313,0.579669
43.760,266.080,0.836417
43.770,267.474,0.806592
43.780,268.499,0.903916
43.790,269.316,0.911643
43.800,269.873,0.820575
43.810,269.561,0.791450
43.820,268.380,0.920218
43.830,266.948,0.812574
43.840,265.262,0.866777
43.850,265.414,0.820855
43.860,267.902,0.587866
43.870,541.561,0.558825
43.880,548.690,0.438225
43.890,275.272,0.327563
43.900,292.679,0.235247
43.910,225.006,0.497086
43.920,224.162,0.577945
43.930,223.203,0.769828
43.940,223.230,0.828155
43.950,223.323,0.809848
43.960,223.620,0.735358
43.970,223.515,0.515550
43.980,224.777,0.334742
43.990,135.060,0.131858
44.000,133.535,0.020018
44.010,223.240,0.082850
44.020,134.768,0.167826
44.030,133.950,0.424634
44.040,132.910,0.471091
44.050,130.523,0.342002
44.060,224.100,0.272005
44.070,328.977,0.256553
44.080,297.888,0.458589
44.090,294.578,0.538938
44.100,294.714,0.687914
44.110,293.111,0.754114
44.120,292.312,0.816017
44.130,292.855,0.796559
44.140,293.964,0.806379
44.150,295.076,0.818720
44.160,294.829,0.658032
44.170,294.360,0.437601
44.180,531.914,0.355640
44.190,530.303,0.431745
44.200,268.112,0.513928
44.210,536.557,0.152797
44.220,97.948,0.105278
44.230,50.115,0.064554
44.240,291.810,0.683656
44.250,292.022,0.718986
44.260,292.269,0.625329
44.270,292.687,0.494376
44.280,295.297,0.326244
44.290,269.165,0.344300
44.300,329.349,0.302578
44.310,270.726,0.377472
44.320,268.580,0.497970
44.330,333.106,0.388926
44.340,334.450,0.480838
44.350,334.070,0.590239
44.360,666.861,0.229367
44.370,667.003,0.171884
44.380,144.797,0.153220
44.390,447.623,0.617856
44.400,447.523,0.638802
44.410,446.464,0.475907
44.420,446.503,0.399790
44.430,448.078,0.384142
44.440,533.245,0.188449
44.450,532.845,0.142136
44.460,519.466,0.075328
44.470,156.684,0.090313
44.480,550.547,0.053559
44.490,554.991,0.142336
44.500,554.228,0.065025
44.510,545.562,0.020534
44.520,1970.557,0.008153
44.530,1971.147,0.013413
44.540,267.934,0.045254
44.550,303.113,0.260947
44.560,345.487,0.464405
44.570,358.963,0.246498
44.580,358.731,0.268182
44.590,393.551,0.384871
44.600,396.715,0.268594
44.610,418.611,0.204561
44.620,238.939,0.295576
44.630,244.455,0.310974
44.640,291.199,0.421946
44.650,297.505,0.481728
44.660,332.513,0.402234
44.670,333.754,0.736628
44.680,333.775,0.788030
44.690,334.447,0.822750
44.700,334.942,0.824457
44.710,335.531,0.698865
44.720,332.325,0.646636
44.730,322.574,0.521356
44.740,313.907,0.616240
44.750,310.757,0.668559
44.760,305.206,0.915237
44.770,303.342,0.933922
44.780,304.006,0.961918
44.790,304.904,0.974421
44.800,305.709,0.966200
44.810,306.796,0.933438
44.820,307.948,0.945360
44.830,309.591,0.945159
44.840,311.536,0.946148
44.850,312.534,0.950212
44.860,313.092,0.953469
44.870,313.120,0.957362
44.880,312.020,0.960061
44.890,309.281,0.961524
44.900,307.196,0.965615
44.910,306.791,0.958190
44.920,307.634,0.972258
44.930,307.241,0.962781
44.940,304.302,0.890788
44.950,300.428,0.864118
44.960,297.837,0.718116
44.970,296.011,0.315928
44.980,251.858,0.735646
44.990,250.932,0.802299
45.000,251.543,0.823538
45.010,251.614,0.815663
45.020,251.659,0.850612
45.030,251.120,0.813733
45.040,251.027,0.702568
45.050,253.990,0.455552
45.060,264.765,0.322385
45.070,284.107,0.335856
45.080,286.778,0.705807
45.090,289.845,0.780628
45.100,291.917,0.776398
45.110,297.863,0.828896
45.120,301.867,0.926926
45.130,302.507,0.903914
45.140,293.495,0.520636
45.150,284.129,0.839725
45.160,279.793,0.834803
45.170,273.291,0.854230
45.180,268.757,0.923568
45.190,264.201,0.883481
45.200,259.920,0.904067
45.210,255.251,0.869442
45.220,251.696,0.890917
45.230,249.530,0.875539
45.240,247.842,0.870028
45.250,247.568,0.802830
45.260,257.847,0.503293
45.270,252.161,0.330635
45.280,246.613,0.453110
45.290,243.049,0.499883
45.300,241.766,0.670493
45.310,240.050,0.574238
45.320,238.990,0.386219
45.330,241.499,0.392688
45.340,249.161,0.439196
45.350,252.741,0.721279
45.360,251.130,0.890641
45.370,250.822,0.919550
45.380,250.746,0.904761
45.390,250.005,0.888382
45.400,249.441,0.773772
45.410,247.811,0.614340
45.420,245.298,0.562306
45.430,235.898,0.361085
45.440,229.910,0.529435
45.450,231.493,0.361947
45.460,231.762,0.710456
45.470,229.093,0.639350
45.480,223.496,0.780494
45.490,223.166,0.880035
45.500,224.567,0.856445
45.510,225.801,0.888054
45.520,227.426,0.855408
45.530,228.151,0.885627
45.540,228.377,0.864245
45.550,229.320,0.783907
45.560,230.646,0.721880
45.570,231.495,0.765387
45.580,231.576,0.702526
45.590,226.265,0.642472
45.600,223.595,0.663285
45.610,225.064,0.692106
45.620,226.999,0.781161
45.630,228.275,0.812208
45.640,228.895,0.823562
45.650,226.441,0.728669
45.660,223.837,0.812100
45.670,222.985,0.744448
45.680,222.121,0.688795
45.690,219.257,0.576268
45.700,209.794,0.413707
45.710,209.196,0.344918
45.720,1322.309,0.006805
45.730,332.541,0.050617
45.740,267.966,0.162995
45.750,33.323,0.179158
45.760,301.868,0.177603
45.770,321.569,0.382841
45.780,322.897,0.567484
45.790,323.415,0.633949
45.800,334.163,0.607345
45.810,343.463,0.702141
45.820,355.830,0.500550
45.830,360.602,0.628026
45.840,372.729,0.419273
45.850,391.497,0.543592
45.860,204.942,0.090749
45.870,241.550,0.427795
45.880,247.307,0.531633
45.890,251.188,0.697208
45.900,254.223,0.639041
45.910,256.741,0.505794
45.920,260.130,0.287052
45.930,133.586,0.524181
45.940,132.372,0.428491
45.950,132.469,0.299943
45.960,400.498,0.124041
45.970,398.600,0.077294
45.980,399.767,0.068637
45.990,1974.958,0.075263
46.000,1005.638,0.052360
46.010,250.137,0.119191
46.020,266.296,0.244807
46.030,295.146,0.432106
46.040,291.816,0.590716
46.050,295.077,0.787263
46.060,296.794,0.887016
46.070,297.299,0.931136
46.080,297.686,0.954745
46.090,296.340,0.944625
46.100,293.985,0.964307
46.110,294.197,0.967114
46.120,297.239,0.948029
46.130,299.862,0.948780
46.140,300.366,0.947207
46.150,298.988,0.960385
46.160,296.065,0.926651
46.170,291.757,0.825575
46.180,288.684,0.521691
46.190,269.971,0.695426
46.200,262.789,0.603467
46.210,253.099,0.643609
46.220,245.419,0.718682
46.230,241.181,0.734904
46.240,236.114,0.731252
46.250,232.079,0.758084
46.260,229.947,0.729434
46.270,232.158,0.599712
46.280,236.785,0.639950
46.290,240.134,0.851671
46.300,243.437,0.908632
46.310,250.009,0.790911
46.320,258.077,0.706711
46.330,278.168,0.696228
46.340,285.238,0.805500
46.350,299.458,0.624899
46.360,314.248,0.841031
46.370,318.800,0.934566
46.380,322.228,0.859348
46.390,322.036,0.688051
46.400,316.611,0.589515
46.410,310.891,0.574969
46.420,309.015,0.263808
46.430,323.347,0.169692
46.440,398.771,0.091226
46.450,402.482,0.133110
46.460,406.115,0.473513
46.470,405.996,0.610334
46.480,400.181,0.422690
46.490,197.700,0.332776
46.500,198.411,0.400080
46.510,198.891,0.329416
46.520,400.327,0.357854
46.530,344.936,0.540983
46.540,347.193,0.691246
46.550,347.898,0.858568
46.560,346.917,0.939058
46.570,347.525,0.928958
46.580,349.583,0.913082
46.590,352.610,0.885557
46.600,354.340,0.934971
46.610,356.064,0.932962
46.620,355.546,0.955320
46.630,355.162,0.963562
46.640,354.488,0.968825
46.650,353.505,0.960141
46.660,351.312,0.955195
46.670,349.388,0.956613
46.680,348.388,0.926449
46.690,347.301,0.913275
46.700,344.653,0.810035
46.710,339.426,0.738487
46.720,337.456,0.736267
46.730,339.330,0.662370
46.740,340.797,0.626773
46.750,342.677,0.567228
46.760,331.754,0.735500
46.770,329.574,0.849797
46.780,330.162,0.874699
46.790,332.267,0.860107
46.800,331.957,0.938712
46.810,332.413,0.936607
46.820,332.693,0.928758
46.830,332.020,0.949940
46.840,331.341,0.941093
46.850,330.949,0.936128
46.860,330.997,0.958658
46.870,330.868,0.943156
46.880,331.466,0.925578
46.890,332.412,0.922817
46.900,334.129,0.932417
46.910,334.254,0.924905
46.920,332.975,0.852222
46.930,329.776,0.699243
46.940,323.808,0.544946
46.950,310.391,0.424817
46.960,300.927,0.521999
46.970,296.949,0.592937
46.980,297.441,0.742868
46.990,299.402,0.797326
47.000,301.828,0.554483
47.010,304.181,0.527680
47.020,324.999,0.444636
47.030,337.802,0.655374
47.040,345.535,0.773146
47.050,349.404,0.862435
47.060,355.039,0.792857
47.070,362.119,0.842325
47.080,365.796,0.928783
47.090,365.506,0.914818
47.100,362.252,0.866632
47.110,354.124,0.878417
47.120,347.006,0.880815
47.130,340.606,0.873764
47.140,336.550,0.913895
47.150,334.200,0.963657
47.160,333.447,0.961073
47.170,332.115,0.965387
47.180,331.756,0.965715
47.190,331.743,0.964602
47.200,331.697,0.962361
47.210,330.761,0.917067
47.220,327.106,0.868453
47.230,324.411,0.915970
47.240,326.595,0.921924
47.250,329.711,0.948575
47.260,332.859,0.939188
47.270,335.435,0.943633
47.280,339.040,0.886298
47.290,341.458,0.886322
47.300,342.153,0.905461
47.310,340.092,0.886316
47.320,337.540,0.902984
47.330,333.907,0.884742
47.340,329.164,0.841990
47.350,324.640,0.844371
47.360,317.865,0.753776
47.370,310.613,0.869500
47.380,305.476,0.957249
47.390,303.469,0.929252
47.400,302.767,0.928344
47.410,301.826,0.920776
47.420,302.462,0.900695
47.430,303.505,0.902184
47.440,304.293,0.873508
47.450,304.646,0.896588
47.460,305.551,0.904209
47.470,304.422,0.935388
47.480,302.400,0.923765
47.490,300.634,0.900706
47.500,299.450,0.919271
47.510,298.686,0.937984
47.520,298.514,0.945569
47.530,298.517,0.932111
47.540,296.594,0.875763
47.550,295.904,0.838259
47.560,295.604,0.840262
47.570,296.682,0.843295
47.580,298.051,0.821979
47.590,299.408,0.844108
47.600,298.971,0.881003
47.610,298.436,0.857322
47.620,297.741,0.887486
47.630,297.073,0.906566
47.640,296.768,0.918559
47.650,296.104,0.942090
47.660,294.829,0.894704
47.670,289.841,0.567170
47.680,273.409,0.831157
47.690,265.272,0.757677
47.700,259.995,0.917317
47.710,258.586,0.933620
47.720,258.064,0.942186
47.730,258.398,0.928546
47.740,260.403,0.902917
47.750,262.473,0.915394
47.760,264.984,0.919172
47.770,267.476,0.918083
47.780,268.627,0.910537
47.790,268.360,0.846230
47.800,267.102,0.525771
47.810,265.769,0.690732
47.820,267.904,0.836321
47.830,268.100,0.794582
47.840,268.282,0.608543
47.850,267.129,0.532507
47.860,272.034,0.429343
47.870,274.686,0.626360
47.880,273.007,0.595951
47.890,269.962,0.502399
47.900,256.552,0.172849
47.910,284.942,0.291287
47.920,277.987,0.243414
47.930,271.656,0.596838
47.940,271.195,0.756671
47.950,272.335,0.554802
47.960,299.510,0.563732
47.970,302.322,0.726271
47.980,308.143,0.457485
47.990,312.044,0.433079
48.000,319.138,0.155962
48.010,326.242,0.251604
48.020,322.027,0.355269
48.030,317.482,0.304662
48.040,305.900,0.382736
48.050,296.219,0.620479
48.060,295.361,0.595741
48.070,296.348,0.332501
48.080,297.484,0.175983
48.090,226.393,0.195174
48.100,297.474,0.197139
48.110,226.291,0.165921
48.120,341.774,0.396127
48.130,343.076,0.721496
48.140,341.114,0.643051
48.150,339.948,0.447661
48.160,301.717,0.510482
48.170,296.217,0.663990
48.180,294.794,0.702731
48.190,295.339,0.574609
48.200,297.844,0.442972
48.210,266.726,0.258497
48.220,267.708,0.372169
48.230,268.213,0.375351
48.240,134.257,0.375003
48.250,134.406,0.396542
48.260,335.441,0.595095
48.270,335.547,0.743301
48.280,335.383,0.690097
48.290,225.484,0.378546
48.300,224.751,0.540551
48.310,224.693,0.431954
48.320,298.916,0.203542
48.330,266.288,0.169283
48.340,132.044,0.241927
48.350,131.443,0.365444
48.360,266.789,0.402205
48.370,334.999,0.420547
48.380,336.723,0.609149
48.390,339.398,0.281245
48.400,172.625,0.151724
48.410,45.663,0.039182
48.420,65.386,0.081878
48.430,65.745,0.138705
48.440,526.459,0.361679
48.450,336.922,0.235341
48.460,333.795,0.404929
48.470,331.606,0.249886
48.480,1968.221,0.180995
48.490,670.639,0.118953
48.500,892.161,0.014361
48.510,266.634,0.064242
48.520,454.254,0.233018
48.530,268.735,0.080455
48.540,33.244,0.151894
48.550,33.930,0.113039
48.560,35.407,0.036246
48.570,32.965,0.015522
48.580,55.020,0.015378
48.590,264.836,0.107345
48.600,65.467,0.395216
48.610,267.883,0.344726
48.620,268.150,0.392669
48.630,270.116,0.086256
48.640,54.056,0.215739
48.650,48.146,0.169157
48.660,48.842,0.189247
48.670,98.822,0.100016
48.680,117.279,0.166762
48.690,1330.340,0.069086
48.700,333.432,0.115775
48.710,334.285,0.184878
48.720,334.710,0.180584
48.730,269.270,0.212764
48.740,271.030,0.166403
48.750,272.015,0.142362
48.760,54.772,0.042044
48.770,33.308,0.048842
48.780,1341.913,0.030475
48.790,1346.804,0.049398
48.800,1338.484,0.246619
48.810,268.257,0.480787
48.820,270.022,0.604118
48.830,334.092,0.355292
48.840,331.323,0.718991
48.850,335.000,0.372389
48.860,398.080,0.712877
48.870,397.756,0.600177
48.880,395.548,0.691313
48.890,395.941,0.702103
48.900,403.212,0.566186
48.910,247.535,0.466310
48.920,253.179,0.839644
48.930,252.771,0.843618
48.940,251.424,0.853283
48.950,249.846,0.866021
48.960,249.300,0.759026
48.970,248.528,0.570443
48.980,249.581,0.445240
48.990,216.969,0.285008
49.000,207.167,0.601479
49.010,208.155,0.662042
49.020,209.382,0.619493
49.030,426.557,0.476746
49.040,439.133,0.697079
49.050,451.067,0.629053
49.060,459.416,0.596177
49.070,460.411,0.543558
49.080,455.671,0.559985
49.090,453.472,0.765762
49.100,451.189,0.630908
49.110,452.065,0.643147
49.120,451.487,0.610430
49.130,449.693,0.487185
49.140,252.782,0.409787
49.150,62.455,0.425357
49.160,249.971,0.127507
49.170,251.369,0.285620
49.180,254.397,0.651967
49.190,255.348,0.563072
49.200,255.325,0.559288
49.210,253.217,0.540348
49.220,253.298,0.436040
49.230,389.784,0.387358
49.240,387.904,0.739340
49.250,385.534,0.815893
49.260,384.147,0.850130
49.270,383.392,0.875564
49.280,380.783,0.911892
49.290,379.937,0.920461
49.300,377.949,0.897399
49.310,377.459,0.923042
49.320,377.726,0.922177
49.330,378.845,0.911463
49.340,380.171,0.933078
49.350,380.992,0.934732
49.360,382.284,0.904473
49.370,382.588,0.857756
49.380,382.138,0.788077
49.390,381.352,0.834365
49.400,381.090,0.867247
49.410,380.024,0.917770
49.420,381.360,0.913576
49.430,382.779,0.879145
49.440,386.105,0.877448
49.450,388.955,0.912554
49.460,392.043,0.869287
49.470,396.446,0.796364
49.480,401.201,0.806633
49.490,406.289,0.787469
49.500,408.635,0.655664
49.510,409.633,0.696850
49.520,408.037,0.715952
49.530,405.382,0.839084
49.540,403.833,0.857998
49.550,398.809,0.713138
49.560,395.562,0.802483
49.570,394.235,0.824649
49.580,395.266,0.891997
49.590,396.339,0.858039
49.600,397.341,0.915675
49.610,399.257,0.893272
49.620,399.551,0.895539
49.630,399.175,0.877012
49.640,396.246,0.842390
49.650,391.616,0.794718
49.660,386.008,0.820158
49.670,380.983,0.811103
49.680,370.650,0.786742
49.690,361.804,0.902824
49.700,358.955,0.958088
49.710,358.486,0.961307
49.720,359.779,0.932134
49.730,360.387,0.925544
49.740,359.564,0.931569
49.750,357.135,0.932349
49.760,354.171,0.945188
49.770,350.465,0.934393
49.780,346.009,0.907101
49.790,338.744,0.805017
49.800,328.423,0.672764
49.810,316.031,0.775263
49.820,304.714,0.889593
49.830,299.156,0.876133
49.840,294.240,0.891947
49.850,292.133,0.862381
49.860,292.458,0.838192
49.870,294.857,0.752891
49.880,298.023,0.633648
49.890,300.022,0.364626
49.900,300.309,0.460062
49.910,301.708,0.607615
49.920,304.751,0.496815
49.930,307.683,0.754803
49.940,306.384,0.881807
49.950,304.074,0.932123
49.960,303.613,0.885337
49.970,303.617,0.710981
49.980,297.783,0.548425
49.990,297.382,0.492922
50.000,292.624,0.235086
50.010,299.919,0.080095
50.020,146.884,0.084914
50.030,299.329,0.250264
50.040,297.679,0.375933
50.050,298.153,0.435444
50.060,302.326,0.430595
50.070,302.646,0.550599
50.080,302.967,0.614029
50.090,299.405,0.763098
50.100,298.274,0.815409
50.110,298.258,0.852107
50.120,300.176,0.771130
50.130,301.265,0.398418
50.140,148.737,0.177038
50.150,400.943,0.489522
50.160,398.998,0.594694
50.170,301.352,0.362970
50.180,300.782,0.405405
50.190,246.246,0.274786
50.200,246.378,0.347538
50.210,302.489,0.579088
50.220,302.562,0.798921
50.230,303.599,0.850488
50.240,303.326,0.647969
50.250,302.250,0.519077
50.260,302.517,0.593713
50.270,302.611,0.723366
50.280,304.686,0.839993
50.290,306.976,0.856468
50.300,310.612,0.853565
50.310,315.287,0.851048
50.320,321.532,0.787652
50.330,325.850,0.840313
50.340,328.775,0.857738
50.350,331.173,0.861463
50.360,333.652,0.783036
50.370,334.778,0.568179
50.380,335.121,0.452675
50.390,337.124,0.721922
50.400,339.133,0.824252
50.410,344.146,0.836666
50.420,348.364,0.882191
50.430,353.137,0.873235
50.440,355.495,0.898740
50.450,355.889,0.909608
50.460,354.583,0.911594
50.470,353.123,0.870797
50.480,351.663,0.909235
50.490,348.799,0.887981
50.500,345.556,0.918830
50.510,340.190,0.867717
50.520,335.763,0.921450
50.530,334.586,0.940523
50.540,334.952,0.945370
50.550,336.483,0.931078
50.560,338.962,0.944502
50.570,340.259,0.943619
50.580,340.336,0.934519
50.590,340.333,0.935970
50.600,339.177,0.948978
50.610,337.355,0.934060
50.620,337.675,0.937187
50.630,338.191,0.925276
50.640,337.818,0.894208
50.650,336.442,0.874517
50.660,335.182,0.912898
50.670,334.077,0.855814
50.680,332.297,0.752109
50.690,328.393,0.641713
50.700,327.926,0.725003
50.710,328.905,0.829721
50.720,330.495,0.890657
50.730,332.572,0.881712
50.740,335.335,0.915528
50.750,338.101,0.935006
50.760,339.856,0.922265
50.770,341.134,0.918945
50.780,341.764,0.936321
50.790,342.292,0.943438
50.800,340.476,0.905691
50.810,338.493,0.933014
50.820,336.954,0.914740
50.830,336.479,0.890559
50.840,334.603,0.908668
50.850,333.005,0.832393
50.860,330.381,0.553890
50.870,306.883,0.517567
50.880,299.570,0.578208
50.890,297.328,0.450917
50.900,297.809,0.415359
50.910,298.340,0.351865
50.920,49.466,0.443961
50.930,297.956,0.450008
50.940,299.978,0.754885
50.950,303.061,0.572799
50.960,328.445,0.439559
50.970,342.254,0.374253
50.980,349.572,0.683041
50.990,353.926,0.792880
51.000,358.567,0.847332
51.010,363.401,0.909003
51.020,366.823,0.940509
51.030,367.684,0.933115
51.040,367.015,0.918853
51.050,365.753,0.885114
51.060,363.300,0.889983
51.070,360.425,0.849762
51.080,356.886,0.869104
51.090,352.485,0.898001
51.100,347.799,0.903091
51.110,343.531,0.924311
51.120,339.181,0.898366
51.130,334.804,0.858374
51.140,328.674,0.683961
51.150,323.354,0.758043
51.160,324.444,0.786113
51.170,327.460,0.826390
51.180,330.720,0.855578
51.190,336.416,0.568821
51.200,349.523,0.698693
51.210,354.568,0.927222
51.220,355.030,0.933795
51.230,352.350,0.886363
51.240,348.028,0.863584
51.250,342.905,0.886783
51.260,338.377,0.805965
51.270,330.559,0.671646
51.280,322.851,0.620739
51.290,313.388,0.860086
51.300,309.409,0.950197
51.310,307.563,0.959724
51.320,306.409,0.957203
51.330,305.057,0.946010
51.340,303.082,0.848093
51.350,301.330,0.746459
51.360,302.563,0.444158
51.370,1156.546,0.033604
51.380,1165.751,0.008754
51.390,304.186,0.100528
51.400,304.193,0.528641
51.410,303.031,0.675834
51.420,302.764,0.782476
51.430,304.328,0.738999
51.440,304.440,0.741469
51.450,302.017,0.711207
51.460,299.543,0.759489
51.470,301.812,0.817220
51.480,301.340,0.688253
51.490,298.050,0.861179
51.500,297.397,0.881147
51.510,297.048,0.899762
51.520,296.019,0.929990
51.530,294.969,0.957071
51.540,293.520,0.930163
51.550,289.761,0.810970
51.560,283.951,0.869053
51.570,274.871,0.850887
51.580,266.011,0.882295
51.590,262.542,0.890960
51.600,262.123,0.856477
51.610,261.316,0.826158
51.620,262.331,0.899061
51.630,263.693,0.917152
51.640,264.585,0.918126
51.650,265.112,0.951117
51.660,265.576,0.942556
51.670,264.505,0.905733
51.680,263.670,0.908208
51.690,263.289,0.899461
51.700,263.132,0.913125
51.710,263.530,0.880484
51.720,264.704,0.795922
51.730,267.188,0.746201
51.740,270.760,0.556729
51.750,273.324,0.641667
51.760,284.545,0.432494
51.770,291.094,0.672595
51.780,291.980,0.713601
51.790,293.727,0.568648
51.800,295.865,0.365747
51.810,443.642,0.264060
51.820,448.628,0.332971
51.830,489.551,0.235947
51.840,302.561,0.322023
51.850,304.595,0.662677
51.860,304.208,0.383320
51.870,133.688,0.357081
51.880,133.240,0.372849
51.890,536.322,0.278467
51.900,461.744,0.127421
51.910,321.190,0.117935
51.920,328.503,0.308421
51.930,327.424,0.442640
51.940,326.322,0.354425
51.950,315.266,0.378238
51.960,299.323,0.282581
51.970,299.608,0.623418
51.980,298.725,0.627084
51.990,298.992,0.612398
52.000,299.076,0.421350
52.010,329.411,0.398554
52.020,332.861,0.299814
52.030,448.332,0.222799
52.040,449.006,0.295032
52.050,447.148,0.608375
52.060,446.907,0.861071
52.070,445.299,0.743837
52.080,442.484,0.388486
52.090,299.129,0.461298
52.100,296.335,0.412084
52.110,293.806,0.353159
52.120,270.922,0.337183
52.130,268.987,0.389134
52.140,297.554,0.281951
52.150,332.528,0.622474
52.160,333.991,0.758103
52.170,334.818,0.812977
52.180,335.377,0.830911
52.190,336.672,0.755948
52.200,335.602,0.727324
52.210,333.046,0.721514
52.220,331.612,0.809582
52.230,332.791,0.514295
52.240,274.745,0.600566
52.250,273.363,0.614980
52.260,271.221,0.896791
52.270,270.095,0.844876
52.280,269.349,0.864964
52.290,268.763,0.878543
52.300,268.486,0.764643
52.310,268.405,0.672468
52.320,267.454,0.382694
52.330,1082.443,0.076689
52.340,994.512,0.089311
52.350,1042.288,0.041168
52.360,553.541,0.025032
52.370,1074.176,0.025688
52.380,1071.745,0.056131
52.390,1056.895,0.094979
52.400,1055.015,0.067512
52.410,349.016,0.089967
52.420,218.126,0.247658
52.430,324.304,0.314725
52.440,337.314,0.395513
52.450,348.545,0.246113
52.460,348.728,0.277907
52.470,343.114,0.338731
52.480,390.726,0.408859
52.490,392.269,0.401411
52.500,258.135,0.263206
52.510,246.013,0.361861
52.520,260.954,0.320641
52.530,266.884,0.317942
52.540,291.528,0.479953
52.550,297.108,0.314187
52.560,324.101,0.183958
52.570,320.788,0.397642
52.580,317.456,0.581652
52.590,317.247,0.372269
52.600,300.617,0.356756
52.610,300.791,0.564546
52.620,303.653,0.712625
52.630,306.568,0.870548
52.640,307.817,0.936264
52.650,308.198,0.951789
52.660,307.250,0.919662
52.670,306.455,0.880328
52.680,306.787,0.834582
52.690,308.869,0.822501
52.700,310.893,0.803019
52.710,311.100,0.842448
52.720,309.328,0.926092
52.730,308.404,0.931081
52.740,306.127,0.934833
52.750,303.970,0.921812
52.760,301.467,0.930220
52.770,298.485,0.927232
52.780,296.463,0.908990
52.790,296.719,0.892910
52.800,298.733,0.918575
52.810,301.375,0.950256
52.820,301.675,0.942334
52.830,298.523,0.872107
52.840,293.435,0.756086
52.850,289.107,0.493660
52.860,264.463,0.387408
52.870,250.073,0.657028
52.880,249.145,0.589410
52.890,245.973,0.652316
52.900,249.950,0.727705
52.910,251.574,0.743424
52.920,252.733,0.797245
52.930,252.665,0.816127
52.940,252.535,0.765583
52.950,254.430,0.485938
52.960,274.935,0.415561
52.970,275.249,0.642288
52.980,275.569,0.642450
52.990,280.016,0.710244
53.000,281.191,0.787603
53.010,282.161,0.735117
53.020,281.926,0.754957
53.030,280.964,0.707936
53.040,277.615,0.747150
53.050,274.303,0.902169
53.060,273.203,0.925163
53.070,270.486,0.905360
53.080,266.803,0.853943
53.090,261.116,0.734506
53.100,254.096,0.621490
53.110,249.335,0.559799
53.120,243.925,0.529722
53.130,240.521,0.621928
53.140,239.045,0.695067
53.150,242.288,0.748349
53.160,244.999,0.806705
53.170,246.961,0.794085
53.180,248.574,0.691569
53.190,250.692,0.570994
53.200,250.095,0.542385
53.210,228.535,0.331218
53.220,237.012,0.366553
53.230,242.744,0.519346
53.240,249.009,0.500452
53.250,251.763,0.743454
53.260,252.052,0.800902
53.270,250.970,0.761579
53.280,253.204,0.825874
53.290,252.687,0.808863
53.300,250.702,0.763627
53.310,249.765,0.713357
53.320,248.203,0.379902
53.330,230.072,0.539701
53.340,230.101,0.678443
53.350,229.786,0.744634
53.360,228.792,0.628975
53.370,225.284,0.732435
53.380,224.067,0.823634
53.390,224.166,0.848879
53.400,223.951,0.789126
53.410,223.708,0.612565
53.420,223.507,0.472821
53.430,223.370,0.335620
53.440,224.283,0.619353
53.450,224.314,0.595773
53.460,227.169,0.421699
53.470,225.561,0.367653
53.480,221.039,0.423643
53.490,220.706,0.396362
53.500,221.725,0.645561
53.510,221.003,0.762496
53.520,220.795,0.834960
53.530,221.173,0.886360
53.540,221.362,0.821118
53.550,222.769,0.604936
53.560,224.930,0.205388
53.570,1762.913,0.049429
53.580,1758.342,0.120449
53.590,41.027,0.051366
53.600,41.449,0.053461
53.610,269.631,0.073031
53.620,366.640,0.371597
53.630,32.856,0.168827
53.640,32.947,0.210958
53.650,33.068,0.210242
53.660,397.356,0.384262
53.670,391.628,0.498934
53.680,387.914,0.472632
53.690,190.880,0.545231
53.700,384.843,0.441958
53.710,213.194,0.098597
53.720,212.706,0.241587
53.730,493.751,0.105103
53.740,497.971,0.232017
53.750,500.975,0.329495
53.760,255.770,0.469406
53.770,255.446,0.496181
53.780,255.472,0.249696
53.790,196.658,0.350717
53.800,196.922,0.571466
53.810,197.337,0.381376
53.820,200.572,0.344634
53.830,203.415,0.241619
53.840,997.231,0.049116
53.850,996.741,0.058801
53.860,996.370,0.109291
53.870,1001.042,0.090144
53.880,242.498,0.292542
53.890,245.182,0.706963
53.900,243.885,0.802490
53.910,243.432,0.811164
53.920,245.387,0.819822
53.930,246.245,0.806133
53.940,246.577,0.781163
53.950,496.873,0.668154
53.960,498.181,0.571647
53.970,247.596,0.798208
53.980,247.584,0.848690
53.990,246.920,0.855109
54.000,244.968,0.917951
54.010,243.126,0.918293
54.020,241.642,0.855388
54.030,238.082,0.822621
54.040,237.049,0.856553
54.050,235.180,0.835935
54.060,232.092,0.737664
54.070,227.133,0.714237
54.080,223.717,0.777748
54.090,222.116,0.779767
54.100,218.131,0.652291
54.110,212.714,0.656797
54.120,207.570,0.683817
54.130,206.372,0.758514
54.140,202.709,0.732094
54.150,201.985,0.666882
54.160,196.469,0.208880
54.170,195.568,0.298058
54.180,213.890,0.579603
54.190,208.930,0.694954
54.200,208.094,0.785695
54.210,206.904,0.820846
54.220,205.497,0.831135
54.230,204.470,0.753278
54.240,206.073,0.535478
54.250,213.808,0.335855
54.260,542.577,0.025952
54.270,1025.077,0.067908
54.280,195.715,0.080733
54.290,228.435,0.040801
54.300,32.534,0.039238
54.310,34.021,0.198043
54.320,33.541,0.153659
54.330,33.596,0.055334
54.340,33.034,0.067790
54.350,50.492,0.132009
54.360,50.917,0.152633
54.370,34.090,0.248062
54.380,52.362,0.110504
54.390,54.132,0.082746
54.400,119.195,0.023501
54.410,195.635,0.229165
54.420,33.203,0.092106
54.430,33.171,0.212600
54.440,32.792,0.076704
54.450,195.945,0.062449
54.460,198.118,0.211193
54.470,200.574,0.328379
54.480,200.425,0.606170
54.490,202.691,0.429904
54.500,135.412,0.114187
54.510,32.221,0.004857
54.520,57.922,0.003903
54.530,230.239,0.035894
54.540,1195.865,0.033379
54.550,157.672,0.032948
54.560,1774.718,0.031328
54.570,32.439,0.020311
54.580,54.580,0.029002
54.590,55.423,0.022885
54.600,1893.882,0.051942
54.610,1974.769,0.101639
54.620,994.238,0.061468
54.630,1002.257,0.170896
54.640,1002.511,0.184757
54.650,34.164,0.322163
54.660,34.326,0.194789
54.670,34.254,0.121206
54.680,41.413,0.107993
54.690,49.253,0.309700
54.700,49.912,0.494572
54.710,107.768,0.086665
54.720,296.750,0.334681
54.730,148.055,0.645361
54.740,148.833,0.739070
54.750,149.295,0.629012
54.760,149.564,0.606169
54.770,36.881,0.307323
54.780,147.254,0.183784
54.790,83.904,0.008229
54.800,32.500,0.012926
54.810,50.195,0.126589
54.820,49.847,0.364674
54.830,49.663,0.157601
54.840,49.435,0.118525
54.850,150.771,0.070873
54.860,404.467,0.240786
54.870,402.776,0.166200
54.880,198.463,0.639275
54.890,198.792,0.687283
54.900,198.429,0.698918
54.910,198.996,0.662476
54.920,200.234,0.617947
54.930,201.597,0.572485
54.940,200.537,0.260204
54.950,540.515,0.156597
54.960,989.829,0.134536
54.970,1964.693,0.019138
54.980,55.577,0.163411
54.990,55.938,0.173829
55.000,1220.303,0.030565
55.010,1974.572,0.042751
55.020,1001.199,0.022783
55.030,1159.755,0.032877
55.040,32.333,0.014621
55.050,32.360,0.007426
55.060,35.333,0.015614
55.070,1179.078,0.027082
55.080,1186.641,0.032429
55.090,988.767,0.015565
55.100,233.631,0.040240
55.110,35.696,0.017912
55.120,992.425,0.084658
55.130,38.038,0.189286
55.140,1006.217,0.107928
55.150,995.816,0.040082
55.160,558.033,0.269516
55.170,199.758,0.398693
55.180,199.140,0.550649
55.190,200.226,0.217626
55.200,200.220,0.044376
55.210,199.983,0.504228
55.220,201.882,0.485137
55.230,201.046,0.217028
55.240,202.734,0.187948
55.250,201.934,0.443252
55.260,202.757,0.668329
55.270,202.640,0.278097
55.280,1120.556,0.019671
55.290,1220.642,0.011667
55.300,1239.876,0.011409
55.310,1110.954,0.008937
55.320,331.204,0.006865
55.330,330.446,0.071424
55.340,556.938,0.122196
55.350,142.284,0.039750
55.360,142.642,0.022839
55.370,1318.722,0.017167
55.380,1321.246,0.009957
55.390,150.138,0.055002
55.400,332.305,0.128955
55.410,330.885,0.404860
55.420,332.452,0.437953
55.430,168.155,0.473759
55.440,167.915,0.587823
55.450,167.370,0.652215
55.460,166.516,0.687725
55.470,165.803,0.856779
55.480,165.276,0.867640
55.490,164.563,0.756108
55.500,162.901,0.483820
55.510,48.412,0.332235
55.520,48.743,0.046933
55.530,54.218,0.040375
55.540,85.822,0.027743
55.550,35.503,0.207399
55.560,35.127,0.258078
55.570,35.346,0.013015
55.580,49.343,0.022722
55.590,32.210,0.005104
55.600,32.212,0.020125
55.610,32.305,0.018045
55.620,1250.288,0.020810
55.630,1284.337,0.013830
55.640,1295.278,0.007664
55.650,1290.254,0.002267
55.660,1217.112,0.011813
55.670,1168.496,0.026017
55.680,885.884,0.031243
55.690,35.527,0.162518
55.700,33.373,0.014611
55.710,36.273,0.011578
55.720,32.413,0.002990
55.730,44.590,0.003560
55.740,87.439,0.005799
55.750,984.652,0.007807
55.760,32.323,0.006268
55.770,440.806,0.049755
55.780,32.084,0.063009
55.790,32.265,0.199289
55.800,32.222,0.110389
55.810,46.617,0.080843
55.820,1206.693,0.002110
55.830,35.202,0.014240
55.840,1771.699,0.034537
55.850,32.240,0.010080
55.860,45.948,0.018594
55.870,226.667,0.022941
55.880,291.095,0.281262
55.890,292.782,0.371201
55.900,291.312,0.260620
55.910,292.273,0.404727
55.920,293.853,0.571326
55.930,295.487,0.446772
55.940,293.000,0.313640
55.950,276.658,0.267450
55.960,269.777,0.339225
55.970,269.679,0.113575
55.980,658.617,0.130324
55.990,32.418,0.012984
56.000,934.870,0.018898
56.010,32.297,0.008050
56.020,44.545,0.030946
56.030,32.184,0.037816
56.040,32.336,0.010643
56.050,295.364,0.039960
56.060,293.692,0.125916
56.070,293.403,0.310849
56.080,292.130,0.223919
56.090,292.018,0.371155
56.100,293.306,0.614305
56.110,291.085,0.220737
56.120,292.583,0.101728
56.130,295.584,0.081782
56.140,295.547,0.108884
56.150,292.754,0.073287
56.160,109.798,0.042576
56.170,448.177,0.039397
56.180,448.647,0.053777
56.190,448.759,0.075697
56.200,290.415,0.064597
56.210,443.351,0.039643
56.220,1783.224,0.025466
56.230,1790.307,0.019559
56.240,586.094,0.181854
56.250,586.914,0.109523
56.260,220.572,0.130765
56.270,175.049,0.039762
56.280,32.173,0.016659
56.290,1445.264,0.003616
56.300,880.041,0.008559
56.310,1086.625,0.008648
56.320,32.811,0.006881
56.330,48.587,0.009702
56.340,49.271,0.009031
56.350,1967.659,0.014818
56.360,1238.258,0.032399
56.370,1235.363,0.034136
56.380,33.520,0.021308
56.390,32.995,0.025048
56.400,891.779,0.047629
56.410,32.598,0.019669
56.420,33.093,0.021645
56.430,55.067,0.017584
56.440,44.995,0.024499
56.450,55.301,0.007784
56.460,1963.078,0.005569
56.470,1030.267,0.011411
56.480,661.876,0.021532
56.490,671.313,0.061003
56.500,587.789,0.141259
56.510,1114.281,0.025282
56.520,1133.760,0.035216
56.530,1147.215,0.014394
56.540,1219.048,0.004624
56.550,1311.046,0.007041
56.560,1317.259,0.028986
56.570,33.057,0.012076
56.580,1323.292,0.012903
56.590,1073.648,0.004319
56.600,447.790,0.043941
56.610,451.403,0.082101
56.620,449.125,0.298631
56.630,446.832,0.267136
56.640,446.055,0.125530
56.650,447.190,0.012229
56.660,32.233,0.003370
56.670,1331.948,0.005458
56.680,1394.772,0.033943
56.690,698.082,0.040368
56.700,1321.643,0.022753
56.710,55.139,0.044721
56.720,55.185,0.057166
56.730,448.355,0.025731
56.740,578.912,0.270781
56.750,576.826,0.132089
56.760,263.475,0.019482
56.770,1709.448,0.020302
56.780,1688.278,0.010860
56.790,1160.835,0.007790
56.800,882.371,0.005445
56.810,32.252,0.003185
56.820,1164.741,0.007155
56.830,1405.404,0.006959
56.840,32.352,0.038462
56.850,32.085,0.037539
56.860,1330.481,0.011430
56.870,1464.782,0.022134
56.880,32.118,0.049961
56.890,31.996,0.134364
56.900,32.198,0.100242
56.910,32.678,0.150802
56.920,32.688,0.152736
56.930,32.389,0.082074
56.940,250.577,0.379608
56.950,250.587,0.466736
56.960,251.184,0.659232
56.970,250.935,0.774303
56.980,249.497,0.635631
56.990,245.914,0.353273
57.000,294.666,0.124193
57.010,874.285,0.051915
57.020,48.470,0.026004
57.030,32.878,0.043346
57.040,877.265,0.008235
57.050,1164.776,0.022547
57.060,253.653,0.048536
57.070,252.652,0.013090
57.080,252.806,0.413218
57.090,251.064,0.689572
57.100,251.865,0.654938
57.110,234.271,0.220068
57.120,32.744,0.486242
57.130,32.804,0.481953
57.140,46.933,0.090330
57.150,46.610,0.425655
57.160,46.479,0.047419
57.170,1849.488,0.006074
57.180,32.171,0.014552
57.190,32.118,0.028389
57.200,35.585,0.014575
57.210,243.153,0.088163
57.220,935.652,0.050020
57.230,230.389,0.088194
57.240,259.953,0.207385
57.250,255.226,0.222902
57.260,32.215,0.048882
57.270,32.251,0.098209
57.280,32.312,0.026994
57.290,1961.886,0.007907
57.300,1962.951,0.028058
57.310,1958.764,0.014712
57.320,32.194,0.010290
57.330,35.578,0.033767
57.340,1326.388,0.021945
57.350,150.418,0.044003
57.360,150.638,0.092207
57.370,32.197,0.060167
57.380,32.146,0.073737
57.390,35.965,0.011836
57.400,35.004,0.072713
57.410,35.310,0.208823
57.420,888.663,0.007546
57.430,222.946,0.018201
57.440,225.278,0.066884
57.450,226.212,0.153621
57.460,224.970,0.150316
57.470,222.849,0.153042
57.480,150.880,0.091051
57.490,37.961,0.008054
57.500,37.979,0.012277
57.510,32.986,0.008049
57.520,54.426,0.014243
57.530,32.325,0.007272
57.540,448.456,0.004675
57.550,886.497,0.014942
57.560,888.193,0.029008
57.570,446.657,0.035807
57.580,534.787,0.107010
57.590,181.037,0.159743
57.600,180.030,0.127319
57.610,32.156,0.030107
57.620,32.249,0.010137
57.630,404.395,0.049679
57.640,32.486,0.032562
57.650,35.468,0.083075
57.660,35.451,0.021743
57.670,54.496,0.015180
57.680,133.122,0.047054
57.690,397.034,0.057129
57.700,201.933,0.436853
57.710,203.649,0.348308
57.720,201.478,0.206037
57.730,201.058,0.369675
57.740,199.728,0.217569
57.750,420.706,0.027736
57.760,32.359,0.106232
57.770,32.184,0.060435
57.780,32.155,0.011085
57.790,33.150,0.005724
57.800,99.566,0.005334
57.810,99.383,0.005111
57.820,662.732,0.016411
57.830,599.191,0.017702
57.840,598.227,0.067341
57.850,163.717,0.035272
57.860,32.616,0.171644
57.870,33.035,0.057527
57.880,46.290,0.029504
57.890,1212.772,0.006884
57.900,1191.053,0.031010
57.910,141.193,0.050970
57.920,140.398,0.015259
57.930,1784.656,0.006198
57.940,1837.968,0.011035
57.950,127.670,0.015051
57.960,125.727,0.071491
57.970,241.328,0.045751
57.980,224.111,0.023125
57.990,32.718,0.031023
58.000,32.376,0.091548
58.010,1189.957,0.013806
58.020,1169.230,0.011717
58.030,994.046,0.014071
58.040,32.467,0.013800
58.050,46.823,0.015654
58.060,53.499,0.049426
58.070,52.933,0.246872
58.080,52.451,0.355514
58.090,48.048,0.015889
58.100,43.527,0.015379
58.110,43.812,0.054309
58.120,403.401,0.035651
58.130,408.355,0.153974
58.140,406.192,0.122246
58.150,411.610,0.112999
58.160,400.496,0.077889
58.170,397.853,0.098078
58.180,402.194,0.305698
58.190,402.931,0.526205
58.200,401.099,0.463077
58.210,587.390,0.174720
58.220,581.578,0.182779
58.230,301.866,0.096644
58.240,32.900,0.048325
58.250,32.799,0.056430
58.260,36.041,0.024146
58.270,36.006,0.010309
58.280,401.238,0.006112
58.290,50.137,0.011384
58.300,49.485,0.021518
58.310,32.838,0.042694
58.320,32.600,0.066994
58.330,32.679,0.068705
58.340,33.344,0.118990
58.350,33.562,0.161322
58.360,403.539,0.441790
58.370,402.939,0.089076
58.380,99.550,0.330362
58.390,99.494,0.535812
58.400,99.168,0.437250
58.410,99.485,0.324997
58.420,202.445,0.383187
58.430,200.856,0.065167
58.440,54.467,0.003370
58.450,32.966,0.207792
58.460,33.030,0.052244
58.470,1192.478,0.009091
58.480,331.733,0.142882
58.490,328.749,0.297190
58.500,332.299,0.067064
58.510,33.550,0.675866
58.520,33.596,0.541905
58.530,55.898,0.185426
58.540,55.517,0.150617
58.550,41.547,0.138182
58.560,54.705,0.059603
58.570,54.775,0.254288
58.580,163.919,0.119177
58.590,671.430,0.076149
58.600,291.192,0.083601
58.610,32.281,0.060899
58.620,32.857,0.164472
58.630,32.272,0.024956
58.640,49.183,0.145515
58.650,49.355,0.093885
58.660,49.806,0.040467
58.670,37.277,0.447120
58.680,37.613,0.610801
58.690,49.560,0.144840
58.700,49.747,0.294925
58.710,49.612,0.041283
58.720,33.104,0.029995
58.730,75.460,0.017533
58.740,1967.469,0.007121
58.750,37.027,0.088632
58.760,33.452,0.594522
58.770,33.311,0.834289
58.780,33.097,0.410109
58.790,98.525,0.310407
58.800,98.370,0.413304
58.810,99.038,0.563048
58.820,98.522,0.335144
58.830,99.071,0.066222
58.840,73.920,0.196840
58.850,73.515,0.531981
58.860,72.645,0.182579
58.870,134.589,0.227319
58.880,135.155,0.176239
58.890,203.797,0.198210
58.900,145.793,0.113707
58.910,100.152,0.056416
58.920,1962.290,0.024214
58.930,163.121,0.130267
58.940,162.771,0.160581
58.950,500.542,0.074550
58.960,501.306,0.061545
58.970,33.084,0.122386
58.980,40.183,0.111930
58.990,32.623,0.027784
59.000,32.682,0.026396
59.010,1196.406,0.013947
59.020,1190.374,0.039297
59.030,50.923,0.111538
59.040,50.869,0.554868
59.050,1191.615,0.034588
59.060,1187.524,0.049335
59.070,39.328,0.035447
59.080,538.966,0.378400
59.090,526.664,0.402400
59.100,532.994,0.136808
59.110,32.415,0.052736
59.120,32.697,0.031689
59.130,32.710,0.049245
59.140,885.429,0.007783
59.150,203.979,0.005124
59.160,203.833,0.126465
59.170,198.414,0.500989
59.180,198.492,0.487136
59.190,199.128,0.329172
59.200,592.834,0.297482
59.210,1185.234,0.017191
59.220,1708.418,0.081911
59.230,32.468,0.030592
59.240,32.669,0.014742
59.250,881.953,0.012080
59.260,1183.075,0.036880
59.270,585.144,0.045175
59.280,1150.198,0.035631
59.290,1159.704,0.023613
59.300,1968.286,0.020578
59.310,990.287,0.035661
59.320,985.703,0.020846
59.330,154.360,0.041462
59.340,162.154,0.303050
59.350,165.890,0.430152
59.360,56.257,0.339219
59.370,166.975,0.612706
59.380,165.613,0.620922
59.390,164.185,0.503401
59.400,164.361,0.255762
59.410,86.643,0.055070
59.420,54.976,0.017602
59.430,47.447,0.039777
59.440,46.975,0.163793
59.450,55.923,0.032487
59.460,56.262,0.018776
59.470,32.508,0.012200
59.480,1970.941,0.026604
59.490,1973.283,0.030968
59.500,1223.182,0.006767
59.510,49.486,0.004685
59.520,32.250,0.013728
59.530,55.281,0.043653
59.540,55.573,0.050770
59.550,61.591,0.013085
59.560,32.685,0.055289
59.570,295.785,0.238157
59.580,289.854,0.352116
59.590,297.574,0.221508
59.600,295.668,0.344335
59.610,294.454,0.543879
59.620,292.151,0.423182
59.630,288.226,0.404045
59.640,285.564,0.439440
59.650,220.805,0.174941
59.660,223.719,0.091300
59.670,98.798,0.109455
59.680,32.726,0.041853
59.690,33.725,0.001977
59.700,204.038,0.006951
59.710,218.720,0.015095
59.720,32.544,0.162894
59.730,33.672,0.253259
59.740,34.224,0.066479
59.750,32.394,0.005519
59.760,32.566,0.006751
59.770,1970.579,0.019527
59.780,1966.526,0.013246
59.790,1322.547,0.019571
59.800,1334.232,0.018226
59.810,132.448,0.073490
59.820,293.224,0.460010
59.830,292.131,0.448477
59.840,33.078,0.174128
59.850,294.563,0.391322
59.860,291.919,0.565016
59.870,285.456,0.374953
59.880,34.012,0.055956
59.890,105.875,0.040835
59.900,106.637,0.092756
59.910,62.690,0.179007
59.920,55.207,0.021752
59.930,285.392,0.343313
59.940,49.142,0.041396
59.950,293.986,0.052753
59.960,32.156,0.057052
59.970,32.334,0.046618
59.980,293.098,0.101910
59.990,291.832,0.422310
60.000,291.121,0.403514
60.010,290.959,0.598843
60.020,290.647,0.717754
60.030,292.668,0.453227
60.040,291.184,0.253722
60.050,289.765,0.113714
60.060,273.776,0.024775
60.070,1319.002,0.028791
60.080,1319.587,0.109677
60.090,1327.762,0.138884
60.100,1326.397,0.147572
60.110,295.680,0.183300
60.120,32.318,0.037248
60.130,662.671,0.028767
60.140,290.116,0.112978
60.150,291.594,0.130309
60.160,291.729,0.216598
60.170,150.038,0.193103
60.180,289.990,0.129970
60.190,273.204,0.206378
60.200,270.454,0.416600
60.210,269.905,0.162567
60.220,271.536,0.251844
60.230,270.487,0.386462
60.240,270.198,0.142736
60.250,1964.521,0.010880
60.260,33.380,0.019844
60.270,1967.715,0.023596
60.280,1972.241,0.019412
60.290,1978.018,0.012829
60.300,1978.264,0.006093
60.310,1318.644,0.006676
60.320,32.167,0.010467
60.330,54.999,0.084949
60.340,229.201,0.111979
60.350,232.286,0.081311
60.360,445.405,0.033136
60.370,32.401,0.012492
60.380,445.824,0.007817
60.390,443.709,0.089544
60.400,445.250,0.210304
60.410,448.915,0.083760
60.420,1352.631,0.016955
60.430,157.609,0.166221
60.440,155.611,0.255239
60.450,76.529,0.076360
60.460,47.124,0.064112
60.470,46.898,0.067381
60.480,874.444,0.034937
60.490,876.848,0.004039
60.500,879.647,0.013393
60.510,1772.238,0.014874
60.520,1325.635,0.007824
60.530,530.775,0.069247
60.540,532.385,0.130343
60.550,539.989,0.136169
60.560,304.906,0.080803
60.570,322.039,0.105983
60.580,324.607,0.097426
60.590,344.335,0.109590
60.600,344.608,0.089129
60.610,660.205,0.078070
60.620,661.206,0.148646
60.630,670.957,0.130613
60.640,675.928,0.079383
60.650,1339.390,0.080471
60.660,1338.370,0.044158
60.670,663.308,0.085135
60.680,577.051,0.343482
60.690,357.078,0.145745
60.700,361.052,0.039797
60.710,35.655,0.121266
60.720,39.319,0.027289
60.730,32.235,0.004381
60.740,1915.471,0.011098
60.750,1916.422,0.007119
60.760,1324.960,0.010178
60.770,126.614,0.076938
60.780,257.618,0.268364
60.790,257.089,0.506552
60.800,262.956,0.265870
60.810,265.634,0.221228
60.820,243.946,0.096016
60.830,986.574,0.024903
60.840,991.136,0.028062
60.850,32.083,0.010723
60.860,1768.436,0.017383
60.870,35.711,0.041135
60.880,249.927,0.398184
60.890,249.071,0.715049
60.900,248.431,0.692375
60.910,245.883,0.670589
60.920,243.818,0.393343
60.930,257.596,0.253987
60.940,32.806,0.257248
60.950,32.657,0.097229
60.960,32.958,0.012626
60.970,1322.474,0.007841
60.980,1318.149,0.014183
60.990,253.337,0.029208
61.000,254.961,0.153729
61.010,255.988,0.560675
61.020,253.464,0.618564
61.030,250.809,0.702719
61.040,246.349,0.312704
61.050,243.636,0.276313
61.060,547.918,0.047233
61.070,267.435,0.374872
61.080,259.159,0.512817
61.090,255.636,0.552777
61.100,253.770,0.718973
61.110,252.837,0.794102
61.120,250.637,0.703889
61.130,249.272,0.571357
61.140,246.310,0.677394
61.150,244.093,0.620605
61.160,107.421,0.090305
61.170,713.077,0.059054
61.180,980.913,0.012980
61.190,32.167,0.037354
61.200,32.280,0.192380
61.210,32.703,0.071368
61.220,32.964,0.149046
61.230,33.096,0.035036
61.240,33.300,0.018883
61.250,1739.443,0.022958
61.260,32.670,0.016966
61.270,32.264,0.011179
61.280,1822.588,0.014034
61.290,1790.646,0.023872
61.300,32.335,0.035693
61.310,32.337,0.013526
61.320,32.984,0.004446
61.330,1168.670,0.010387
61.340,32.805,0.020967
61.350,873.915,0.018402
61.360,873.217,0.017303
61.370,1771.265,0.076038
61.380,1778.260,0.055355
61.390,1811.735,0.020582
61.400,55.021,0.059353
61.410,599.583,0.074487
61.420,1189.341,0.058126
61.430,1967.037,0.019987
61.440,991.328,0.004637
61.450,954.258,0.006902
61.460,966.509,0.011243
61.470,1320.095,0.013542
61.480,32.300,0.012994
61.490,32.188,0.057094
61.500,32.232,0.031274
61.510,43.863,0.015194
61.520,131.599,0.014622
61.530,32.147,0.018326
61.540,157.934,0.011186
61.550,32.006,0.107854
61.560,32.115,0.041940
61.570,154.354,0.122036
61.580,32.453,0.096602
61.590,32.928,0.612690
61.600,32.672,0.117724
61.610,54.801,0.128396
61.620,144.112,0.079381
61.630,195.366,0.021903
61.640,202.120,0.135229
61.650,65.798,0.052080
61.660,32.135,0.039919
61.670,32.252,0.021122
61.680,56.354,0.042376
61.690,55.468,0.018997
61.700,36.574,0.063886
61.710,36.506,0.027387
61.720,1967.639,0.006334
61.730,1975.167,0.019456
61.740,1075.969,0.007166
61.750,1253.405,0.006515
61.760,52.601,0.206584
61.770,51.470,0.085173
61.780,492.195,0.062708
61.790,32.931,0.047494
61.800,34.369,0.210671
61.810,35.469,0.195808
61.820,44.687,0.014686
61.830,44.791,0.003937
61.840,43.958,0.019079
61.850,42.634,0.390691
61.860,42.380,0.343778
61.870,32.355,0.010921
61.880,32.224,0.025326
61.890,1191.956,0.015056
61.900,1173.103,0.012256
61.910,1182.904,0.009376
61.920,32.563,0.030087
61.930,1971.484,0.027366
61.940,1216.901,0.011530
61.950,1876.206,0.015263
61.960,1965.700,0.012551
61.970,32.186,0.016666
61.980,997.832,0.054984
61.990,1962.334,0.010778
62.000,57.322,0.012740
62.010,55.474,0.030525
62.020,54.682,0.012630
62.030,1223.492,0.020716
62.040,45.056,0.088030
62.050,45.833,0.343918
62.060,45.169,0.086061
62.070,33.302,0.239534
62.080,996.850,0.039955
62.090,1000.909,0.064549
62.100,32.377,0.130518
62.110,32.565,0.302216
62.120,350.301,0.256989
62.130,332.464,0.427851
62.140,336.113,0.534671
62.150,37.039,0.282383
62.160,339.067,0.100662
62.170,326.105,0.239316
62.180,393.792,0.210297
62.190,394.234,0.295468
62.200,397.768,0.216792
62.210,397.955,0.183236
62.220,292.977,0.332529
62.230,320.652,0.397683
62.240,329.555,0.455680
62.250,321.935,0.302221
62.260,308.329,0.351275
62.270,328.929,0.357265
62.280,391.335,0.674431
62.290,394.983,0.562599
62.300,497.027,0.305622
62.310,500.894,0.694211
62.320,506.312,0.810831
62.330,513.812,0.910635
62.340,517.761,0.930543
62.350,518.608,0.941112
62.360,516.526,0.913996
62.370,513.392,0.863389
62.380,509.624,0.711642
62.390,502.686,0.589154
62.400,498.094,0.291934
62.410,243.023,0.074567
62.420,332.029,0.157467
62.430,333.538,0.436702
62.440,334.887,0.527002
62.450,336.657,0.488917
62.460,334.887,0.531133
62.470,332.126,0.305074
62.480,327.373,0.132561
62.490,323.134,0.177924
62.500,431.674,0.361057
62.510,443.390,0.523844
62.520,441.972,0.604200
62.530,446.859,0.825473
62.540,449.866,0.839369
62.550,450.569,0.802064
62.560,446.110,0.773711
62.570,437.632,0.855691
62.580,427.883,0.781473
62.590,421.115,0.860362
62.600,422.504,0.819123
62.610,433.061,0.852794
62.620,439.687,0.917395
62.630,443.712,0.904574
62.640,445.755,0.909868
62.650,447.756,0.904784
62.660,448.931,0.878414
62.670,449.326,0.814363
62.680,444.924,0.738941
62.690,441.076,0.579990
62.700,437.712,0.392163
62.710,878.184,0.395698
62.720,411.254,0.258249
62.730,405.672,0.445703
62.740,404.323,0.658443
62.750,403.247,0.758942
62.760,402.818,0.821492
62.770,401.623,0.822520
62.780,399.695,0.789368
62.790,399.653,0.870251
62.800,399.876,0.918383
62.810,398.971,0.941795
62.820,397.941,0.933365
62.830,395.746,0.884268
62.840,393.424,0.911353
62.850,392.027,0.903255
62.860,390.558,0.893859
62.870,388.975,0.907984
62.880,388.268,0.910502
62.890,389.687,0.902885
62.900,394.344,0.865615
62.910,399.487,0.845542
62.920,400.201,0.858740
62.930,400.323,0.839263
62.940,399.227,0.874318
62.950,400.959,0.834940
62.960,401.058,0.864399
62.970,398.169,0.862146
62.980,393.412,0.879366
62.990,389.458,0.540297
63.000,353.677,0.545570
63.010,352.189,0.719974
63.020,357.913,0.641631
63.030,370.453,0.605035
63.040,381.582,0.659102
63.050,397.295,0.663832
63.060,401.457,0.678336
63.070,199.530,0.625590
63.080,198.180,0.738961
63.090,197.589,0.625251
63.100,198.913,0.674704
63.110,198.921,0.515842
63.120,399.218,0.067158
63.130,380.334,0.175921
63.140,364.197,0.427822
63.150,357.296,0.305919
63.160,349.244,0.500688
63.170,346.239,0.696591
63.180,343.648,0.821892
63.190,338.416,0.745500
63.200,327.743,0.363325
63.210,301.700,0.549206
63.220,293.347,0.795922
63.230,289.777,0.874633
63.240,287.850,0.956451
63.250,286.967,0.955600
63.260,288.523,0.929323
63.270,293.406,0.884617
63.280,297.003,0.926437
63.290,298.551,0.920627
63.300,297.984,0.816220
63.310,293.902,0.526542
63.320,335.257,0.404368
63.330,335.129,0.832002
63.340,334.052,0.886388
63.350,335.152,0.829255
63.360,334.794,0.813575
63.370,328.757,0.551288
63.380,328.553,0.567326
63.390,303.859,0.440438
63.400,299.416,0.723499
63.410,297.962,0.748333
63.420,295.035,0.815039
63.430,294.736,0.904781
63.440,295.740,0.926486
63.450,297.384,0.940072
63.460,300.146,0.934415
63.470,303.445,0.949221
63.480,306.989,0.957680
63.490,308.392,0.979362
63.500,307.632,0.973294
63.510,306.626,0.953691
63.520,305.580,0.960836
63.530,304.426,0.937034
63.540,301.614,0.890057
63.550,297.129,0.823043
63.560,294.329,0.849152
63.570,294.243,0.891026
63.580,295.480,0.898768
63.590,297.984,0.827493
63.600,300.841,0.698368
63.610,303.420,0.609048
63.620,332.312,0.374602
63.630,351.271,0.612883
63.640,350.736,0.760442
63.650,348.183,0.818709
63.660,344.615,0.880704
63.670,341.843,0.940979
63.680,340.897,0.933827
63.690,339.675,0.945542
63.700,341.280,0.928100
63.710,343.319,0.937919
63.720,345.534,0.908992
63.730,347.694,0.881375
63.740,349.237,0.929531
63.750,349.166,0.946322
63.760,348.208,0.922116
63.770,344.390,0.811309
63.780,330.819,0.576177
63.790,314.460,0.469315
63.800,305.105,0.726861
63.810,296.952,0.653786
63.820,293.684,0.767378
63.830,293.887,0.807403
63.840,292.311,0.878575
63.850,289.808,0.889593
63.860,286.829,0.896962
63.870,283.107,0.835974
63.880,279.370,0.814080
63.890,279.049,0.741201
63.900,287.061,0.540745
63.910,291.809,0.719563
63.920,293.112,0.685836
63.930,291.769,0.675448
63.940,288.913,0.463621
63.950,267.604,0.507061
63.960,270.701,0.812484
63.970,269.619,0.839922
63.980,269.457,0.825279
63.990,269.567,0.873489
64.000,267.299,0.834341
64.010,263.892,0.732040
64.020,258.414,0.547085
64.030,251.296,0.460073
64.040,242.126,0.385014
64.050,241.378,0.230540
64.060,224.830,0.395608
64.070,134.515,0.279370
64.080,272.611,0.160153
64.090,301.562,0.372471
64.100,315.911,0.431884
64.110,322.023,0.476743
64.120,327.444,0.425719
64.130,331.305,0.497366
64.140,335.937,0.310402
64.150,32.250,0.024730
64.160,33.094,0.059188
64.170,135.686,0.137879
64.180,136.510,0.110737
64.190,32.797,0.027812
64.200,926.675,0.009539
64.210,1326.463,0.012501
64.220,1328.714,0.011272
64.230,1346.266,0.012844
64.240,270.316,0.043045
64.250,1032.586,0.022160
64.260,1328.969,0.026342
64.270,1327.636,0.022477
64.280,1058.663,0.008703
64.290,32.380,0.073565
64.300,530.870,0.111416
64.310,1592.056,0.164591
64.320,532.580,0.274794
64.330,529.804,0.226790
64.340,63.723,0.136297
64.350,63.782,0.085341
64.360,134.335,0.028716
64.370,137.505,0.026546
64.380,34.292,0.031366
64.390,32.560,0.053089
64.400,32.391,0.044545
64.410,1973.442,0.011676
64.420,1336.255,0.019533
64.430,1334.884,0.038880
64.440,222.368,0.047869
64.450,1074.749,0.061613
64.460,332.144,0.160286
64.470,668.310,0.395549
64.480,668.881,0.719797
64.490,668.591,0.702090
64.500,668.904,0.523887
64.510,671.709,0.574561
64.520,668.932,0.223497
64.530,147.956,0.262240
64.540,316.644,0.346976
64.550,323.824,0.436712
64.560,166.663,0.418045
64.570,168.951,0.481360
64.580,172.964,0.761505
64.590,175.862,0.802507
64.600,178.416,0.798043
64.610,180.431,0.659068
64.620,183.168,0.721414
64.630,185.744,0.648996
64.640,187.523,0.153791
64.650,1113.316,0.024618
64.660,1970.545,0.026263
64.670,253.086,0.081953
64.680,250.743,0.184533
64.690,250.149,0.118754
64.700,250.119,0.132500
64.710,249.496,0.219712
64.720,248.235,0.184692
64.730,259.118,0.186093
64.740,256.431,0.454617
64.750,256.839,0.218425
64.760,345.564,0.570460
64.770,341.442,0.692303
64.780,335.544,0.797624
64.790,332.125,0.754173
64.800,325.679,0.634162
64.810,317.122,0.789071
64.820,312.817,0.911215
64.830,309.448,0.937059
64.840,308.236,0.948107
64.850,307.872,0.940496
64.860,307.586,0.944927
64.870,305.658,0.899083
64.880,304.339,0.824877
64.890,296.801,0.646191
64.900,293.756,0.549325
64.910,293.968,0.604667
64.920,294.039,0.544845
64.930,294.967,0.566997
64.940,292.275,0.583113
64.950,250.798,0.601452
64.960,294.620,0.553112
64.970,300.567,0.650869
64.980,305.597,0.720070
64.990,308.180,0.863744
65.000,303.894,0.839484
65.010,300.271,0.750854
65.020,295.385,0.682024
65.030,287.685,0.650434
65.040,271.922,0.349923
65.050,262.352,0.588253
65.060,258.683,0.805818
65.070,258.726,0.892877
65.080,258.382,0.860257
65.090,257.284,0.766001
65.100,255.132,0.626704
65.110,254.470,0.490564
65.120,253.930,0.292873
65.130,267.484,0.214013
65.140,315.453,0.047648
65.150,225.534,0.044892
65.160,224.028,0.040460
65.170,989.584,0.014239
65.180,219.453,0.037148
65.190,1869.441,0.013559
65.200,1957.973,0.044862
65.210,1950.084,0.030743
65.220,1945.600,0.022525
65.230,1173.147,0.017639
65.240,1873.505,0.043951
65.250,261.835,0.456814
65.260,267.966,0.452796
65.270,267.382,0.687358
65.280,268.204,0.840696
65.290,267.982,0.851522
65.300,267.341,0.847296
65.310,267.305,0.862020
65.320,267.808,0.923832
65.330,267.726,0.932062
65.340,267.056,0.907440
65.350,265.918,0.942503
65.360,265.603,0.920112
65.370,264.510,0.822477
65.380,264.619,0.756424
65.390,264.395,0.610158
65.400,261.503,0.519850
65.410,259.085,0.475997
65.420,257.226,0.421397
65.430,266.295,0.139162
65.440,37.505,0.165020
65.450,187.509,0.313478
65.460,193.269,0.311300
65.470,272.760,0.058242
65.480,267.363,0.418265
65.490,258.935,0.523594
65.500,256.604,0.715838
65.510,251.456,0.781743
65.520,250.734,0.888065
65.530,248.126,0.879253
65.540,248.190,0.849941
65.550,247.839,0.876485
65.560,248.831,0.860961
65.570,248.816,0.855253
65.580,249.937,0.905563
65.590,250.892,0.911049
65.600,252.282,0.897511
65.610,251.467,0.892026
65.620,250.680,0.808089
65.630,248.703,0.714707
65.640,248.211,0.500017
65.650,247.410,0.594856
65.660,244.275,0.467389
65.670,1051.007,0.072586
65.680,199.730,0.143075
65.690,999.808,0.101286
65.700,198.286,0.425148
65.710,199.185,0.575250
65.720,246.987,0.350953
65.730,254.674,0.606758
65.740,253.800,0.762438
65.750,253.589,0.874684
65.760,250.600,0.919111
65.770,248.438,0.853384
65.780,245.625,0.802673
65.790,242.937,0.558890
65.800,241.975,0.397297
65.810,243.630,0.211653
65.820,250.642,0.151075
65.830,250.903,0.522330
65.840,249.413,0.535753
65.850,249.709,0.479451
65.860,248.959,0.524964
65.870,246.448,0.595190
65.880,243.328,0.116645
65.890,991.401,0.011736
65.900,35.890,0.018137
65.910,42.831,0.219972
65.920,43.371,0.054649
65.930,51.037,0.046086
65.940,251.610,0.108077
65.950,50.085,0.072202
65.960,49.838,0.107471
65.970,50.163,0.176955
65.980,50.424,0.408541
65.990,50.226,0.562470
66.000,50.289,0.484136
66.010,198.735,0.352729
66.020,199.215,0.343462
66.030,199.665,0.345671
66.040,199.868,0.336854
66.050,198.398,0.339727
66.060,118.046,0.328686
66.070,246.505,0.171782
66.080,360.414,0.169571
66.090,241.474,0.125949
66.100,395.237,0.101709
66.110,445.894,0.158910
66.120,453.844,0.075859
66.130,162.453,0.113258
66.140,196.690,0.158984
66.150,196.599,0.115455
66.160,165.522,0.067964
66.170,461.179,0.029616
66.180,405.187,0.301864
66.190,402.436,0.701324
66.200,440.186,0.369449
66.210,441.076,0.612987
66.220,446.861,0.708649
66.230,452.448,0.779378
66.240,459.169,0.837915
66.250,464.563,0.872913
66.260,467.562,0.875285
66.270,467.197,0.797014
66.280,467.294,0.859257
66.290,466.602,0.881289
66.300,465.646,0.866261
66.310,466.649,0.830234
66.320,469.868,0.700523
66.330,474.688,0.650604
66.340,476.541,0.626965
66.350,479.087,0.510659
66.360,483.250,0.239769
66.370,587.177,0.474483
66.380,333.689,0.076996
66.390,335.869,0.270481
66.400,167.193,0.456263
66.410,166.527,0.249875
66.420,304.520,0.209320
66.430,321.838,0.289281
66.440,443.039,0.452924
66.450,448.639,0.393898
66.460,443.567,0.492469
66.470,451.880,0.804614
66.480,456.213,0.878444
66.490,459.252,0.879645
66.500,461.686,0.909505
66.510,461.727,0.925643
66.520,459.210,0.904916
66.530,451.937,0.872422
66.540,447.739,0.907184
66.550,447.277,0.917639
66.560,447.642,0.922035
66.570,447.605,0.909127
66.580,446.933,0.907984
66.590,446.022,0.910600
66.600,446.774,0.893295
66.610,450.229,0.851944
66.620,454.826,0.872520
66.630,458.845,0.849015
66.640,461.710,0.800921
66.650,460.575,0.554249
66.660,454.759,0.475402
66.670,403.171,0.601887
66.680,404.597,0.834546
66.690,402.413,0.884009
66.700,401.024,0.875976
66.710,398.288,0.832443
66.720,394.532,0.862060
66.730,393.035,0.916690
66.740,395.063,0.932840
66.750,396.601,0.947577
66.760,396.903,0.950345
66.770,394.912,0.924464
66.780,392.322,0.914656
66.790,390.434,0.922704
66.800,389.200,0.919401
66.810,387.682,0.906008
66.820,386.585,0.891067
66.830,386.597,0.884356
66.840,387.907,0.899460
66.850,389.745,0.928990
66.860,390.532,0.923027
66.870,391.391,0.920795
66.880,392.687,0.943076
66.890,394.292,0.917618
66.900,395.534,0.868697
66.910,396.505,0.895902
66.920,395.110,0.891590
66.930,393.924,0.923633
66.940,392.727,0.928994
66.950,392.091,0.924394
66.960,391.320,0.906742
66.970,390.937,0.902593
66.980,390.412,0.884807
66.990,389.752,0.762735
67.000,393.952,0.603872
67.010,400.552,0.409979
67.020,402.523,0.108102
67.030,403.086,0.165953
67.040,402.156,0.195891
67.050,399.540,0.506080
67.060,396.843,0.831993
67.070,398.740,0.840443
67.080,400.325,0.760725
67.090,397.542,0.610992
67.100,390.947,0.597959
67.110,387.609,0.776946
67.120,384.543,0.849706
67.130,380.286,0.830852
67.140,373.499,0.532659
67.150,349.539,0.526947
67.160,334.944,0.596659
67.170,322.055,0.553875
67.180,302.776,0.833422
67.190,300.751,0.937621
67.200,301.936,0.959174
67.210,303.805,0.959188
67.220,304.170,0.968580
67.230,304.629,0.956784
67.240,305.030,0.816608
67.250,307.544,0.352573
67.260,332.483,0.709793
67.270,331.521,0.826660
67.280,332.686,0.747120
67.290,333.106,0.687685
67.300,333.149,0.627915
67.310,306.598,0.370839
67.320,301.333,0.435693
67.330,295.471,0.336843
67.340,291.976,0.497816
67.350,291.942,0.681330
67.360,293.093,0.823277
67.370,292.626,0.914403
67.380,292.866,0.923480
67.390,293.625,0.959954
67.400,294.986,0.961328
67.410,297.953,0.938641
67.420,300.972,0.958858
67.430,301.988,0.971189
67.440,301.939,0.953168
67.450,302.851,0.894533
67.460,303.524,0.831109
67.470,302.717,0.836134
67.480,300.974,0.864021
67.490,299.378,0.858655
67.500,300.873,0.860798
67.510,301.575,0.852836
67.520,299.690,0.793856
67.530,298.062,0.769712
67.540,296.350,0.712053
67.550,300.667,0.646161
67.560,307.451,0.303104
67.570,337.028,0.651701
67.580,336.943,0.813560
67.590,335.495,0.862947
67.600,332.883,0.866023
67.610,330.791,0.957280
67.620,330.447,0.969872
67.630,330.085,0.973525
67.640,329.370,0.961179
67.650,329.280,0.930939
67.660,328.806,0.847874
67.670,327.667,0.804247
67.680,327.677,0.692816
67.690,301.789,0.447886
67.700,299.185,0.492951
67.710,295.555,0.661577
67.720,294.441,0.804868
67.730,293.681,0.822670
67.740,292.823,0.786923
67.750,293.182,0.775555
67.760,296.114,0.782468
67.770,295.585,0.665700
67.780,296.225,0.608827
67.790,275.966,0.333623
67.800,279.676,0.815739
67.810,281.665,0.815491
67.820,292.623,0.491923
67.830,306.075,0.627688
67.840,315.949,0.468121
67.850,334.689,0.391323
67.860,342.895,0.279288
67.870,391.150,0.445075
67.880,401.685,0.867854
67.890,404.588,0.923939
67.900,404.294,0.901055
67.910,401.022,0.807048
67.920,402.048,0.708220
67.930,404.489,0.519005
67.940,1983.553,0.279914
67.950,1975.420,0.308199
67.960,335.585,0.148671
67.970,270.396,0.246897
67.980,292.916,0.347150
67.990,295.926,0.431089
68.000,297.530,0.303380
68.010,148.741,0.480300
68.020,135.019,0.257041
68.030,269.608,0.072017
68.040,323.180,0.466983
68.050,322.974,0.636158
68.060,320.559,0.688262
68.070,326.910,0.725163
68.080,328.625,0.828661
68.090,331.420,0.861013
68.100,333.733,0.872608
68.110,335.579,0.878862
68.120,338.164,0.861883
68.130,343.193,0.827633
68.140,347.581,0.832648
68.150,349.794,0.879988
68.160,350.135,0.884356
68.170,350.566,0.923680
68.180,352.259,0.888407
68.190,355.870,0.847414
68.200,365.360,0.891116
68.210,369.436,0.874169
68.220,369.174,0.884357
68.230,366.024,0.924867
68.240,362.364,0.916796
68.250,359.766,0.915102
68.260,358.694,0.942603
68.270,357.416,0.935560
68.280,356.404,0.929828
68.290,356.319,0.935858
68.300,357.254,0.949309
68.310,358.753,0.933647
68.320,360.059,0.894852
68.330,358.989,0.844121
68.340,352.818,0.747919
68.350,348.088,0.629765
68.360,343.966,0.543215
68.370,335.692,0.695731
68.380,332.573,0.785754
68.390,329.630,0.784460
68.400,323.476,0.608482
68.410,320.679,0.439125
68.420,301.583,0.760047
68.430,297.957,0.906028
68.440,295.792,0.953643
68.450,296.399,0.921896
68.460,299.274,0.933564
68.470,302.681,0.950887
68.480,305.988,0.954078
68.490,310.249,0.913750
68.500,313.238,0.962646
68.510,313.543,0.942136
68.520,307.970,0.901420
68.530,302.242,0.948571
68.540,298.802,0.948531
68.550,295.725,0.919044
68.560,291.639,0.729059
68.570,285.786,0.496814
68.580,275.368,0.593508
68.590,267.271,0.406719
68.600,257.518,0.376498
68.610,254.572,0.561010
68.620,251.633,0.363991
68.630,250.166,0.723604
68.640,250.126,0.783617
68.650,250.597,0.770499
68.660,250.650,0.745249
68.670,254.291,0.521628
68.680,255.870,0.502313
68.690,325.606,0.447166
68.700,324.648,0.758340
68.710,320.863,0.763162
68.720,318.400,0.726967
68.730,311.815,0.695712
68.740,305.776,0.859348
68.750,303.104,0.904647
68.760,303.089,0.912707
68.770,302.880,0.935433
68.780,304.136,0.943555
68.790,304.454,0.937230
68.800,304.136,0.927371
68.810,302.760,0.927348
68.820,302.514,0.924970
68.830,301.651,0.938461
68.840,301.918,0.935585
68.850,300.572,0.871863
68.860,299.813,0.840525
68.870,297.779,0.854600
68.880,298.486,0.885018
68.890,300.251,0.878540
68.900,304.027,0.899753
68.910,307.665,0.881075
68.920,311.178,0.872746
68.930,313.027,0.891338
68.940,314.180,0.890167
68.950,311.382,0.871009
68.960,307.493,0.805666
68.970,300.202,0.591982
68.980,291.072,0.489798
68.990,284.157,0.555922
69.000,278.064,0.821836
69.010,275.313,0.883944
69.020,274.344,0.878799
69.030,271.722,0.891535
69.040,267.154,0.782034
69.050,263.812,0.667651
69.060,264.706,0.576993
69.070,267.711,0.437837
69.080,268.709,0.194506
69.090,967.567,0.006839
69.100,135.793,0.015462
69.110,1332.716,0.022719
69.120,1974.077,0.022245
69.130,1974.613,0.026653
69.140,987.139,0.038838
69.150,1970.156,0.051895
69.160,1966.826,0.039622
69.170,1967.363,0.018512
69.180,1178.821,0.014253
69.190,225.010,0.363217
69.200,222.191,0.568772
69.210,224.053,0.637594
69.220,222.376,0.789388
69.230,223.773,0.748773
69.240,223.295,0.607560
69.250,274.976,0.763163
69.260,275.854,0.812047
69.270,276.541,0.852758
69.280,277.008,0.905656
69.290,276.820,0.880325
69.300,275.133,0.791985
69.310,270.490,0.554986
69.320,262.047,0.370111
69.330,243.483,0.387603
69.340,238.466,0.762493
69.350,235.495,0.870969
69.360,234.097,0.913589
69.370,235.241,0.864278
69.380,238.893,0.887122
69.390,243.638,0.893053
69.400,247.685,0.879903
69.410,252.285,0.890404
69.420,255.667,0.937273
69.430,258.906,0.909647
69.440,260.780,0.879789
69.450,260.415,0.879284
69.460,260.532,0.830906
69.470,259.360,0.815502
69.480,256.855,0.572973
69.490,252.986,0.482787
69.500,249.388,0.396225
69.510,399.668,0.373299
69.520,198.737,0.452832
69.530,198.028,0.635411
69.540,198.979,0.638198
69.550,200.186,0.600979
69.560,202.365,0.637321
69.570,596.481,0.200231
69.580,1179.474,0.058962
69.590,51.761,0.061757
69.600,50.871,0.108682
69.610,395.562,0.158223
69.620,396.768,0.369193
69.630,196.932,0.473877
69.640,197.460,0.667049
69.650,197.041,0.721015
69.660,196.936,0.728316
69.670,195.482,0.321162
69.680,591.783,0.040740
69.690,596.578,0.165016
69.700,50.883,0.312752
69.710,199.997,0.330020
69.720,199.391,0.250922
69.730,198.360,0.372367
69.740,198.078,0.192752
69.750,198.410,0.220679
69.760,198.623,0.309939
69.770,200.109,0.324181
69.780,203.683,0.227015
69.790,202.155,0.137894
69.800,77.677,0.220576
69.810,582.863,0.189347
69.820,875.858,0.089729
69.830,880.278,0.081882
69.840,401.173,0.128243
69.850,396.222,0.365320
69.860,396.341,0.603605
69.870,397.672,0.626015
69.880,399.181,0.706664
69.890,399.206,0.755375
69.900,399.099,0.772886
69.910,399.563,0.591681
69.920,199.489,0.448722
69.930,200.347,0.663085
69.940,199.864,0.711249
69.950,199.919,0.723419
69.960,200.329,0.540732
69.970,399.226,0.382295
69.980,399.077,0.260866
69.990,298.530,0.243251
70.000,299.502,0.317401
70.010,330.693,0.126823
70.020,33.049,0.123604
70.030,32.711,0.272901
70.040,32.510,0.117025
70.050,329.471,0.279427
70.060,420.757,0.109439
70.070,400.047,0.031834
70.080,400.178,0.114599
70.090,591.476,0.081974
70.100,399.294,0.121353
70.110,200.562,0.052650
70.120,200.468,0.121806
70.130,201.431,0.098832
70.140,396.600,0.270374
70.150,389.829,0.557252
70.160,391.090,0.735019
70.170,394.582,0.871445
70.180,396.553,0.879541
70.190,399.150,0.719658
70.200,406.302,0.706796
70.210,412.605,0.647012
70.220,433.321,0.529793
70.230,439.007,0.845462
70.240,435.353,0.890679
70.250,431.755,0.855969
70.260,429.629,0.819678
70.270,427.364,0.813037
70.280,425.893,0.832952
70.290,425.625,0.824000
70.300,426.583,0.861620
70.310,426.869,0.830635
70.320,424.635,0.672231
70.330,422.463,0.384875
70.340,422.102,0.356904
70.350,415.169,0.238482
70.360,416.121,0.435231
70.370,416.622,0.607655
70.380,424.477,0.665756
70.390,422.436,0.731854
70.400,417.496,0.763891
70.410,411.843,0.791424
70.420,407.058,0.838535
70.430,403.418,0.817971
70.440,398.524,0.834026
70.450,397.523,0.870319
70.460,397.818,0.902589
70.470,398.742,0.903763
70.480,398.473,0.917173
70.490,398.273,0.904815
70.500,397.691,0.862265
70.510,395.291,0.782670
70.520,394.085,0.617184
70.530,301.408,0.549642
70.540,302.426,0.694188
70.550,301.894,0.580716
70.560,99.626,0.140546
70.570,299.264,0.313891
70.580,99.815,0.472423
70.590,99.314,0.440354
70.600,99.889,0.230265
70.610,408.172,0.393337
70.620,408.834,0.791942
70.630,409.531,0.841904
70.640,407.838,0.896765
70.650,404.174,0.907457
70.660,399.706,0.914569
70.670,395.623,0.903570
70.680,393.341,0.960567
70.690,394.314,0.910524
70.700,403.342,0.838003
70.710,406.926,0.925050
70.720,404.988,0.867554
70.730,400.480,0.840588
70.740,395.421,0.900166
70.750,392.183,0.942867
70.760,390.817,0.911948
70.770,391.117,0.890531
70.780,392.226,0.875477
70.790,392.057,0.775202
70.800,394.433,0.335701
70.810,798.294,0.114829
70.820,1180.797,0.062327
70.830,595.086,0.285925
70.840,298.852,0.496768
70.850,297.556,0.218994
70.860,413.731,0.263879
70.870,420.742,0.420781
70.880,420.967,0.379953
70.890,420.623,0.421748
70.900,424.075,0.560309
70.910,412.479,0.597927
70.920,407.024,0.833272
70.930,402.913,0.921917
70.940,400.061,0.908735
70.950,398.434,0.932613
70.960,398.494,0.921536
70.970,398.723,0.924070
70.980,398.850,0.931955
70.990,399.262,0.924319
71.000,400.950,0.908300
71.010,402.698,0.925689
71.020,403.464,0.914042
71.030,403.260,0.864179
71.040,401.726,0.803572
71.050,402.374,0.726961
71.060,402.543,0.604826
71.070,406.527,0.488460
71.080,489.254,0.381317
71.090,1495.069,0.077508
71.100,1544.648,0.054514
71.110,224.199,0.229804
71.120,438.183,0.406137
71.130,432.754,0.547943
71.140,430.015,0.754292
71.150,430.277,0.832145
71.160,425.494,0.745068
71.170,418.650,0.651724
71.180,409.607,0.741639
71.190,403.514,0.717262
71.200,394.087,0.543595
71.210,366.186,0.631501
71.220,359.266,0.889759
71.230,355.070,0.943215
71.240,353.106,0.927150
71.250,351.166,0.954283
71.260,349.981,0.944946
71.270,347.557,0.819101
71.280,339.067,0.696372
71.290,333.782,0.830761
71.300,328.741,0.523033
71.310,329.335,0.377588
71.320,318.627,0.386431
71.330,302.940,0.363866
71.340,302.189,0.361849
71.350,269.774,0.170310
71.360,301.924,0.294068
71.370,341.717,0.262073
71.380,327.862,0.429594
71.390,328.322,0.515791
71.400,331.073,0.546827
71.410,332.870,0.724345
71.420,333.413,0.718282
71.430,333.115,0.770738
71.440,331.549,0.794272
71.450,329.256,0.724123
71.460,321.259,0.661077
71.470,323.704,0.795951
71.480,328.943,0.831809
71.490,333.185,0.928327
71.500,334.082,0.955087
71.510,334.701,0.950066
71.520,334.755,0.935465
71.530,333.966,0.931839
71.540,330.412,0.893880
71.550,326.187,0.879545
71.560,323.618,0.883270
71.570,319.473,0.881225
71.580,314.331,0.843227
71.590,309.255,0.814120
71.600,303.369,0.835815
71.610,297.225,0.912850
71.620,296.006,0.944513
71.630,297.230,0.923975
71.640,297.561,0.898916
71.650,298.917,0.824211
71.660,299.601,0.634509
71.670,272.527,0.598690
71.680,269.690,0.720782
71.690,269.423,0.512722
71.700,265.967,0.531870
71.710,254.731,0.449877
71.720,246.472,0.805190
71.730,244.988,0.883727
71.740,244.433,0.809425
71.750,243.810,0.671608
71.760,241.906,0.590657
71.770,237.853,0.286746
71.780,246.208,0.383718
71.790,664.138,0.098864
71.800,292.088,0.552455
71.810,292.049,0.404432
71.820,333.388,0.300888
71.830,334.171,0.321575
71.840,334.396,0.370739
71.850,336.314,0.567261
71.860,335.682,0.547376
71.870,334.919,0.563614
71.880,333.822,0.565062
71.890,332.721,0.536539
71.900,330.235,0.459293
71.910,331.215,0.439334
71.920,295.507,0.427170
71.930,297.204,0.356812
71.940,329.095,0.252843
71.950,299.415,0.236267
71.960,338.226,0.275091
71.970,340.994,0.184879
71.980,32.458,0.254820
71.990,32.378,0.131857
72.000,665.095,0.125624
72.010,661.056,0.095876
72.020,933.039,0.081172
72.030,180.062,0.166960
72.040,180.598,0.135624
72.050,32.264,0.108138
72.060,193.704,0.039570
72.070,1454.575,0.042473
72.080,257.830,0.360062
72.090,274.928,0.424028
72.100,288.333,0.409492
72.110,306.338,0.355348
72.120,302.399,0.268780
72.130,348.323,0.271673
72.140,356.378,0.605517
72.150,358.844,0.871609
72.160,359.755,0.907129
72.170,358.538,0.903310
72.180,356.567,0.895677
72.190,355.061,0.923915
72.200,353.783,0.934447
72.210,353.518,0.941355
72.220,353.899,0.947144
72.230,354.424,0.951284
72.240,354.820,0.961350
72.250,354.598,0.962192
72.260,352.741,0.903269
72.270,347.029,0.816925
72.280,338.474,0.763810
72.290,333.297,0.879521
72.300,332.946,0.947592
72.310,334.617,0.971099
72.320,334.162,0.959181
72.330,331.171,0.932238
72.340,326.684,0.871819
72.350,324.083,0.886715
72.360,320.836,0.861238
72.370,315.513,0.805859
72.380,309.760,0.639025
72.390,302.300,0.782668
72.400,296.303,0.903202
72.410,294.167,0.961204
72.420,294.421,0.970373
72.430,296.039,0.943223
72.440,298.638,0.948181
72.450,301.565,0.951614
72.460,302.751,0.935072
72.470,302.204,0.885062
72.480,297.114,0.755052
72.490,290.423,0.791047
72.500,285.054,0.712356
72.510,279.405,0.592801
72.520,273.411,0.579269
72.530,263.329,0.331669
72.540,254.345,0.552865
72.550,253.278,0.778141
72.560,252.923,0.871850
72.570,250.242,0.833548
72.580,247.500,0.191210
72.590,308.069,0.353012
72.600,312.871,0.651861
72.610,315.840,0.864674
72.620,318.091,0.868822
72.630,322.219,0.868798
72.640,324.196,0.867367
72.650,321.459,0.685068
72.660,301.502,0.767273
72.670,293.478,0.827309
72.680,288.176,0.953490
72.690,286.997,0.967950
72.700,288.209,0.961882
72.710,290.234,0.928952
72.720,292.002,0.954931
72.730,293.462,0.950046
72.740,293.787,0.935475
72.750,293.433,0.815533
72.760,291.300,0.594340
72.770,254.415,0.663427
72.780,253.338,0.818931
72.790,252.691,0.842002
72.800,251.528,0.869754
72.810,251.139,0.885576
72.820,251.529,0.889280
72.830,253.823,0.841380
72.840,256.858,0.667228
72.850,260.749,0.570056
72.860,270.359,0.424092
72.870,274.202,0.532304
72.880,275.216,0.417425
72.890,273.957,0.417775
72.900,270.136,0.392512
72.910,268.953,0.505501
72.920,270.719,0.766373
72.930,272.838,0.711840
72.940,274.778,0.692993
72.950,276.229,0.711076
72.960,273.321,0.716560
72.970,267.697,0.631659
72.980,265.013,0.609612
72.990,246.921,0.267805
73.000,275.263,0.092848
73.010,274.237,0.083573
73.020,945.524,0.016730
73.030,952.026,0.012893
73.040,1971.429,0.026218
73.050,1974.289,0.041706
73.060,1978.492,0.054814
73.070,1974.417,0.023990
73.080,293.476,0.299538
73.090,288.215,0.539682
73.100,291.064,0.584195
73.110,294.489,0.755021
73.120,296.929,0.856116
73.130,299.621,0.880418
73.140,302.371,0.949319
73.150,303.430,0.945652
73.160,302.543,0.947634
73.170,300.610,0.922574
73.180,298.599,0.950053
73.190,296.706,0.919669
73.200,294.805,0.966778
73.210,292.952,0.908587
73.220,290.294,0.830644
73.230,287.118,0.556539
73.240,280.853,0.363123
73.250,300.359,0.182713
73.260,44.464,0.142022
73.270,44.217,0.079340
73.280,221.835,0.047313
73.290,263.209,0.244820
73.300,280.220,0.475013
73.310,283.903,0.560471
73.320,289.839,0.719642
73.330,291.848,0.898009
73.340,292.220,0.916884
73.350,292.751,0.891534
73.360,294.178,0.928324
73.370,296.962,0.911915
73.380,299.633,0.931622
73.390,299.487,0.926416
73.400,295.724,0.813183
73.410,289.444,0.815343
73.420,287.209,0.908783
73.430,286.329,0.918236
73.440,285.771,0.948371
73.450,285.814,0.947567
73.460,286.252,0.934742
73.470,287.822,0.949195
73.480,291.251,0.917289
73.490,294.815,0.969243
73.500,295.897,0.961798
73.510,295.119,0.889581
73.520,292.709,0.689960
73.530,291.796,0.366784
73.540,198.972,0.122601
73.550,198.437,0.523479
73.560,199.079,0.677244
73.570,199.214,0.693187
73.580,199.406,0.767628
73.590,200.246,0.656507
73.600,200.120,0.708344
73.610,201.734,0.582595
73.620,205.139,0.287572
73.630,595.506,0.429460
73.640,269.696,0.202568
73.650,267.014,0.432049
73.660,263.221,0.621761
73.670,263.175,0.576174
73.680,264.853,0.253748
73.690,238.161,0.286179
73.700,433.993,0.310649
73.710,432.855,0.395948
73.720,210.740,0.292828
73.730,207.963,0.455287
73.740,414.552,0.457802
73.750,411.211,0.188796
73.760,50.857,0.039722
73.770,54.685,0.094912
73.780,1202.985,0.031585
73.790,49.871,0.476082
73.800,50.260,0.231737
73.810,297.051,0.152433
73.820,299.508,0.116448
73.830,50.245,0.254867
73.840,32.772,0.055037
73.850,49.870,0.172462
73.860,49.691,0.645477
73.870,50.368,0.543544
73.880,50.313,0.177364
73.890,198.965,0.302906
73.900,200.274,0.349852
73.910,200.243,0.418014
73.920,201.023,0.568515
73.930,200.354,0.593226
73.940,198.977,0.542660
73.950,197.603,0.302559
73.960,196.999,0.312700
73.970,47.463,0.076316
73.980,46.795,0.090959
73.990,791.861,0.010442
74.000,388.579,0.069018
74.010,389.014,0.180698
74.020,393.913,0.299933
74.030,398.046,0.447791
74.040,393.104,0.367505
74.050,393.474,0.162124
74.060,135.566,0.088740
74.070,200.273,0.237300
74.080,251.471,0.355837
74.090,278.249,0.382292
74.100,285.716,0.626125
74.110,290.944,0.656887
74.120,294.258,0.749701
74.130,297.023,0.827213
74.140,299.563,0.892197
74.150,301.143,0.924095
74.160,300.153,0.888386
74.170,297.558,0.921782
74.180,296.233,0.935792
74.190,296.793,0.918537
74.200,298.648,0.949303
74.210,299.658,0.933024
74.220,299.740,0.914762
74.230,300.270,0.879370
74.240,301.080,0.893173
74.250,301.089,0.877558
74.260,300.016,0.862013
74.270,300.867,0.798391
74.280,301.144,0.782995
74.290,304.951,0.841342
74.300,307.547,0.893794
74.310,310.747,0.902791
74.320,316.944,0.687300
74.330,329.580,0.670641
74.340,337.503,0.757421
74.350,339.978,0.898968
74.360,340.698,0.932753
74.370,339.983,0.915161
74.380,338.477,0.927310
74.390,337.405,0.926446
74.400,337.768,0.946957
74.410,338.061,0.941512
74.420,337.758,0.928133
74.430,336.688,0.893278
74.440,334.786,0.807333
74.450,333.976,0.498813
74.460,303.542,0.554561
74.470,298.806,0.749695
74.480,300.542,0.665690
74.490,303.568,0.474946
74.500,303.073,0.158701
74.510,147.801,0.327448
74.520,149.566,0.209737
74.530,308.072,0.356635
74.540,309.885,0.409521
74.550,302.753,0.221100
74.560,300.018,0.189728
74.570,347.619,0.287596
74.580,350.684,0.647434
74.590,352.196,0.806034
74.600,354.905,0.904173
74.610,356.393,0.887307
74.620,359.067,0.925310
74.630,360.843,0.898233
74.640,361.466,0.907114
74.650,359.977,0.871894
74.660,358.364,0.900152
74.670,356.783,0.882404
74.680,355.523,0.929664
74.690,354.765,0.945015
74.700,353.707,0.944497
74.710,352.570,0.918179
74.720,350.478,0.835432
74.730,341.579,0.632951
74.740,339.320,0.754328
74.750,341.105,0.787936
74.760,341.623,0.806117
74.770,341.008,0.779238
74.780,341.529,0.811484
74.790,346.764,0.722276
74.800,351.917,0.801551
74.810,351.644,0.864881
74.820,349.565,0.932529
74.830,347.295,0.943800
74.840,345.096,0.932143
74.850,341.956,0.911552
74.860,338.522,0.899240
74.870,335.657,0.886100
74.880,333.048,0.892882
74.890,329.355,0.893287
74.900,326.388,0.914572
74.910,324.551,0.931382
74.920,322.661,0.934825
74.930,321.549,0.916962
74.940,321.168,0.904060
74.950,320.513,0.903141
74.960,319.370,0.783920
74.970,315.945,0.771833
74.980,313.875,0.835248
74.990,311.805,0.879735
75.000,308.502,0.900049
75.010,306.737,0.895558
75.020,303.852,0.906053
75.030,303.432,0.900563
75.040,301.647,0.910448
75.050,298.140,0.922110
75.060,296.184,0.904773
75.070,294.536,0.930211
75.080,294.143,0.943593
75.090,292.065,0.916546
75.100,290.724,0.909459
75.110,291.267,0.900836
75.120,292.201,0.806346
75.130,294.009,0.764256
75.140,293.976,0.766601
75.150,290.764,0.851258
75.160,286.772,0.792678
75.170,278.276,0.693048
75.180,268.568,0.681865
75.190,259.671,0.891415
75.200,258.011,0.930833
75.210,259.203,0.930431
75.220,261.456,0.881540
75.230,263.607,0.893648
75.240,266.283,0.894264
75.250,268.776,0.914072
75.260,270.971,0.852096
75.270,272.523,0.910039
75.280,271.284,0.936284
75.290,269.441,0.951163
75.300,268.626,0.958466
75.310,267.673,0.950569
75.320,267.613,0.862181
75.330,270.959,0.673716
75.340,284.644,0.480090
75.350,289.032,0.733224
75.360,292.358,0.741066
75.370,294.109,0.751532
75.380,294.823,0.708231
75.390,296.191,0.529246
75.400,294.515,0.335488
75.410,222.829,0.241147
75.420,223.385,0.706726
75.430,222.813,0.759131
75.440,222.277,0.693392
75.450,220.372,0.723802
75.460,224.530,0.436012
75.470,132.565,0.205378
75.480,132.043,0.106515
75.490,132.646,0.265065
75.500,133.304,0.188401
75.510,134.020,0.226535
75.520,224.033,0.322470
75.530,224.030,0.522787
75.540,223.919,0.651508
75.550,333.667,0.387589
75.560,298.532,0.466531
75.570,298.016,0.566487
75.580,295.340,0.676304
75.590,293.935,0.786691
75.600,292.618,0.782726
75.610,291.686,0.855058
75.620,292.664,0.813915
75.630,294.367,0.766331
75.640,295.554,0.682531
75.650,294.767,0.484881
75.660,292.831,0.323096
75.670,266.540,0.444089
75.680,266.959,0.715794
75.690,533.300,0.202746
75.700,49.253,0.261671
75.710,48.894,0.411958
75.720,289.086,0.391542
75.730,291.502,0.612452
75.740,291.426,0.591023
75.750,295.631,0.634015
75.760,296.475,0.696234
75.770,297.577,0.622486
75.780,294.832,0.273137
75.790,271.400,0.353487
75.800,269.767,0.510752
75.810,268.600,0.259402
75.820,334.315,0.369535
75.830,333.957,0.443545
75.840,335.092,0.339020
75.850,335.340,0.248693
75.860,670.769,0.168876
75.870,277.508,0.287294
75.880,223.194,0.315795
75.890,223.134,0.359997
75.900,222.973,0.275077
75.910,299.456,0.147714
75.920,335.039,0.185143
75.930,332.813,0.216343
75.940,328.028,0.104898
75.950,1580.518,0.180829
75.960,1332.010,0.011731
75.970,553.407,0.053012
75.980,555.182,0.097687
75.990,553.040,0.028097
76.000,1970.277,0.012478
76.010,1970.925,0.010409
76.020,278.598,0.177984
76.030,291.504,0.426982
76.040,306.905,0.437312
76.050,330.381,0.499517
76.060,330.203,0.360188
76.070,337.995,0.331176
76.080,339.485,0.370216
76.090,356.188,0.312626
76.100,403.313,0.349636
76.110,262.444,0.140326
76.120,265.349,0.197374
76.130,293.972,0.371019
76.140,302.729,0.572021
76.150,313.885,0.619307
76.160,325.010,0.766081
76.170,330.186,0.931581
76.180,332.382,0.903147
76.190,331.740,0.767243
76.200,319.234,0.491535
76.210,310.312,0.804197
76.220,308.581,0.884678
76.230,304.869,0.846924
76.240,301.333,0.884075
76.250,298.702,0.884902
76.260,295.754,0.935786
76.270,295.590,0.953134
76.280,296.755,0.944877
76.290,297.395,0.955523
76.300,297.692,0.944696
76.310,298.084,0.938066
76.320,297.535,0.911012
76.330,296.557,0.885734
76.340,296.217,0.915670
76.350,297.291,0.921834
76.360,299.206,0.939470
76.370,300.841,0.948683
76.380,301.334,0.958326
76.390,300.458,0.928490
76.400,298.599,0.956562
76.410,297.381,0.953606
76.420,296.485,0.935630
76.430,294.742,0.948838
76.440,292.748,0.813649
76.450,290.898,0.632809
76.460,290.803,0.350443
76.470,254.640,0.360031
76.480,253.486,0.795734
76.490,252.495,0.847366
76.500,251.367,0.852478
76.510,250.481,0.781796
76.520,253.797,0.649502
76.530,255.258,0.515901
76.540,266.501,0.285747
76.550,272.872,0.446542
76.560,275.187,0.662187
76.570,277.091,0.686661
76.580,279.528,0.819747
76.590,283.021,0.841960
76.600,285.208,0.846254
76.610,283.727,0.826048
76.620,280.625,0.812524
76.630,276.064,0.856340
76.640,272.104,0.931211
76.650,267.970,0.940623
76.660,264.174,0.898524
76.670,259.719,0.919916
76.680,255.612,0.917970
76.690,251.819,0.883309
76.700,248.383,0.868104
76.710,245.155,0.885895
76.720,243.344,0.759763
76.730,248.048,0.512149
76.740,249.236,0.641198
76.750,246.888,0.556111
76.760,240.955,0.464890
76.770,236.596,0.350739
76.780,224.999,0.431855
76.790,224.169,0.506138
76.800,228.532,0.327912
76.810,230.659,0.306837
76.820,248.242,0.561834
76.830,250.974,0.789340
76.840,249.935,0.894344
76.850,250.667,0.917008
76.860,251.876,0.892299
76.870,251.620,0.902701
76.880,251.815,0.865609
76.890,251.260,0.798531
76.900,249.284,0.643144
76.910,246.362,0.578593
76.920,245.540,0.453444
76.930,241.549,0.497994
76.940,236.590,0.362418
76.950,233.427,0.468484
76.960,230.766,0.613863
76.970,224.501,0.692953
76.980,222.216,0.842334
76.990,221.778,0.896167
77.000,222.369,0.894813
77.010,223.370,0.933759
77.020,224.360,0.907594
77.030,224.414,0.895591
77.040,223.354,0.926208
77.050,222.490,0.910825
77.060,221.103,0.899879
77.070,219.290,0.836996
77.080,215.538,0.721337
77.090,215.880,0.752105
77.100,219.892,0.889943
77.110,222.566,0.915348
77.120,225.334,0.908340
77.130,227.984,0.753522
77.140,229.657,0.543722
77.150,230.472,0.536193
77.160,225.820,0.678424
77.170,223.028,0.756164
77.180,220.700,0.696545
77.190,222.743,0.505692
77.200,224.203,0.120571
77.210,55.742,0.056552
77.220,33.628,0.209724
77.230,449.120,0.257430
77.240,450.771,0.487223
77.250,450.045,0.475327
77.260,448.063,0.223067
77.270,33.292,0.418110
77.280,33.072,0.185599
77.290,337.279,0.606801
77.300,349.668,0.427836
77.310,181.346,0.490150
77.320,184.626,0.524594
77.330,193.086,0.558267
77.340,202.229,0.513910
77.350,208.677,0.640569
77.360,222.496,0.674281
77.370,236.917,0.456480
77.380,250.464,0.797383
77.390,254.493,0.855232
77.400,257.489,0.693880
77.410,258.316,0.497244
77.420,259.997,0.264479
77.430,401.776,0.260724
77.440,398.990,0.409736
77.450,1001.245,0.104028
77.460,1004.114,0.060338
77.470,49.432,0.413928
77.480,49.336,0.061599
77.490,199.065,0.050485
77.500,199.616,0.205427
77.510,199.225,0.319692
77.520,260.186,0.101705
77.530,297.540,0.418784
77.540,300.918,0.678425
77.550,301.573,0.809192
77.560,302.791,0.910093
77.570,303.749,0.959990
77.580,303.961,0.970834
77.590,303.405,0.949584
77.600,301.817,0.934352
77.610,297.667,0.910963
77.620,293.307,0.944757
77.630,293.716,0.960564
77.640,296.991,0.929162
77.650,299.805,0.943811
77.660,301.374,0.951968
77.670,300.548,0.915432
77.680,298.324,0.860271
77.690,297.296,0.704193
77.700,271.465,0.318979
77.710,258.906,0.789087
77.720,253.425,0.780312
77.730,249.349,0.862341
77.740,245.811,0.840340
77.750,244.205,0.859082
77.760,244.742,0.781245
77.770,249.512,0.730686
77.780,254.861,0.838254
77.790,258.749,0.886014
77.800,267.583,0.741328
77.810,276.782,0.701708
77.820,293.710,0.524704
77.830,307.059,0.659021
77.840,329.745,0.618939
77.850,339.201,0.907509
77.860,343.608,0.950222
77.870,344.820,0.927828
77.880,344.825,0.814634
77.890,342.295,0.577348
77.900,331.559,0.583069
77.910,326.415,0.518626
77.920,323.275,0.454197
77.930,1302.848,0.035114
77.940,398.983,0.050423
77.950,401.042,0.275630
77.960,400.359,0.402919
77.970,401.582,0.202991
77.980,404.214,0.255965
77.990,134.681,0.250392
78.000,400.717,0.365221
78.010,354.836,0.459405
78.020,350.241,0.738502
78.030,349.809,0.884625
78.040,348.449,0.890192
78.050,347.031,0.938037
78.060,346.925,0.899854
78.070,348.770,0.825522
78.080,351.509,0.788999
78.090,353.616,0.896401
78.100,354.728,0.915710
78.110,355.158,0.952000
78.120,354.652,0.960222
78.130,354.892,0.961767
78.140,354.358,0.965662
78.150,354.185,0.954502
78.160,354.662,0.952917
78.170,352.644,0.925119
78.180,349.068,0.901107
78.190,342.670,0.776930
78.200,337.996,0.636278
78.210,334.780,0.557810
78.220,166.388,0.559556
78.230,165.139,0.676266
78.240,163.355,0.671395
78.250,325.448,0.601737
78.260,328.179,0.818365
78.270,335.075,0.768853
78.280,337.320,0.846149
78.290,336.673,0.893117
78.300,335.602,0.925221
78.310,334.678,0.945087
78.320,333.116,0.924834
78.330,332.192,0.899880
78.340,332.061,0.911067
78.350,332.223,0.915683
78.360,332.596,0.909841
78.370,332.577,0.911924
78.380,330.955,0.908907
78.390,328.878,0.780880
78.400,317.657,0.451602
78.410,308.660,0.568762
78.420,303.501,0.611375
78.430,300.205,0.501392
78.440,299.367,0.380066
78.450,148.713,0.257407
78.460,148.367,0.325628
78.470,148.304,0.360551
78.480,148.827,0.307981
78.490,151.269,0.238291
78.500,348.167,0.414488
78.510,357.478,0.526736
78.520,365.510,0.689589
78.530,369.954,0.869475
78.540,373.719,0.883352
78.550,376.769,0.937489
78.560,376.949,0.908010
78.570,374.007,0.740643
78.580,364.496,0.550650
78.590,351.016,0.865481
78.600,345.922,0.922322
78.610,342.623,0.951408
78.620,340.332,0.913322
78.630,338.650,0.957492
78.640,337.840,0.961217
78.650,337.647,0.961779
78.660,337.178,0.941542
78.670,336.060,0.909115
78.680,334.825,0.923960
78.690,333.556,0.907262
78.700,335.682,0.825527
78.710,339.866,0.846614
78.720,342.162,0.892439
78.730,343.090,0.898242
78.740,343.370,0.873337
78.750,340.671,0.875923
78.760,339.378,0.930906
78.770,337.114,0.938191
78.780,334.370,0.949131
78.790,330.871,0.924038
78.800,325.702,0.815589
78.810,321.906,0.794563
78.820,316.526,0.725831
78.830,311.328,0.799921
78.840,305.635,0.908298
78.850,304.003,0.934703
78.860,301.924,0.959987
78.870,299.852,0.930597
78.880,299.632,0.930892
78.890,300.147,0.898610
78.900,300.496,0.892909
78.910,301.304,0.882117
78.920,302.522,0.899156
78.930,302.086,0.904224
78.940,301.888,0.912642
78.950,302.078,0.937963
78.960,301.022,0.942268
78.970,299.784,0.908785
78.980,298.044,0.929782
78.990,296.843,0.907744
79.000,296.451,0.912836
79.010,294.284,0.934603
79.020,293.502,0.846164
79.030,291.989,0.850906
79.040,291.768,0.711461
79.050,293.118,0.705471
79.060,295.523,0.687719
79.070,297.041,0.631520
79.080,296.541,0.777534
79.090,296.157,0.862032
79.100,297.094,0.878659
79.110,297.020,0.892348
79.120,296.419,0.898888
79.130,295.653,0.910845
79.140,294.846,0.866524
79.150,293.171,0.790227
79.160,290.956,0.576832
79.170,135.837,0.387519
79.180,133.573,0.755015
79.190,131.791,0.740221
79.200,258.953,0.682338
79.210,257.126,0.868326
79.220,256.642,0.877073
79.230,257.838,0.798213
79.240,130.472,0.570974
79.250,131.036,0.783770
79.260,131.707,0.707275
79.270,263.819,0.558351
79.280,264.272,0.528291
79.290,530.340,0.594807
79.300,530.875,0.475524
79.310,264.627,0.428387
79.320,264.462,0.561002
79.330,263.204,0.594024
79.340,264.221,0.424670
79.350,265.297,0.359935
79.360,262.293,0.177894
79.370,255.337,0.346782
79.380,253.368,0.491541
79.390,255.656,0.560034
79.400,258.346,0.569069
79.410,255.503,0.417907
79.420,263.500,0.360166
79.430,333.629,0.203525
79.440,335.194,0.280645
79.450,331.422,0.111775
79.460,329.474,0.226176
79.470,331.756,0.287069
79.480,332.630,0.416208
79.490,331.582,0.707506
79.500,326.186,0.514815
79.510,298.978,0.434900
79.520,298.132,0.587794
79.530,295.362,0.638864
79.540,295.188,0.636105
79.550,296.544,0.577646
79.560,299.242,0.409955
79.570,298.234,0.450065
79.580,296.818,0.452222
79.590,334.289,0.189927
79.600,459.880,0.277351
79.610,341.517,0.431677
79.620,339.207,0.609313
79.630,337.306,0.360124
79.640,304.098,0.528899
79.650,297.366,0.453915
79.660,293.092,0.505264
79.670,294.552,0.343676
79.680,269.539,0.439341
79.690,266.881,0.518120
79.700,265.900,0.470678
79.710,132.689,0.266408
79.720,133.217,0.498664
79.730,133.131,0.571079
79.740,133.385,0.303020
79.750,134.358,0.154220
79.760,536.625,0.178106
79.770,133.915,0.249230
79.780,132.951,0.179390
79.790,333.836,0.151983
79.800,335.458,0.393050
79.810,336.777,0.343076
79.820,530.072,0.198817
79.830,131.696,0.289886
79.840,335.089,0.357932
79.850,336.153,0.504447
79.860,335.730,0.704002
79.870,334.291,0.784048
79.880,332.113,0.585202
79.890,451.130,0.208858
79.900,446.392,0.249489
79.910,444.847,0.401058
79.920,441.143,0.555834
79.930,441.119,0.293039
79.940,55.848,0.083965
79.950,55.627,0.067508
79.960,167.773,0.077240
79.970,1979.450,0.055626
79.980,1038.279,0.046931
79.990,527.981,0.084258
80.000,528.216,0.078480
80.010,521.199,0.053788
80.020,456.944,0.114180
80.030,529.375,0.190463
80.040,530.710,0.553561
80.050,531.154,0.506510
80.060,527.748,0.432173
80.070,526.611,0.193866
80.080,1058.412,0.102102
80.090,65.564,0.159751
80.100,65.613,0.340285
80.110,55.464,0.202583
80.120,458.576,0.025789
80.130,461.137,0.019138
80.140,1333.797,0.062543
80.150,1331.542,0.108395
80.160,33.222,0.139959
80.170,33.313,0.563569
80.180,33.105,0.093783
80.190,1333.843,0.079820
80.200,65.445,0.393619
80.210,65.306,0.427864
80.220,333.474,0.253591
80.230,1336.112,0.120544
80.240,329.887,0.156617
80.250,33.336,0.265898
80.260,33.279,0.111128
80.270,1343.975,0.137855
80.280,1339.886,0.440417
80.290,268.608,0.623564
80.300,268.685,0.795518
80.310,268.611,0.782648
80.320,268.632,0.656300
80.330,268.599,0.570934
80.340,272.109,0.467341
80.350,1325.572,0.436198
80.360,1325.206,0.512702
80.370,1335.145,0.125823
80.380,1399.593,0.125642
80.390,35.596,0.105634
80.400,36.264,0.218428
80.410,1440.223,0.021363
80.420,252.191,0.118008
80.430,250.464,0.693473
80.440,251.008,0.697089
80.450,251.154,0.557239
80.460,251.372,0.608658
80.470,252.625,0.331272
80.480,245.018,0.179348
80.490,358.804,0.370458
80.500,398.539,0.384393
80.510,410.544,0.420196
80.520,413.999,0.384133
80.530,396.580,0.412754
80.540,395.355,0.464372
80.550,439.174,0.464916
80.560,442.832,0.599281
80.570,441.184,0.596937
80.580,437.641,0.656729
80.590,438.119,0.703595
80.600,439.812,0.641865
80.610,438.801,0.672958
80.620,439.926,0.700871
80.630,439.203,0.592994
80.640,438.878,0.475905
80.650,439.350,0.176265
80.660,252.052,0.382474
80.670,250.533,0.459349
80.680,250.272,0.537078
80.690,252.033,0.566920
80.700,253.954,0.679418
80.710,254.163,0.595008
80.720,258.952,0.530242
80.730,392.924,0.436086
80.740,388.864,0.818584
80.750,384.397,0.847422
80.760,381.628,0.911824
80.770,379.563,0.910061
80.780,379.045,0.889906
80.790,379.128,0.888754
80.800,379.661,0.905366
80.810,379.387,0.868455
80.820,378.941,0.818388
80.830,379.910,0.818105
80.840,379.624,0.831385
80.850,381.056,0.864318
80.860,381.708,0.842665
80.870,382.717,0.734574
80.880,383.755,0.713378
80.890,382.983,0.824901
80.900,382.932,0.860499
80.910,384.368,0.909065
80.920,386.499,0.904948
80.930,388.394,0.931523
80.940,390.404,0.903743
80.950,393.450,0.897867
80.960,397.448,0.839699
80.970,401.848,0.811210
80.980,404.730,0.680991
80.990,405.632,0.782459
81.000,406.802,0.824805
81.010,405.946,0.850387
81.020,405.297,0.818139
81.030,403.585,0.891222
81.040,401.403,0.806021
81.050,400.078,0.583242
81.060,398.713,0.845692
81.070,397.926,0.920299
81.080,399.473,0.913410
81.090,401.434,0.931454
81.100,401.731,0.911117
81.110,400.814,0.865377
81.120,399.768,0.813454
81.130,399.062,0.725759
81.140,265.533,0.703071
81.150,396.396,0.736192
81.160,393.694,0.836218
81.170,392.035,0.887831
81.180,390.217,0.897389
81.190,388.656,0.903624
81.200,387.800,0.893217
81.210,388.159,0.895990
81.220,388.189,0.892398
81.230,386.428,0.793926
81.240,383.763,0.795637
81.250,378.236,0.810955
81.260,370.560,0.819420
81.270,360.614,0.670813
81.280,351.654,0.829741
81.290,347.035,0.870062
81.300,342.907,0.902981
81.310,337.128,0.857473
81.320,330.853,0.825810
81.330,327.027,0.768757
81.340,324.644,0.800524
81.350,321.067,0.771378
81.360,318.009,0.752105
81.370,312.960,0.741367
81.380,303.749,0.810721
81.390,300.469,0.903835
81.400,297.155,0.891459
81.410,295.263,0.815407
81.420,294.473,0.764564
81.430,297.383,0.734575
81.440,301.296,0.757275
81.450,305.126,0.820711
81.460,302.790,0.781423
81.470,296.529,0.732443
81.480,293.048,0.651863
81.490,295.723,0.265726
81.500,244.444,0.100905
81.510,245.945,0.279507
81.520,494.474,0.365735
81.530,492.677,0.351992
81.540,246.714,0.227008
81.550,250.065,0.344422
81.560,252.490,0.321692
81.570,254.666,0.395242
81.580,296.607,0.584187
81.590,297.495,0.734876
81.600,297.458,0.719573
81.610,299.085,0.316830
81.620,300.902,0.167424
81.630,249.496,0.190948
81.640,249.122,0.382274
81.650,247.886,0.311665
81.660,246.788,0.343786
81.670,246.957,0.350087
81.680,301.116,0.422039
81.690,301.717,0.601540
81.700,302.753,0.685491
81.710,303.453,0.540188
81.720,500.081,0.265399
81.730,303.226,0.214771
81.740,301.874,0.345916
81.750,300.718,0.392858
81.760,249.673,0.273749
81.770,249.151,0.375182
81.780,249.086,0.304406
81.790,303.665,0.460677
81.800,303.169,0.596796
81.810,302.092,0.571154
81.820,302.067,0.602160
81.830,302.400,0.528286
81.840,304.029,0.211086
81.850,1487.851,0.154627
81.860,358.594,0.050063
81.870,319.748,0.365770
81.880,320.111,0.688619
81.890,321.440,0.764006
81.900,326.449,0.738296
81.910,333.000,0.762367
81.920,337.629,0.646209
81.930,344.454,0.536550
81.940,353.821,0.802972
81.950,358.014,0.851212
81.960,357.630,0.892721
81.970,355.103,0.917629
81.980,353.050,0.906634
81.990,352.536,0.918455
82.000,352.952,0.920197
82.010,354.009,0.907403
82.020,354.471,0.895235
82.030,353.571,0.892814
82.040,354.294,0.910100
82.050,356.062,0.887111
82.060,359.150,0.897347
82.070,361.228,0.913878
82.080,360.587,0.901606
82.090,358.484,0.946511
82.100,355.543,0.906530
82.110,351.321,0.812219
82.120,349.105,0.585419
82.130,346.849,0.430384
82.140,338.927,0.457669
82.150,340.020,0.576241
82.160,341.817,0.666400
82.170,340.599,0.674476
82.180,49.103,0.337577
82.190,341.546,0.802076
82.200,338.543,0.834090
82.210,333.951,0.840665
82.220,333.685,0.855886
82.230,333.124,0.866872
82.240,331.703,0.794925
82.250,331.304,0.814398
82.260,330.974,0.874318
82.270,331.505,0.912077
82.280,332.542,0.894002
82.290,332.888,0.916120
82.300,332.881,0.904081
82.310,332.740,0.887774
82.320,332.371,0.913176
82.330,332.203,0.921462
82.340,331.060,0.881191
82.350,329.090,0.741389
82.360,325.835,0.585317
82.370,323.955,0.384659
82.380,148.237,0.151132
82.390,148.022,0.224911
82.400,198.870,0.702241
82.410,198.927,0.859690
82.420,199.141,0.865557
82.430,199.666,0.867977
82.440,199.651,0.837010
82.450,199.314,0.694217
82.460,198.346,0.388170
82.470,353.199,0.355875
82.480,356.412,0.686815
82.490,359.537,0.786212
82.500,363.945,0.845185
82.510,368.097,0.877916
82.520,369.040,0.910130
82.530,367.507,0.936828
82.540,364.105,0.845238
82.550,357.705,0.883869
82.560,351.403,0.888600
82.570,345.295,0.896676
82.580,341.340,0.930033
82.590,338.622,0.947471
82.600,337.506,0.943553
82.610,336.408,0.918999
82.620,335.516,0.912787
82.630,333.212,0.828887
82.640,331.019,0.741419
82.650,326.858,0.655543
82.660,330.829,0.721166
82.670,335.478,0.787577
82.680,341.983,0.804273
82.690,341.954,0.861751
82.700,341.705,0.809400
82.710,338.306,0.732706
82.720,333.818,0.595323
82.730,325.922,0.735363
82.740,320.934,0.750598
82.750,310.599,0.518011
82.760,305.190,0.831780
82.770,302.973,0.909143
82.780,300.219,0.916925
82.790,297.956,0.953221
82.800,297.146,0.932869
82.810,297.002,0.903783
82.820,298.700,0.846505
82.830,300.213,0.760225
82.840,301.722,0.662312
82.850,301.182,0.688844
82.860,301.003,0.566450
82.870,299.410,0.558270
82.880,299.274,0.684269
82.890,297.347,0.799790
82.900,296.461,0.869816
82.910,297.049,0.900509
82.920,297.383,0.915832
82.930,298.619,0.916530
82.940,299.703,0.897745
82.950,301.263,0.946676
82.960,301.991,0.937142
82.970,302.578,0.901594
82.980,302.004,0.874052
82.990,301.645,0.844335
83.000,299.760,0.653798
83.010,294.642,0.642536
83.020,291.964,0.323177
83.030,265.515,0.424029
83.040,258.430,0.699927
83.050,255.783,0.798973
83.060,255.462,0.810184
83.070,257.319,0.859713
83.080,258.632,0.833881
83.090,260.636,0.585585
83.100,132.004,0.536473
83.110,265.615,0.644085
83.120,266.678,0.766377
83.130,267.239,0.727521
83.140,267.076,0.687339
83.150,266.983,0.777741
83.160,265.648,0.708576
83.170,264.634,0.753456
83.180,264.137,0.794526
83.190,264.813,0.781113
83.200,266.880,0.686453
83.210,270.069,0.523983
83.220,288.216,0.526159
83.230,290.361,0.610146
83.240,270.186,0.300709
83.250,398.105,0.383271
83.260,399.532,0.618483
83.270,396.910,0.564454
83.280,438.570,0.446471
83.290,441.051,0.687049
83.300,442.076,0.640897
83.310,446.620,0.299440
83.320,458.472,0.305058
83.330,472.244,0.244783
83.340,464.774,0.266379
83.350,460.594,0.292406
83.360,334.537,0.202044
83.370,333.665,0.335396
83.380,334.062,0.373644
83.390,333.438,0.466070
83.400,331.396,0.554315
83.410,330.163,0.464477
83.420,332.116,0.377476
83.430,329.663,0.466606
83.440,310.641,0.333516
83.450,306.908,0.528797
83.460,299.579,0.466425
83.470,296.755,0.653425
83.480,293.972,0.731500
83.490,74.450,0.361439
83.500,296.481,0.178828
83.510,74.811,0.162255
83.520,448.521,0.130966
83.530,447.296,0.632897
83.540,446.424,0.799622
83.550,444.929,0.683851
83.560,302.358,0.459951
83.570,296.381,0.423534
83.580,291.444,0.454068
83.590,290.607,0.581389
83.600,290.752,0.556378
83.610,293.555,0.187653
83.620,531.885,0.157491
83.630,264.694,0.184829
83.640,263.887,0.248826
83.650,265.201,0.446934
83.660,265.346,0.497350
83.670,266.237,0.605867
83.680,266.208,0.781528
83.690,267.328,0.852014
83.700,268.434,0.915998
83.710,268.777,0.900704
83.720,268.237,0.863654
83.730,270.366,0.781141
83.740,273.023,0.690042
83.750,272.158,0.705934
83.760,271.023,0.825790
83.770,270.191,0.867629
83.780,267.022,0.618935
83.790,257.275,0.203218
83.800,247.793,0.125087
83.810,986.547,0.148399
83.820,1329.112,0.107144
83.830,1326.421,0.027318
83.840,1341.766,0.045739
83.850,447.655,0.037378
83.860,446.405,0.017110
83.870,1083.830,0.021140
83.880,337.934,0.027951
83.890,347.485,0.031784
83.900,220.423,0.170671
83.910,220.576,0.076272
83.920,310.583,0.220037
83.930,330.855,0.230381
83.940,323.662,0.375983
83.950,329.783,0.275534
83.960,334.975,0.172300
83.970,446.101,0.118459
83.980,407.744,0.160331
83.990,269.781,0.121701
84.000,275.086,0.215822
84.010,295.754,0.220342
84.020,315.436,0.394099
84.030,323.759,0.554011
84.040,334.722,0.794804
84.050,342.035,0.844697
84.060,347.265,0.911013
84.070,349.462,0.841579
84.080,348.555,0.424329
84.090,330.485,0.238026
84.100,291.654,0.358512
84.110,300.019,0.500111
84.120,301.184,0.719613
84.130,299.293,0.822555
84.140,296.997,0.860688
84.150,295.404,0.910947
84.160,294.463,0.920168
84.170,294.450,0.942382
84.180,295.653,0.937081
84.190,296.948,0.900105
84.200,298.481,0.939888
84.210,300.403,0.912620
84.220,304.002,0.912774
84.230,308.805,0.876194
84.240,313.925,0.842189
84.250,316.921,0.871608
84.260,316.058,0.844356
84.270,308.753,0.866998
84.280,304.452,0.934236
84.290,302.844,0.951013
84.300,301.254,0.951628
84.310,298.744,0.934884
84.320,295.640,0.779917
84.330,294.352,0.656322
84.340,296.196,0.396837
84.350,244.843,0.215031
84.360,248.408,0.198836
84.370,248.718,0.326974
84.380,249.599,0.400495
84.390,250.152,0.341983
84.400,253.842,0.140741
84.410,299.913,0.302746
84.420,299.096,0.540143
84.430,295.436,0.705610
84.440,293.429,0.717915
84.450,288.601,0.820362
84.460,286.616,0.906316
84.470,286.428,0.847660
84.480,288.066,0.587827
84.490,298.061,0.356329
84.500,275.993,0.616587
84.510,275.947,0.791953
84.520,275.348,0.870312
84.530,272.949,0.865858
84.540,269.460,0.877809
84.550,266.502,0.709147
84.560,264.896,0.424164
84.570,262.056,0.365785
84.580,243.513,0.534415
84.590,244.096,0.642994
84.600,246.086,0.736043
84.610,246.903,0.820194
84.620,246.684,0.846823
84.630,245.404,0.767230
84.640,240.568,0.508578
84.650,236.432,0.564023
84.660,229.272,0.497241
84.670,232.209,0.333600
84.680,227.298,0.197000
84.690,223.915,0.316435
84.700,444.330,0.652039
84.710,445.561,0.648965
84.720,450.051,0.676306
84.730,452.979,0.589524
84.740,453.066,0.476268
84.750,224.434,0.330138
84.760,450.424,0.426312
84.770,448.061,0.427428
84.780,447.597,0.376794
84.790,443.790,0.325047
84.800,442.935,0.242938
84.810,232.968,0.432143
84.820,231.202,0.715926
84.830,231.024,0.778618
84.840,230.860,0.683117
84.850,231.595,0.463886
84.860,231.340,0.226263
84.870,229.095,0.229365
84.880,228.806,0.319856
84.890,229.403,0.183772
84.900,229.192,0.399194
84.910,229.165,0.243337
84.920,254.877,0.366246
84.930,258.069,0.428837
84.940,263.524,0.371226
84.950,268.003,0.460484
84.960,268.209,0.405583
84.970,244.922,0.286071
84.980,245.783,0.304479
84.990,262.853,0.273429
85.000,267.856,0.413395
85.010,223.257,0.347092
85.020,222.840,0.501501
85.030,221.944,0.128329
85.040,223.651,0.146903
85.050,129.523,0.062340
85.060,32.984,0.026725
85.070,449.332,0.391229
85.080,448.087,0.629400
85.090,446.325,0.275917
85.100,446.969,0.192846
85.110,446.162,0.080878
85.120,446.336,0.120627
85.130,132.645,0.151508
85.140,132.645,0.395308
85.150,198.051,0.118207
85.160,197.099,0.231429
85.170,307.317,0.291026
85.180,306.397,0.321269
85.190,307.387,0.131433
85.200,37.174,0.171931
85.210,298.450,0.148454
85.220,58.606,0.085239
85.230,250.795,0.357461
85.240,251.005,0.452705
85.250,249.197,0.164644
85.260,242.289,0.187249
85.270,242.164,0.283826
85.280,241.872,0.219504
85.290,86.003,0.030733
85.300,398.358,0.264818
85.310,253.597,0.284684
85.320,254.041,0.644680
85.330,255.936,0.785024
85.340,255.283,0.748437
85.350,253.594,0.703690
85.360,250.811,0.729851
85.370,250.872,0.563553
85.380,249.191,0.656860
85.390,250.934,0.494037
85.400,248.533,0.347651
85.410,294.669,0.288913
85.420,287.901,0.457869
85.430,293.872,0.765482
85.440,293.857,0.914589
85.450,294.465,0.949863
85.460,296.927,0.921499
85.470,299.365,0.924673
85.480,298.838,0.913752
85.490,294.465,0.914585
85.500,293.449,0.941591
85.510,295.831,0.939492
85.520,298.189,0.935690
85.530,302.064,0.928606
85.540,305.760,0.943647
85.550,304.862,0.932876
85.560,301.683,0.863159
85.570,298.174,0.790444
85.580,296.478,0.553555
85.590,256.169,0.533519
85.600,257.208,0.797132
85.610,259.862,0.892486
85.620,259.895,0.890572
85.630,260.797,0.771563
85.640,263.772,0.226994
85.650,299.166,0.616108
85.660,301.544,0.892455
85.670,304.281,0.924409
85.680,310.526,0.731997
85.690,325.932,0.692229
85.700,334.588,0.877863
85.710,341.524,0.901018
85.720,346.997,0.956585
85.730,348.292,0.938188
85.740,346.175,0.949007
85.750,342.270,0.754417
85.760,339.585,0.551401
85.770,334.702,0.546873
85.780,329.913,0.243253
85.790,982.697,0.041881
85.800,399.731,0.019215
85.810,401.902,0.441593
85.820,403.263,0.659850
85.830,404.493,0.486965
85.840,400.025,0.453381
85.850,399.647,0.454969
85.860,398.937,0.461434
85.870,349.963,0.574798
85.880,350.118,0.787939
85.890,351.192,0.875017
85.900,351.291,0.920884
85.910,349.862,0.958288
85.920,349.369,0.957163
85.930,351.291,0.920985
85.940,355.937,0.836738
85.950,359.806,0.830374
85.960,360.474,0.872184
85.970,357.387,0.948364
85.980,354.619,0.967535
85.990,353.331,0.951987
86.000,352.785,0.935891
86.010,353.752,0.933197
86.020,354.122,0.944358
86.030,353.564,0.939924
86.040,352.929,0.902579
86.050,351.237,0.909810
86.060,347.054,0.735935
86.070,339.719,0.575781
86.080,336.085,0.610504
86.090,339.196,0.441245
86.100,343.944,0.432520
86.110,343.264,0.481615
86.120,338.705,0.637614
86.130,341.155,0.762500
86.140,338.701,0.837069
86.150,336.916,0.873119
86.160,335.864,0.874717
86.170,334.395,0.935377
86.180,333.619,0.936812
86.190,333.262,0.909732
86.200,332.582,0.923910
86.210,331.387,0.954682
86.220,331.218,0.935353
86.230,331.686,0.928105
86.240,332.692,0.907939
86.250,335.098,0.936691
86.260,336.123,0.890891
86.270,332.710,0.749614
86.280,321.823,0.377786
86.290,306.068,0.430599
86.300,148.552,0.619236
86.310,298.323,0.499589
86.320,99.646,0.333942
86.330,99.264,0.400001
86.340,197.958,0.219563
86.350,345.901,0.292783
86.360,346.425,0.405499
86.370,350.673,0.773864
86.380,354.684,0.861696
86.390,357.757,0.904351
86.400,362.019,0.913224
86.410,364.132,0.909983
86.420,363.914,0.875004
86.430,358.077,0.890717
86.440,350.366,0.883283
86.450,342.536,0.872576
86.460,335.641,0.921311
86.470,333.261,0.949364
86.480,332.404,0.938985
86.490,332.041,0.951169
86.500,332.103,0.951066
86.510,332.025,0.951473
86.520,331.481,0.964362
86.530,331.030,0.963972
86.540,329.806,0.928659
86.550,326.030,0.874606
86.560,322.055,0.855545
86.570,320.194,0.907910
86.580,319.386,0.917907
86.590,320.080,0.910251
86.600,319.957,0.908701
86.610,322.515,0.853912
86.620,327.174,0.873600
86.630,329.364,0.928117
86.640,330.530,0.951371
86.650,329.530,0.924744
86.660,327.359,0.922219
86.670,324.403,0.874691
86.680,319.250,0.844012
86.690,313.901,0.865031
86.700,309.257,0.915805
86.710,305.369,0.937745
86.720,301.987,0.935370
86.730,299.508,0.912477
86.740,297.466,0.940065
86.750,296.474,0.922199
86.760,296.794,0.869518
86.770,296.857,0.752695
86.780,297.651,0.685230
86.790,301.425,0.795270
86.800,302.554,0.913374
86.810,302.778,0.915653
86.820,301.437,0.922759
86.830,301.438,0.915226
86.840,301.431,0.911715
86.850,300.947,0.902846
86.860,299.626,0.899374
86.870,297.684,0.927842
86.880,297.099,0.925749
86.890,297.598,0.929699
86.900,297.382,0.890764
86.910,298.847,0.871016
86.920,301.397,0.819858
86.930,302.974,0.814746
86.940,303.286,0.812205
86.950,302.911,0.843534
86.960,302.343,0.904290
86.970,301.794,0.918172
86.980,301.920,0.909880
86.990,302.258,0.925048
87.000,302.443,0.835858
87.010,298.850,0.654557
87.020,293.005,0.407572
87.030,135.688,0.445839
87.040,133.162,0.546847
87.050,132.501,0.729455
87.060,131.719,0.761076
87.070,259.014,0.750343
87.080,256.710,0.885951
87.090,256.613,0.864787
87.100,257.589,0.789667
87.110,258.021,0.766069
87.120,258.184,0.814424
87.130,259.734,0.786046
87.140,259.208,0.719877
87.150,259.540,0.687623
87.160,261.366,0.557905
87.170,263.694,0.576583
87.180,266.731,0.475529
87.190,269.473,0.476970
87.200,271.718,0.320218
87.210,137.282,0.262246
87.220,220.553,0.396450
87.230,222.014,0.407601
87.240,223.761,0.411636
87.250,449.690,0.472468
87.260,495.846,0.317923
87.270,231.696,0.128083
87.280,276.052,0.354363
87.290,277.292,0.600012
87.300,275.672,0.593680
87.310,273.973,0.452933
87.320,270.110,0.550129
87.330,328.318,0.304825
87.340,321.948,0.303970
87.350,330.574,0.247129
87.360,332.303,0.206521
87.370,333.781,0.407408
87.380,333.857,0.374874
87.390,285.730,0.283567
87.400,291.123,0.390827
87.410,292.764,0.387270
87.420,295.987,0.520723
87.430,298.980,0.370566
87.440,301.991,0.450110
87.450,300.767,0.356553
87.460,337.915,0.369181
87.470,337.114,0.426803
87.480,340.724,0.531355
87.490,342.114,0.406748
87.500,231.417,0.353002
87.510,275.705,0.246989
87.520,272.938,0.271742
87.530,535.879,0.334553
87.540,531.229,0.264021
87.550,266.777,0.321994
87.560,266.604,0.458376
87.570,132.500,0.488135
87.580,132.924,0.417802
87.590,133.538,0.293137
87.600,299.942,0.249694
87.610,298.758,0.258654
87.620,225.436,0.190093
87.630,337.802,0.169848
87.640,134.415,0.418219
87.650,133.138,0.318239
87.660,132.990,0.457122
87.670,133.508,0.406606
87.680,133.935,0.289561
87.690,132.790,0.319596
87.700,131.676,0.408315
87.710,334.558,0.600317
87.720,335.675,0.768182
87.730,335.814,0.838459
87.740,336.127,0.787359
87.750,337.099,0.428096
87.760,32.542,0.051660
87.770,33.127,0.235460
87.780,33.340,0.123986
87.790,528.951,0.241519
87.800,528.206,0.321757
87.810,529.374,0.172387
87.820,1334.275,0.064029
87.830,1338.107,0.147494
87.840,1343.699,0.137763
87.850,1348.687,0.059886
87.860,1045.998,0.046484
87.870,33.495,0.111829
87.880,271.230,0.142149
87.890,454.530,0.155106
87.900,454.007,0.170577
87.910,534.078,0.271329
87.920,533.825,0.144945
87.930,268.218,0.040979
87.940,1060.497,0.021048
87.950,65.645,0.087378
87.960,55.782,0.091272
87.970,65.962,0.269812
87.980,455.780,0.175560
87.990,462.205,0.214474
88.000,466.735,0.128294
88.010,45.545,0.135148
88.020,45.925,0.285631
88.030,455.081,0.170466
88.040,450.852,0.095741
88.050,1329.674,0.169179
88.060,1323.947,0.069017
88.070,268.635,0.146564
88.080,270.050,0.306590
88.090,269.636,0.271106
88.100,1066.650,0.114102
88.110,532.313,0.180939
88.120,530.832,0.188311
88.130,1061.312,0.226155
88.140,1053.937,0.156333
88.150,322.088,0.140880
88.160,332.122,0.302472
88.170,349.332,0.285774
88.180,362.266,0.743542
88.190,362.414,0.679394
88.200,367.474,0.378172
88.210,387.773,0.585314
88.220,391.287,0.572789
88.230,401.658,0.433658
88.240,1329.465,0.113843
88.250,1330.592,0.025799
88.260,222.823,0.034343
88.270,248.675,0.124627
88.280,248.907,0.197115
88.290,250.159,0.408325
88.300,250.639,0.617073
88.310,250.571,0.616484
88.320,251.307,0.564606
88.330,251.217,0.603099
88.340,245.968,0.270602
88.350,370.428,0.270274
88.360,377.216,0.573036
88.370,381.495,0.776468
88.380,384.149,0.800812
88.390,385.813,0.741131
88.400,393.594,0.510668
88.410,405.384,0.654326
88.420,410.267,0.754263
88.430,407.828,0.727378
88.440,403.873,0.744837
88.450,403.877,0.816176
88.460,403.063,0.840346
88.470,402.552,0.852729
88.480,402.513,0.849383
88.490,401.269,0.757439
88.500,397.713,0.653328
88.510,390.139,0.322545
88.520,126.582,0.274341
88.530,125.983,0.376083
88.540,127.870,0.341507
88.550,253.701,0.545950
88.560,253.115,0.646057
88.570,252.931,0.369405
88.580,391.213,0.480987
88.590,398.033,0.490910
88.600,395.875,0.767120
88.610,391.446,0.645948
88.620,389.400,0.621015
88.630,386.980,0.490247
88.640,370.265,0.387804
88.650,355.207,0.517251
88.660,344.234,0.680586
88.670,340.861,0.850820
88.680,340.551,0.871589
88.690,338.012,0.894212
88.700,335.534,0.910403
88.710,335.685,0.906300
88.720,333.936,0.886888
88.730,334.047,0.839656
88.740,340.770,0.571681
88.750,334.374,0.584144
88.760,336.064,0.583191
88.770,335.829,0.653793
88.780,336.988,0.788406
88.790,337.074,0.801009
88.800,336.479,0.815100
88.810,333.129,0.854242
88.820,331.198,0.882548
88.830,328.021,0.825738
88.840,323.604,0.752697
88.850,318.403,0.796524
88.860,313.818,0.729478
88.870,304.288,0.649280
88.880,295.431,0.762342
88.890,290.375,0.835782
88.900,289.365,0.870755
88.910,289.625,0.886468
88.920,289.840,0.899588
88.930,291.291,0.922634
88.940,292.553,0.873102
88.950,295.278,0.877013
88.960,299.762,0.788411
88.970,303.103,0.896678
88.980,303.342,0.928949
88.990,302.878,0.934343
89.000,304.032,0.919837
89.010,304.114,0.862561
89.020,302.745,0.710267
89.030,150.340,0.624749
89.040,150.306,0.482241
89.050,447.966,0.803598
89.060,447.636,0.734724
89.070,446.566,0.592008
89.080,446.490,0.478901
89.090,32.772,0.071569
89.100,305.684,0.168073
89.110,298.542,0.469179
89.120,297.632,0.721955
89.130,299.508,0.879380
89.140,301.345,0.935403
89.150,301.823,0.952247
89.160,302.579,0.947403
89.170,302.293,0.943317
89.180,301.319,0.938020
89.190,299.961,0.902639
89.200,298.701,0.920879
89.210,298.671,0.875423
89.220,299.065,0.760192
89.230,301.682,0.674054
89.240,304.394,0.575588
89.250,297.659,0.257766
89.260,298.668,0.371412
89.270,302.457,0.738019
89.280,303.891,0.850959
89.290,302.081,0.740342
89.300,303.394,0.608487
89.310,307.636,0.555640
89.320,307.350,0.685768
89.330,306.374,0.551866
89.340,299.934,0.275086
89.350,355.910,0.630032
89.360,353.090,0.828939
89.370,351.340,0.888615
89.380,347.840,0.881806
89.390,345.649,0.926649
89.400,346.110,0.874485
89.410,352.557,0.863357
89.420,354.445,0.887351
89.430,354.291,0.776433
89.440,353.683,0.695480
89.450,354.149,0.673931
89.460,355.264,0.501858
89.470,357.959,0.538835
89.480,359.308,0.680420
89.490,361.411,0.557838
89.500,361.802,0.598897
89.510,371.104,0.503475
89.520,378.835,0.693506
89.530,385.444,0.655031
89.540,391.270,0.747258
89.550,395.422,0.702471
89.560,401.681,0.548438
89.570,404.356,0.587350
89.580,404.472,0.697254
89.590,405.367,0.796811
89.600,407.879,0.857457
89.610,409.735,0.878593
89.620,408.100,0.840238
89.630,399.270,0.740613
89.640,391.369,0.856495
89.650,386.532,0.801348
89.660,376.144,0.605515
89.670,365.009,0.809014
89.680,360.246,0.869361
89.690,358.312,0.909251
89.700,356.978,0.894999
89.710,358.714,0.880090
89.720,359.064,0.791635
89.730,358.325,0.453257
89.740,355.239,0.345546
89.750,354.868,0.482296
89.760,351.498,0.315727
89.770,462.551,0.160021
89.780,1776.818,0.116395
89.790,397.609,0.165793
89.800,888.079,0.050505
89.810,448.538,0.086750
89.820,450.045,0.220670
89.830,357.343,0.186413
89.840,356.917,0.491405
89.850,358.857,0.799603
89.860,360.090,0.861951
89.870,359.150,0.851485
89.880,358.077,0.784326
89.890,356.257,0.796097
89.900,357.936,0.854773
89.910,359.983,0.880276
89.920,361.779,0.912863
89.930,362.594,0.930574
89.940,363.549,0.930636
89.950,360.980,0.904625
89.960,357.188,0.916826
89.970,354.172,0.932070
89.980,352.490,0.853772
89.990,347.944,0.848997
90.000,344.317,0.782053
90.010,337.561,0.697212
90.020,336.383,0.830841
90.030,336.586,0.790256
90.040,336.991,0.706018
90.050,336.113,0.753199
90.060,336.965,0.770786
90.070,339.017,0.719625
90.080,336.304,0.828952
90.090,336.439,0.847321
90.100,333.360,0.880384
90.110,332.222,0.899378
90.120,331.301,0.881511
90.130,331.478,0.870951
90.140,332.441,0.880274
90.150,334.585,0.932605
90.160,336.743,0.915036
90.170,337.090,0.924053
90.180,337.104,0.935857
90.190,337.108,0.917994
90.200,335.933,0.898909
90.210,334.798,0.897922
90.220,332.810,0.826150
90.230,329.972,0.481150
90.240,299.901,0.640151
90.250,297.614,0.781777
90.260,297.346,0.742991
90.270,297.790,0.561232
90.280,1205.163,0.267743
90.290,200.636,0.260948
90.300,198.941,0.688931
90.310,198.802,0.436058
90.320,346.557,0.194525
90.330,354.180,0.590968
90.340,358.959,0.770077
90.350,362.268,0.746186
90.360,366.603,0.788510
90.370,368.385,0.813092
90.380,366.697,0.826166
90.390,362.116,0.791240
90.400,355.215,0.917643
90.410,350.747,0.938701
90.420,347.504,0.922066
90.430,344.365,0.902739
90.440,342.077,0.935460
90.450,340.587,0.923157
90.460,339.435,0.948558
90.470,338.640,0.925230
90.480,336.021,0.882344
90.490,332.859,0.788247
90.500,326.612,0.700551
90.510,320.024,0.779776
90.520,321.400,0.814727
90.530,326.487,0.916280
90.540,330.041,0.940030
90.550,332.638,0.921711
90.560,334.087,0.957266
90.570,333.987,0.941976
90.580,332.378,0.907209
90.590,331.147,0.801970
90.600,327.383,0.625714
90.610,322.612,0.589200
90.620,320.123,0.586558
90.630,311.784,0.753602
90.640,310.054,0.926495
90.650,306.849,0.923089
90.660,304.292,0.952775
90.670,302.524,0.940744
90.680,301.217,0.937720
90.690,300.315,0.887560
90.700,300.405,0.850363
90.710,302.313,0.778588
90.720,302.577,0.768341
90.730,301.742,0.775000
90.740,301.549,0.532132
90.750,301.378,0.604657
90.760,301.369,0.793522
90.770,299.637,0.796633
90.780,296.825,0.799244
90.790,294.586,0.861360
90.800,293.255,0.869132
90.810,291.940,0.903863
90.820,292.256,0.884735
90.830,293.017,0.708022
90.840,295.644,0.609393
90.850,299.617,0.635608
90.860,300.992,0.597562
90.870,302.193,0.670865
90.880,301.220,0.707970
90.890,299.472,0.679603
90.900,298.657,0.731770
90.910,298.935,0.767184
90.920,299.029,0.733877
90.930,297.194,0.697674
90.940,296.041,0.625272
90.950,293.195,0.183988
90.960,275.365,0.266691
90.970,266.141,0.319409
90.980,132.367,0.509843
90.990,264.045,0.587744
91.000,264.206,0.645430
91.010,263.796,0.736404
91.020,263.607,0.671840
91.030,264.819,0.826384
91.040,266.123,0.673653
91.050,268.251,0.730262
91.060,269.142,0.790473
91.070,269.177,0.701717
91.080,540.197,0.395977
91.090,539.648,0.596145
91.100,538.676,0.694355
91.110,539.133,0.662946
91.120,539.449,0.682541
91.130,539.907,0.454705
91.140,397.116,0.260879
91.150,460.247,0.109606
91.160,456.083,0.228448
91.170,450.101,0.432413
91.180,297.983,0.281380
91.190,300.037,0.235705
91.200,308.329,0.228477
91.210,311.390,0.253559
91.220,322.536,0.134030
91.230,332.103,0.129210
91.240,331.502,0.157422
91.250,327.699,0.221435
91.260,330.910,0.460997
91.270,330.668,0.501047
91.280,330.871,0.701972
91.290,330.715,0.827546
91.300,331.631,0.891072
91.310,331.471,0.741143
91.320,332.560,0.451471
91.330,298.330,0.349369
91.340,296.013,0.478840
91.350,293.107,0.669056
91.360,293.793,0.451929
91.370,296.397,0.367108
91.380,297.607,0.572490
91.390,297.377,0.445549
91.400,295.890,0.231506
91.410,266.226,0.417055
91.420,445.560,0.604326
91.430,445.015,0.661048
91.440,293.400,0.284112
91.450,280.381,0.382107
91.460,289.398,0.541318
91.470,292.225,0.674417
91.480,293.387,0.674800
91.490,297.161,0.306006
91.500,297.366,0.098413
91.510,331.807,0.215991
91.520,332.150,0.352396
91.530,333.287,0.652826
91.540,334.068,0.590508
91.550,333.567,0.530832
91.560,333.374,0.452336
91.570,335.058,0.355750
91.580,333.650,0.367647
91.590,333.577,0.435763
91.600,268.022,0.518221
91.610,266.281,0.641539
91.620,267.872,0.729723
91.630,269.812,0.870908
91.640,269.050,0.883614
91.650,267.000,0.794328
91.660,265.328,0.727951
91.670,261.241,0.574218
91.680,247.272,0.155309
91.690,1335.350,0.064363
91.700,456.492,0.032242
91.710,538.259,0.069800
91.720,536.526,0.100103
91.730,534.263,0.163392
91.740,1059.764,0.101545
91.750,1056.196,0.051920
91.760,356.642,0.082403
91.770,389.999,0.661450
91.780,392.416,0.589575
91.790,393.858,0.483801
91.800,400.365,0.363774
91.810,400.506,0.226709
91.820,349.003,0.135657
91.830,657.596,0.136538
91.840,290.056,0.411527
91.850,296.782,0.631323
91.860,301.145,0.841314
91.870,305.490,0.786250
91.880,309.320,0.784514
91.890,310.110,0.880015
91.900,310.519,0.917913
91.910,311.025,0.943955
91.920,311.062,0.953986
91.930,311.244,0.952827
91.940,310.905,0.936661
91.950,311.920,0.902496
91.960,310.779,0.868616
91.970,308.642,0.906598
91.980,307.800,0.919779
91.990,304.132,0.928900
92.000,301.847,0.944957
92.010,300.655,0.909918
92.020,300.434,0.884459
92.030,299.763,0.904123
92.040,298.809,0.855382
92.050,295.849,0.870941
92.060,293.536,0.925412
92.070,293.824,0.945531
92.080,295.682,0.934331
92.090,299.062,0.923500
92.100,301.729,0.958412
92.110,302.373,0.956515
92.120,301.715,0.938291
92.130,299.974,0.905697
92.140,297.214,0.905030
92.150,293.591,0.896015
92.160,290.074,0.872732
92.170,287.461,0.782268
92.180,281.711,0.481699
92.190,264.791,0.258479
92.200,247.033,0.617092
92.210,247.474,0.655408
92.220,249.622,0.696120
92.230,250.165,0.768638
92.240,250.532,0.795353
92.250,250.426,0.778948
92.260,247.554,0.631982
92.270,242.290,0.431689
92.280,236.661,0.233931
92.290,265.475,0.342039
92.300,270.751,0.290612
92.310,273.882,0.528814
92.320,274.733,0.678385
92.330,274.292,0.814891
92.340,272.776,0.823054
92.350,272.125,0.775213
92.360,273.407,0.671966
92.370,268.230,0.595203
92.380,265.275,0.667120
92.390,264.336,0.765849
92.400,263.664,0.836190
92.410,262.089,0.880286
92.420,260.339,0.861666
92.430,258.252,0.695645
92.440,252.645,0.661009
92.450,247.086,0.700818
92.460,243.974,0.698638
92.470,242.977,0.694370
92.480,243.277,0.614198
92.490,242.501,0.576008
92.500,241.012,0.657801
92.510,237.005,0.650846
92.520,232.240,0.634225
92.530,228.869,0.704516
92.540,226.458,0.630150
92.550,224.185,0.222362
92.560,250.191,0.581253
92.570,256.647,0.715007
92.580,252.935,0.730142
92.590,252.027,0.640783
92.600,249.039,0.470358
92.610,252.645,0.466021
92.620,249.159,0.354254
92.630,251.930,0.643527
92.640,250.028,0.680962
92.650,249.530,0.704429
92.660,247.855,0.594146
92.670,240.893,0.296415
92.680,227.688,0.617491
92.690,229.718,0.602732
92.700,229.439,0.595550
92.710,228.756,0.452821
92.720,228.812,0.270028
92.730,225.795,0.682007
92.740,223.445,0.611606
92.750,224.170,0.666394
92.760,224.025,0.442780
92.770,299.317,0.300481
92.780,298.688,0.406616
92.790,229.431,0.491231
92.800,227.731,0.635302
92.810,227.796,0.793906
92.820,228.952,0.795911
92.830,227.687,0.375908
92.840,264.969,0.316022
92.850,256.676,0.194167
92.860,217.983,0.204645
92.870,220.186,0.133016
92.880,263.497,0.108631
92.890,264.044,0.153500
92.900,220.322,0.321833
92.910,251.065,0.162048
92.920,1759.289,0.060771
92.930,54.336,0.061969
92.940,33.707,0.058016
92.950,33.149,0.049737
92.960,195.748,0.186559
92.970,195.555,0.239940
92.980,192.692,0.092540
92.990,196.473,0.339838
93.000,132.722,0.298369
93.010,399.503,0.343703
93.020,399.423,0.468122
93.030,401.321,0.338848
93.040,407.018,0.231934
93.050,409.890,0.259206
93.060,252.242,0.230509
93.070,241.449,0.297648
93.080,244.789,0.498981
93.090,253.113,0.691229
93.100,257.302,0.746878
93.110,258.234,0.888018
93.120,257.434,0.922219
93.130,254.628,0.832433
93.140,251.297,0.809329
93.150,249.785,0.798665
93.160,249.728,0.689836
93.170,246.469,0.424933
93.180,251.169,0.544923
93.190,251.964,0.544995
93.200,253.960,0.652030
93.210,253.965,0.463760
93.220,254.268,0.522056
93.230,256.198,0.508638
93.240,401.897,0.307666
93.250,250.720,0.248352
93.260,250.587,0.582578
93.270,249.923,0.696146
93.280,249.462,0.729210
93.290,249.443,0.811904
93.300,249.969,0.886715
93.310,250.136,0.886727
93.320,250.784,0.902397
93.330,252.532,0.924118
93.340,253.244,0.941447
93.350,252.216,0.895783
93.360,250.400,0.928805
93.370,248.512,0.915341
93.380,247.441,0.919280
93.390,245.712,0.911376
93.400,241.609,0.789232
93.410,233.480,0.508429
93.420,232.135,0.508475
93.430,234.469,0.584409
93.440,234.883,0.698781
93.450,231.543,0.587076
93.460,226.333,0.697712
93.470,221.891,0.755929
93.480,217.923,0.817745
93.490,215.475,0.853775
93.500,213.758,0.830788
93.510,212.516,0.847563
93.520,211.993,0.762347
93.530,213.123,0.503522
93.540,212.950,0.425080
93.550,215.399,0.641212
93.560,211.301,0.635959
93.570,206.602,0.604058
93.580,203.220,0.712556
93.590,203.089,0.776721
93.600,203.437,0.839125
93.610,203.476,0.792654
93.620,203.867,0.815596
93.630,204.179,0.730163
93.640,203.015,0.634679
93.650,203.736,0.347643
93.660,204.388,0.426322
93.670,207.265,0.202627
93.680,401.195,0.109165
93.690,400.835,0.146597
93.700,199.651,0.038054
93.710,198.541,0.168147
93.720,199.037,0.353958
93.730,199.060,0.409550
93.740,199.772,0.621307
93.750,201.449,0.506135
93.760,202.236,0.437534
93.770,408.630,0.237262
93.780,201.576,0.474179
93.790,202.582,0.487266
93.800,202.752,0.561759
93.810,202.659,0.680587
93.820,202.667,0.692513
93.830,201.732,0.686286
93.840,201.846,0.666184
93.850,202.634,0.546589
93.860,99.725,0.127698
93.870,1193.750,0.400758
93.880,1187.492,0.526635
93.890,1186.233,0.584248
93.900,1186.809,0.532789
93.910,1186.762,0.197734
93.920,1207.226,0.107309
93.930,335.141,0.089436
93.940,33.426,0.075695
93.950,401.207,0.065231
93.960,998.650,0.075372
93.970,1179.627,0.094698
93.980,592.021,0.335237
93.990,595.032,0.445990
94.000,199.591,0.235825
94.010,1002.548,0.312792
94.020,1002.456,0.251801
94.030,998.606,0.222277
94.040,996.861,0.085344
94.050,317.647,0.038050
94.060,301.546,0.412999
94.070,998.921,0.749032
94.080,999.213,0.727808
94.090,999.661,0.699723
94.100,999.796,0.645401
94.110,997.894,0.776561
94.120,999.543,0.807453
94.130,1001.550,0.569428
94.140,1003.537,0.095607
94.150,1974.620,0.012327
94.160,1976.791,0.047207
94.170,981.118,0.045967
94.180,200.834,0.059406
94.190,197.898,0.638081
94.200,199.044,0.632890
94.210,201.105,0.284289
94.220,202.818,0.274126
94.230,202.284,0.590164
94.240,202.737,0.427891
94.250,55.186,0.028530
94.260,415.623,0.009488
94.270,1025.803,0.031394
94.280,151.098,0.332373
94.290,149.980,0.168222
94.300,36.061,0.095501
94.310,36.115,0.591772
94.320,1181.255,0.029298
94.330,46.450,0.057092
94.340,48.519,0.020340
94.350,141.409,0.039128
94.360,142.978,0.073305
94.370,291.030,0.091849
94.380,265.382,0.114794
94.390,33.081,0.028724
94.400,33.249,0.296436
94.410,33.098,0.022699
94.420,988.568,0.009653
94.430,1842.677,0.024339
94.440,1843.453,0.047441
94.450,946.870,0.014660
94.460,946.443,0.010578
94.470,663.901,0.034002
94.480,1313.530,0.028046
94.490,662.376,0.048751
94.500,1169.736,0.010508
94.510,324.558,0.056931
94.520,32.484,0.011779
94.530,33.371,0.024648
94.540,32.794,0.018124
94.550,49.370,0.004669
94.560,98.295,0.013109
94.570,98.182,0.010917
94.580,98.395,0.011606
94.590,1206.371,0.024202
94.600,406.112,0.033293
94.610,405.066,0.074154
94.620,204.573,0.114753
94.630,294.352,0.110567
94.640,32.229,0.016360
94.650,32.120,0.144655
94.660,1304.585,0.010707
94.670,32.068,0.002437
94.680,552.195,0.075759
94.690,554.910,0.038824
94.700,1635.182,0.014948
94.710,1839.717,0.026171
94.720,1466.114,0.014890
94.730,978.518,0.016853
94.740,658.913,0.021314
94.750,1157.699,0.018086
94.760,333.708,0.288851
94.770,168.382,0.464330
94.780,167.779,0.703301
94.790,167.347,0.798697
94.800,166.545,0.770988
94.810,163.818,0.645372
94.820,162.887,0.507155
94.830,675.286,0.102213
94.840,33.482,0.336364
94.850,33.738,0.553094
94.860,33.680,0.245528
94.870,33.882,0.411257
94.880,33.953,0.103289
94.890,33.171,0.076734
94.900,32.286,0.027453
94.910,1729.911,0.015543
94.920,1228.720,0.009964
94.930,137.994,0.032020
94.940,1002.061,0.057692
94.950,32.960,0.014074
94.960,32.026,0.013385
94.970,59.526,0.014655
94.980,57.639,0.019276
94.990,283.398,0.132290
95.000,32.290,0.035428
95.010,32.893,0.220558
95.020,36.322,0.325357
95.030,292.025,0.265269
95.040,32.440,0.080368
95.050,32.604,0.677670
95.060,32.718,0.119438
95.070,49.107,0.161285
95.080,49.384,0.261106
95.090,284.493,0.587965
95.100,286.422,0.530784
95.110,289.534,0.252586
95.120,147.426,0.278251
95.130,449.327,0.567390
95.140,148.050,0.334431
95.150,49.341,0.508520
95.160,49.566,0.571267
95.170,49.904,0.260700
95.180,77.171,0.108179
95.190,108.970,0.112376
95.200,109.284,0.036548
95.210,59.584,0.094015
95.220,119.423,0.216916
95.230,279.020,0.262381
95.240,294.658,0.550425
95.250,290.480,0.570332
95.260,288.314,0.545584
95.270,289.278,0.605933
95.280,288.592,0.485443
95.290,275.413,0.424953
95.300,272.389,0.412419
95.310,268.234,0.299314
95.320,265.104,0.219919
95.330,97.964,0.093221
95.340,140.495,0.037224
95.350,56.821,0.042154
95.360,288.256,0.075609
95.370,135.524,0.094922
95.380,32.596,0.074220
95.390,32.580,0.099811
95.400,290.797,0.051307
95.410,32.773,0.034841
95.420,32.566,0.041074
95.430,289.428,0.235308
95.440,289.853,0.564143
95.450,291.081,0.400001
95.460,291.534,0.240024
95.470,32.798,0.107571
95.480,290.166,0.366489
95.490,286.464,0.027629
95.500,291.088,0.153254
95.510,148.338,0.417496
95.520,148.701,0.385926
95.530,294.448,0.448550
95.540,292.804,0.680334
95.550,292.669,0.548736
95.560,292.778,0.431097
95.570,294.703,0.498895
95.580,295.997,0.409638
95.590,296.923,0.310850
95.600,326.458,0.230508
95.610,270.336,0.196555
95.620,269.766,0.136510
95.630,32.416,0.037778
95.640,32.807,0.037869
95.650,33.090,0.024142
95.660,33.208,0.094141
95.670,33.314,0.029682
95.680,134.839,0.051374
95.690,33.013,0.136822
95.700,33.144,0.169163
95.710,33.525,0.127988
95.720,33.341,0.403150
95.730,33.285,0.279459
95.740,44.405,0.024152
95.750,32.677,0.026597
95.760,133.949,0.017689
95.770,50.958,0.005759
95.780,35.542,0.042112
95.790,54.529,0.015103
95.800,44.061,0.031509
95.810,131.591,0.011320
95.820,220.937,0.054059
95.830,221.618,0.068595
95.840,33.192,0.013555
95.850,1041.995,0.039604
95.860,587.929,0.107050
95.870,350.282,0.024768
95.880,1778.044,0.029293
95.890,1768.719,0.032734
95.900,32.090,0.010613
95.910,1318.790,0.011202
95.920,33.343,0.020352
95.930,1344.145,0.031221
95.940,1338.429,0.053094
95.950,672.859,0.078058
95.960,537.451,0.072948
95.970,266.057,0.087747
95.980,218.434,0.036960
95.990,1842.611,0.046397
96.000,1850.214,0.028604
96.010,938.790,0.040667
96.020,247.416,0.026205
96.030,649.499,0.069644
96.040,652.927,0.123644
96.050,662.248,0.124239
96.060,1326.996,0.090230
96.070,448.318,0.122116
96.080,446.721,0.253591
96.090,559.126,0.055645
96.100,301.465,0.068480
96.110,323.467,0.264195
96.120,326.248,0.115950
96.130,267.683,0.051272
96.140,255.321,0.019645
96.150,41.391,0.595761
96.160,41.478,0.495273
96.170,40.985,0.016172
96.180,83.937,0.016557
96.190,98.755,0.036991
96.200,84.986,0.032296
96.210,46.390,0.053086
96.220,43.636,0.059490
96.230,40.421,0.051702
96.240,245.184,0.029681
96.250,32.301,0.022647
96.260,32.662,0.013396
96.270,869.972,0.022323
96.280,880.763,0.011828
96.290,49.589,0.121729
96.300,249.659,0.514531
96.310,249.998,0.633282
96.320,250.004,0.675307
96.330,249.908,0.525293
96.340,246.763,0.349070
96.350,300.531,0.110014
96.360,1159.878,0.025970
96.370,1844.503,0.047447
96.380,1391.317,0.029256
96.390,1400.200,0.044291
96.400,1393.663,0.059845
96.410,49.195,0.091474
96.420,49.907,0.152744
96.430,254.862,0.203823
96.440,255.820,0.614774
96.450,254.738,0.313193
96.460,244.033,0.266836
96.470,243.016,0.235898
96.480,33.835,0.404432
96.490,33.724,0.281071
96.500,33.881,0.112119
96.510,137.858,0.039898
96.520,33.350,0.022660
96.530,32.140,0.032763
96.540,255.664,0.116461
96.550,285.997,0.208899
96.560,277.208,0.254276
96.570,254.934,0.468518
96.580,270.846,0.066824
96.590,32.350,0.089194
96.600,287.386,0.082555
96.610,48.412,0.049163
96.620,56.399,0.049443
96.630,56.096,0.010559
96.640,1222.969,0.007119
96.650,1239.990,0.007908
96.660,32.161,0.020333
96.670,49.511,0.036815
96.680,32.216,0.026220
96.690,32.247,0.016468
96.700,32.908,0.009381
96.710,1223.643,0.012425
96.720,32.053,0.031421
96.730,32.080,0.023713
96.740,32.187,0.029193
96.750,48.721,0.043675
96.760,48.747,0.074141
96.770,149.238,0.014099
96.780,151.660,0.061134
96.790,75.759,0.093613
96.800,37.261,0.175981
96.810,149.960,0.255675
96.820,149.260,0.410990
96.830,591.786,0.120969
96.840,32.585,0.018146
96.850,32.410,0.033608
96.860,32.527,0.031903
96.870,49.517,0.024725
96.880,54.158,0.007330
96.890,1329.494,0.106117
96.900,1321.956,0.035737
96.910,1318.951,0.025522
96.920,1317.697,0.010514
96.930,32.056,0.036811
96.940,31.986,0.049283
96.950,444.837,0.066417
96.960,445.445,0.072231
96.970,796.103,0.013043
96.980,32.432,0.029830
96.990,32.577,0.007301
97.000,198.477,0.037283
97.010,400.405,0.126865
97.020,199.570,0.280188
97.030,399.700,0.411117
97.040,197.211,0.694703
97.050,197.456,0.656295
97.060,198.377,0.607030
97.070,201.148,0.446166
97.080,217.592,0.153877
97.090,262.354,0.112920
97.100,33.354,0.345967
97.110,32.442,0.106203
97.120,32.214,0.013689
97.130,1876.145,0.014879
97.140,33.157,0.046123
97.150,32.694,0.026434
97.160,1965.031,0.024361
97.170,1024.297,0.059277
97.180,1023.108,0.035740
97.190,1234.374,0.017277
97.200,225.123,0.056719
97.210,35.576,0.075984
97.220,35.540,0.261922
97.230,34.494,0.073113
97.240,40.432,0.046135
97.250,40.441,0.034558
97.260,32.085,0.027956
97.270,1002.903,0.058140
97.280,1172.445,0.017330
97.290,659.690,0.068173
97.300,1194.405,0.127376
97.310,597.093,0.051204
97.320,1198.200,0.242561
97.330,595.032,0.322188
97.340,1189.918,0.104302
97.350,1188.711,0.037704
97.360,1187.423,0.018334
97.370,1212.713,0.022651
97.380,1226.954,0.005794
97.390,32.910,0.009637
97.400,49.838,0.039915
97.410,49.337,0.120908
97.420,49.826,0.045674
97.430,52.133,0.025585
97.440,47.272,0.008515
97.450,47.387,0.031220
97.460,37.228,0.040815
97.470,48.615,0.158303
97.480,48.475,0.125628
97.490,47.521,0.027659
97.500,1010.639,0.052423
97.510,1005.608,0.169430
97.520,1000.547,0.204140
97.530,38.628,0.339224
97.540,38.696,0.138608
97.550,37.038,0.035674
97.560,592.091,0.090175
97.570,584.536,0.276654
97.580,590.622,0.080734
97.590,33.316,0.064649
97.600,32.360,0.147688
97.610,32.229,0.064474
97.620,32.425,0.013075
97.630,33.648,0.016718
97.640,44.838,0.004519
97.650,32.352,0.011604
97.660,1222.351,0.014115
97.670,32.152,0.022708
97.680,49.050,0.011935
97.690,48.853,0.018273
97.700,54.737,0.007233
97.710,592.463,0.005702
97.720,32.191,0.009615
97.730,32.162,0.019779
97.740,409.452,0.016786
97.750,32.148,0.032389
97.760,33.388,0.025114
97.770,33.057,0.091250
97.780,32.920,0.074089
97.790,32.726,0.033813
97.800,402.010,0.110687
97.810,399.588,0.095382
97.820,399.737,0.104154
97.830,65.587,0.025404
97.840,32.879,0.026266
97.850,32.995,0.012932
97.860,1788.783,0.012432
97.870,1859.207,0.022348
97.880,56.500,0.023432
97.890,1864.274,0.033943
97.900,165.555,0.162512
97.910,165.725,0.048880
97.920,165.182,0.049922
97.930,197.455,0.084344
97.940,32.334,0.251213
97.950,32.621,0.380238
97.960,32.894,0.152993
97.970,33.788,0.019733
97.980,33.192,0.035498
97.990,32.675,0.088324
98.000,293.258,0.209466
98.010,293.713,0.343307
98.020,296.432,0.420459
98.030,49.716,0.438834
98.040,49.462,0.693500
98.050,298.454,0.578733
98.060,298.586,0.351814
98.070,290.947,0.112152
98.080,359.309,0.024493
98.090,32.946,0.011089
98.100,47.399,0.079539
98.110,47.234,0.059366
98.120,1218.414,0.005410
98.130,1219.109,0.006805
98.140,1195.107,0.011118
98.150,1001.419,0.015142
98.160,1974.466,0.012778
98.170,1972.877,0.005220
98.180,203.262,0.011956
98.190,1005.187,0.025350
98.200,404.925,0.023106
98.210,1007.197,0.054046
98.220,657.630,0.065753
98.230,632.583,0.048771
98.240,630.883,0.072318
98.250,195.810,0.028316
98.260,595.187,0.124257
98.270,990.146,0.028108
98.280,400.034,0.098688
98.290,399.224,0.083285
98.300,49.564,0.031619
98.310,403.372,0.085753
98.320,400.050,0.041416
98.330,32.718,0.053272
98.340,881.728,0.017765
98.350,36.414,0.014442
98.360,1775.724,0.030505
98.370,1776.932,0.031517
98.380,1772.923,0.024337
98.390,216.698,0.018548
98.400,597.850,0.066823
98.410,1194.804,0.034404
98.420,1014.743,0.027437
98.430,532.314,0.157181
98.440,546.160,0.265939
98.450,195.776,0.103932
98.460,33.597,0.103619
98.470,39.418,0.071418
98.480,198.055,0.075542
98.490,199.058,0.097699
98.500,203.078,0.294272
98.510,203.742,0.234526
98.520,203.089,0.180184
98.530,593.618,0.063499
98.540,199.585,0.400481
98.550,195.966,0.313050
98.560,185.277,0.058279
98.570,134.692,0.121886
98.580,135.287,0.085355
98.590,32.923,0.078777
98.600,33.093,0.115599
98.610,32.597,0.021181
98.620,38.612,0.023355
98.630,38.241,0.011087
98.640,883.382,0.006285
98.650,39.915,0.009845
98.660,32.181,0.014043
98.670,57.138,0.004849
98.680,56.768,0.013722
98.690,542.595,0.175126
98.700,157.281,0.165345
98.710,164.317,0.227079
98.720,166.386,0.477227
98.730,168.466,0.283730
98.740,171.361,0.187034
98.750,171.816,0.262067
98.760,86.429,0.196580
98.770,82.138,0.099340
98.780,99.243,0.099925
98.790,32.306,0.040031
98.800,202.906,0.018174
98.810,33.741,0.019144
98.820,34.037,0.092113
98.830,32.639,0.010229
98.840,1966.643,0.002097
98.850,1941.045,0.010205
98.860,1928.910,0.023992
98.870,1234.885,0.015488
98.880,1189.762,0.029500
98.890,1209.511,0.025387
98.900,1200.362,0.036707
98.910,1193.035,0.056895
98.920,279.366,0.169525
98.930,292.095,0.506212
98.940,291.517,0.556601
98.950,290.813,0.631446
98.960,291.440,0.626241
98.970,291.249,0.582167
98.980,283.179,0.429195
98.990,137.697,0.263206
99.000,106.430,0.124146
99.010,32.754,0.015692
99.020,33.157,0.596617
99.030,32.890,0.190266
99.040,204.765,0.036176
99.050,661.205,0.042144
99.060,124.035,0.044163
99.070,39.660,0.106068
99.080,39.253,0.020627
99.090,849.534,0.013245
99.100,1208.538,0.009209
99.110,1199.920,0.029815
99.120,1977.165,0.028575
99.130,1977.585,0.026269
99.140,1243.867,0.015519
99.150,1235.970,0.011225
99.160,218.491,0.136402
99.170,288.491,0.356368
99.180,291.391,0.418659
99.190,32.792,0.217413
99.200,32.744,0.251337
99.210,292.392,0.275257
99.220,290.322,0.382967
99.230,291.345,0.054619
99.240,48.447,0.174749
99.250,296.956,0.158392
99.260,316.250,0.318515
99.270,491.578,0.079082
99.280,286.487,0.465780
99.290,284.577,0.125742
99.300,285.222,0.461907
99.310,32.208,0.110016
99.320,32.575,0.115824
99.330,32.903,0.197168
99.340,33.083,0.046404
99.350,297.431,0.093704
99.360,293.215,0.219195
99.370,292.217,0.523306
99.380,292.426,0.555610
99.390,292.692,0.214369
99.400,291.124,0.178695
99.410,286.751,0.238551
99.420,283.633,0.297875
99.430,285.824,0.353582
99.440,292.837,0.430148
99.450,295.045,0.748696
99.460,295.095,0.686479
99.470,293.550,0.735653
99.480,291.725,0.692147
99.490,291.128,0.442457
99.500,292.628,0.419293
99.510,294.934,0.455454
99.520,297.584,0.273478
99.530,289.711,0.319085
99.540,579.943,0.172626
99.550,242.779,0.048011
99.560,32.247,0.046675
99.570,32.671,0.054335
99.580,1213.901,0.012487
99.590,1222.374,0.006595
99.600,1405.667,0.011845
99.610,43.161,0.147462
99.620,33.718,0.034829
99.630,169.812,0.030678
99.640,1861.748,0.016573
99.650,1961.620,0.008953
99.660,882.584,0.014238
99.670,32.799,0.035458
99.680,32.603,0.127740
99.690,230.099,0.261873
99.700,32.916,0.043434
99.710,33.034,0.031379
99.720,1069.569,0.018265
99.730,530.893,0.021150
99.740,528.969,0.213294
99.750,532.385,0.293127
99.760,535.833,0.151270
99.770,1074.591,0.013025
99.780,1072.958,0.018993
99.790,1084.751,0.055657
99.800,32.507,0.029863
99.810,1847.781,0.013344
99.820,1319.521,0.017115
99.830,1326.554,0.012048
99.840,1328.337,0.003893
99.850,48.559,0.008819
99.860,47.035,0.029896
99.870,1603.161,0.024575
99.880,1326.997,0.032967
99.890,1320.759,0.044102
99.900,1316.999,0.025756
99.910,394.020,0.134194
99.920,394.095,0.107599
99.930,327.793,0.067236
99.940,345.806,0.090358
99.950,328.007,0.125641
99.960,650.165,0.079314
99.970,590.813,0.067710
99.980,591.362,0.101537
99.990,595.863,0.041461
100.000,1056.236,0.071669
100.010,1060.239,0.053442
100.020,349.570,0.057417
100.030,581.750,0.374591
100.040,579.617,0.174303
100.050,284.866,0.089196
100.060,35.228,0.085456
100.070,34.074,0.045405
100.080,33.718,0.050718
100.090,1237.797,0.009350
100.100,1283.357,0.008452
100.110,1726.101,0.048175
100.120,256.093,0.225532
100.130,256.817,0.476430
100.140,256.358,0.728329
100.150,254.606,0.541417
100.160,251.506,0.219972
100.170,256.137,0.025885
100.180,32.595,0.037058
100.190,32.539,0.026894
100.200,1272.771,0.024520
100.210,250.414,0.100293
100.220,250.892,0.301102
100.230,250.188,0.185992
100.240,247.398,0.234076
100.250,244.483,0.123553
100.260,246.439,0.042693
100.270,247.461,0.060880
100.280,241.352,0.065917
100.290,236.905,0.085476
100.300,32.849,0.217798
100.310,33.207,0.085896
100.320,33.600,0.074982
100.330,78.859,0.068667
100.340,80.544,0.033669
100.350,152.373,0.022305
100.360,35.966,0.205474
100.370,1044.644,0.059098
100.380,36.085,0.078921
100.390,35.239,0.181575
100.400,236.956,0.281288
100.410,233.848,0.241474
100.420,32.532,0.119848
100.430,32.341,0.011491
100.440,44.691,0.011147
100.450,32.649,0.019587
100.460,128.606,0.073828
100.470,49.538,0.278658
100.480,49.452,0.493069
100.490,49.692,0.038850
100.500,130.788,0.115714
100.510,130.688,0.215379
100.520,129.326,0.051495
100.530,270.770,0.026830
100.540,32.313,0.031384
100.550,32.494,0.161852
100.560,32.796,0.032279
100.570,33.261,0.010360
100.580,33.176,0.035087
100.590,32.773,0.024032
100.600,32.286,0.005358
100.610,32.286,0.011317
100.620,32.996,0.113928
100.630,33.078,0.170946
100.640,33.614,0.023417
100.650,33.946,0.042004
100.660,35.051,0.093522
100.670,35.454,0.004605
100.680,1194.020,0.003033
100.690,1188.749,0.010978
100.700,84.675,0.014711
100.710,32.552,0.020334
100.720,32.653,0.096105
100.730,255.983,0.056775
100.740,991.238,0.046305
100.750,244.140,0.171549
100.760,1003.162,0.170591
100.770,221.045,0.121599
100.780,397.565,0.065688
100.790,1822.674,0.027754
100.800,1843.526,0.006405
100.810,35.265,0.006839
100.820,1325.159,0.014091
100.830,1326.268,0.009477
100.840,1324.348,0.008344
100.850,130.651,0.019056
100.860,32.293,0.038890
100.870,32.693,0.023799
100.880,33.300,0.141630
100.890,451.772,0.059669
100.900,32.141,0.015261
100.910,32.229,0.007505
100.920,32.185,0.084993
100.930,32.119,0.078013
100.940,32.206,0.018637
100.950,36.643,0.022265
100.960,402.533,0.121721
100.970,399.836,0.201150
100.980,399.697,0.195686
100.990,199.561,0.246677
101.000,399.822,0.312301
101.010,399.622,0.423963
101.020,396.999,0.221894
101.030,253.245,0.054509
101.040,32.700,0.040280
101.050,48.596,0.030907
101.060,33.767,0.049887
101.070,34.613,0.135246
101.080,34.906,0.062641
101.090,32.264,0.005154
101.100,32.601,0.004050
101.110,49.102,0.027437
101.120,48.602,0.017726
101.130,50.312,0.138202
101.140,33.360,0.136604
101.150,33.890,0.200137
101.160,34.038,0.183948
101.170,54.663,0.005984
101.180,54.321,0.012455
101.190,1002.043,0.026836
101.200,203.592,0.052395
101.210,32.170,0.012790
101.220,657.032,0.028953
101.230,1169.272,0.030170
101.240,1180.420,0.111116
101.250,1192.616,0.049188
101.260,1189.706,0.023105
101.270,1192.031,0.025000
101.280,33.121,0.008574
101.290,32.559,0.015894
101.300,32.470,0.009128
101.310,32.354,0.009374
101.320,48.802,0.020229
101.330,49.168,0.127454
101.340,51.547,0.027615
101.350,54.543,0.045782
101.360,54.768,0.021644
101.370,54.503,0.042923
101.380,32.338,0.034001
101.390,32.028,0.061605
101.400,44.657,0.111256
101.410,809.865,0.026129
101.420,812.337,0.026188
101.430,1206.247,0.046360
101.440,1005.905,0.032068
101.450,795.439,0.055663
101.460,33.147,0.346225
101.470,403.399,0.106078
101.480,39.192,0.048813
101.490,39.020,0.241242
101.500,588.173,0.269387
101.510,357.450,0.072090
101.520,343.929,0.032529
101.530,32.483,0.040043
101.540,50.697,0.040766
101.550,48.450,0.029167
101.560,32.250,0.011624
101.570,32.280,0.010872
101.580,1973.397,0.013888
101.590,1970.541,0.015717
101.600,1970.688,0.024465
101.610,983.166,0.035915
101.620,876.935,0.034184
101.630,32.551,0.097209
101.640,32.606,0.143013
101.650,32.886,0.034632
101.660,32.755,0.033110
101.670,32.295,0.045939
101.680,32.146,0.010965
101.690,401.575,0.197398
101.700,399.114,0.171427
101.710,132.706,0.181985
101.720,404.722,0.040044
101.730,32.103,0.005701
101.740,32.157,0.018302
101.750,393.763,0.060726
101.760,132.029,0.092169
101.770,130.295,0.096131
101.780,32.226,0.055486
101.790,32.204,0.036070
101.800,1791.757,0.010350
101.810,1852.669,0.005667
101.820,1859.280,0.022257
101.830,169.422,0.045454
101.840,168.875,0.281194
101.850,84.761,0.113508
101.860,83.731,0.028274
101.870,1020.775,0.037476
101.880,196.623,0.030008
101.890,32.262,0.008826
101.900,145.233,0.019542
101.910,33.573,0.072038
101.920,34.196,0.170055
101.930,34.625,0.369702
101.940,32.510,0.046916
101.950,49.117,0.061707
101.960,49.066,0.145576
101.970,49.615,0.368676
101.980,49.856,0.466289
101.990,49.473,0.731610
102.000,293.526,0.121311
102.010,32.680,0.096055
102.020,32.564,0.020482
102.030,32.291,0.005701
102.040,32.325,0.004417
102.050,32.795,0.006896
102.060,33.815,0.005031
102.070,134.975,0.014419
102.080,32.370,0.020251
102.090,1963.629,0.003625
102.100,1214.877,0.009865
102.110,49.847,0.026497
102.120,201.179,0.412646
102.130,201.844,0.659527
102.140,200.988,0.488736
102.150,594.856,0.325316
102.160,597.050,0.426000
102.170,597.195,0.620554
102.180,597.652,0.609407
102.190,599.356,0.569573
102.200,597.569,0.085527
102.210,121.464,0.172055
102.220,1007.043,0.006801
102.230,636.858,0.065912
102.240,634.090,0.095861
102.250,597.400,0.078416
102.260,398.523,0.093905
102.270,410.221,0.029769
102.280,33.556,0.009407
102.290,34.539,0.017621
102.300,1180.572,0.038461
102.310,1188.320,0.075715
102.320,37.590,0.250351
102.330,36.576,0.585694
102.340,36.621,0.686658
102.350,36.495,0.562404
102.360,37.685,0.059802
102.370,36.672,0.074896
102.380,36.805,0.234539
102.390,36.542,0.231845
102.400,36.819,0.019123
102.410,397.187,0.060094
102.420,396.782,0.028370
102.430,397.185,0.040015
102.440,399.801,0.098773
102.450,80.687,0.023976
102.460,35.000,0.013959
102.470,134.729,0.007184
102.480,134.631,0.013306
102.490,151.751,0.051272
102.500,32.081,0.056200
102.510,32.367,0.066565
102.520,32.627,0.045324
102.530,32.396,0.006620
102.540,1005.239,0.008195
102.550,1974.294,0.026794
102.560,1974.470,0.029863
102.570,1116.716,0.018696
102.580,33.478,0.021501
102.590,33.171,0.212320
102.600,32.531,0.086364
102.610,32.189,0.004957
102.620,403.378,0.007706
102.630,577.293,0.316317
102.640,152.784,0.310538
102.650,154.640,0.143143
102.660,32.564,0.069880
102.670,153.660,0.013378
102.680,160.264,0.115356
102.690,163.173,0.249409
102.700,165.938,0.736121
102.710,164.490,0.804168
102.720,163.268,0.756798
102.730,163.272,0.624881
102.740,163.604,0.393606
102.750,1680.767,0.022440
102.760,1688.150,0.016383
102.770,1162.967,0.009705
102.780,1176.519,0.017890
102.790,1859.954,0.025416
102.800,1889.844,0.025184
102.810,161.918,0.033576
102.820,1181.190,0.040929
102.830,871.775,0.042871
102.840,114.780,0.177481
102.850,174.304,0.083123
102.860,287.426,0.289234
102.870,291.092,0.330816
102.880,33.044,0.215316
102.890,33.209,0.471196
102.900,286.490,0.172112
102.910,282.899,0.253943
102.920,664.883,0.074958
102.930,55.124,0.037648
102.940,288.026,0.323049
102.950,287.145,0.160385
102.960,223.138,0.218987
102.970,887.222,0.007204
102.980,224.304,0.053362
102.990,233.485,0.086471
103.000,32.236,0.056068
103.010,35.596,0.020621
103.020,35.254,0.129819
103.030,37.851,0.004244
103.040,39.989,0.001433
103.050,996.892,0.003806
103.060,32.895,0.011509
103.070,1084.696,0.002976
103.080,1227.990,0.005701
103.090,1311.475,0.009174
103.100,131.245,0.113546
103.110,291.637,0.451953
103.120,290.607,0.153165
103.130,32.996,0.173191
103.140,52.143,0.221215
103.150,54.666,0.203331
103.160,325.278,0.161442
103.170,539.915,0.096672
103.180,56.915,0.238891
103.190,288.922,0.157875
103.200,290.554,0.204058
103.210,287.893,0.402207
103.220,285.930,0.443089
103.230,291.284,0.347288
103.240,296.497,0.164550
103.250,332.402,0.038198
103.260,291.264,0.016493
103.270,32.557,0.030708
103.280,32.577,0.048394
103.290,32.636,0.210555
103.300,293.252,0.597151
103.310,292.318,0.422912
103.320,292.292,0.519899
103.330,290.989,0.561133
103.340,291.407,0.609141
103.350,288.946,0.485965
103.360,290.084,0.233383
103.370,32.500,0.106818
103.380,884.616,0.131538
103.390,888.341,0.165873
103.400,1775.592,0.084149
103.410,295.926,0.148371
103.420,294.396,0.100270
103.430,147.536,0.085563
103.440,149.260,0.350726
103.450,151.046,0.315549
103.460,448.778,0.247135
103.470,581.015,0.237255
103.480,580.757,0.106493
103.490,32.502,0.028994
103.500,33.188,0.067094
103.510,35.570,0.043347
103.520,38.027,0.015030
103.530,1972.008,0.016511
103.540,1976.645,0.054208
103.550,1981.070,0.063019
103.560,32.935,0.073392
103.570,32.784,0.116004
103.580,1327.226,0.018829
103.590,76.473,0.012308
103.600,1808.659,0.014457
103.610,1236.918,0.009302
103.620,32.309,0.007681
103.630,33.555,0.011951
103.640,1315.283,0.007816
103.650,1226.749,0.003159
103.660,882.229,0.007181
103.670,1046.724,0.008943
103.680,883.799,0.017115
103.690,891.072,0.054778
103.700,446.985,0.039659
103.710,44.098,0.018201
103.720,535.419,0.242327
103.730,135.348,0.062243
103.740,49.162,0.016892
103.750,32.411,0.036085
103.760,43.806,0.015991
103.770,43.729,0.017562
103.780,1174.065,0.004722
103.790,1333.191,0.008182
103.800,1325.715,0.039645
103.810,1050.463,0.011020
103.820,533.534,0.039974
103.830,132.155,0.063383
103.840,538.823,0.071146
103.850,595.012,0.087802
103.860,455.503,0.019168
103.870,1806.932,0.021890
103.880,930.464,0.014104
103.890,981.341,0.010941
103.900,664.105,0.038722
103.910,529.522,0.094323
103.920,535.815,0.081263
103.930,449.237,0.120782
103.940,451.119,0.226335
103.950,453.589,0.199987
103.960,455.637,0.158048
103.970,455.061,0.189026
103.980,231.302,0.097817
103.990,33.433,0.219174
104.000,34.000,0.041870
104.010,32.150,0.024798
104.020,32.083,0.012262
104.030,32.416,0.004627
104.040,1970.349,0.001779
104.050,135.054,0.002243
104.060,1966.640,0.011869
104.070,32.958,0.014059
104.080,32.245,0.003726
104.090,49.145,0.009149
104.100,49.494,0.014244
104.110,247.962,0.027485
104.120,32.099,0.067640
104.130,32.284,0.045970
104.140,252.431,0.130774
104.150,252.020,0.363946
104.160,249.885,0.508219
104.170,250.391,0.470542
104.180,248.777,0.676496
104.190,250.091,0.498536
104.200,254.853,0.105990
104.210,254.227,0.257324
104.220,1182.617,0.143884
104.230,591.060,0.060432
104.240,589.930,0.032514
104.250,1021.921,0.034966
104.260,1768.982,0.025566
104.270,1766.157,0.026594
104.280,1765.499,0.051434
104.290,1014.684,0.024981
104.300,32.223,0.022885
104.310,253.529,0.036534
104.320,32.244,0.034588
104.330,244.584,0.123599
104.340,234.643,0.115873
104.350,32.668,0.133168
104.360,32.949,0.013970
104.370,49.571,0.026468
104.380,176.777,0.028812
104.390,1824.370,0.007773
104.400,32.445,0.012068
104.410,178.598,0.008918
104.420,178.467,0.091080
104.430,995.675,0.016731
104.440,32.111,0.002274
104.450,1166.935,0.009245
104.460,265.489,0.070404
104.470,269.332,0.039086
104.480,32.242,0.046744
104.490,32.259,0.054346
104.500,32.282,0.014227
104.510,1306.660,0.004794
104.520,1407.080,0.007322
104.530,945.884,0.006129
104.540,1171.995,0.009569
104.550,34.338,0.020868
104.560,54.786,0.017879
104.570,300.116,0.022723
104.580,1779.473,0.041438
104.590,33.494,0.052845
104.600,887.417,0.036584
104.610,1793.531,0.018551
104.620,34.468,0.101073
104.630,34.131,0.058236
104.640,32.918,0.067714
104.650,1163.843,0.064968
104.660,32.785,0.065239
104.670,32.521,0.038553
104.680,32.605,0.269484
104.690,1784.173,0.085103
104.700,224.327,0.202493
104.710,1178.601,0.032535
104.720,32.538,0.088254
104.730,32.299,0.005942
104.740,32.149,0.000900
104.750,49.651,0.001410
104.760,1845.507,0.006527
104.770,152.872,0.042052
104.780,35.357,0.073376
104.790,35.483,0.215232
104.800,529.860,0.223011
104.810,527.069,0.417408
104.820,529.299,0.126675
104.830,39.205,0.074273
104.840,32.570,0.039661
104.850,32.497,0.041225
104.860,405.734,0.015011
104.870,403.012,0.059005
104.880,401.325,0.222076
104.890,401.157,0.239624
104.900,200.699,0.301465
104.910,200.988,0.557743
104.920,200.727,0.672342
104.930,201.158,0.363343
104.940,201.220,0.146442
104.950,396.583,0.249633
104.960,392.653,0.059164
104.970,32.884,0.020131
104.980,32.545,0.036651
104.990,45.273,0.297179
105.000,45.346,0.228599
105.010,44.551,0.115575
105.020,43.185,0.055598
105.030,43.705,0.082096
105.040,969.916,0.013614
105.050,54.541,0.117461
105.060,54.389,0.010814
105.070,973.860,0.029164
105.080,32.362,0.030162
105.090,34.224,0.133031
105.100,33.996,0.131003
105.110,34.740,0.002002
105.120,1171.387,0.001356
105.130,1182.485,0.012462
105.140,40.684,0.063946
105.150,32.367,0.093894
105.160,32.613,0.047096
105.170,32.526,0.033822
105.180,223.425,0.013144
105.190,1203.522,0.025444
105.200,400.838,0.075972
105.210,32.242,0.018421
105.220,1732.554,0.028587
105.230,32.418,0.046790
105.240,47.876,0.083913
105.250,49.107,0.060874
105.260,32.572,0.040853
105.270,32.581,0.046544
105.280,1196.760,0.011645
105.290,1885.345,0.008525
105.300,49.413,0.021987
105.310,145.157,0.031416
105.320,48.460,0.171908
105.330,47.831,0.054998
105.340,47.322,0.086034
105.350,47.389,0.029386
105.360,32.781,0.303704
105.370,33.012,0.445789
105.380,32.971,0.075235
105.390,592.388,0.028256
105.400,803.169,0.188310
105.410,803.880,0.446538
105.420,38.429,0.215132
105.430,801.257,0.071065
105.440,264.580,0.171020
105.450,264.398,0.183565
105.460,334.940,0.094720
105.470,49.155,0.098761
105.480,49.244,0.336415
105.490,49.269,0.233529
105.500,33.843,0.010683
105.510,1221.494,0.004996
105.520,32.388,0.014278
105.530,32.388,0.014505
105.540,32.568,0.081109
105.550,32.408,0.047574
105.560,32.257,0.022211
105.570,33.768,0.054222
105.580,33.021,0.093580
105.590,32.705,0.058354
105.600,143.244,0.018480
105.610,202.054,0.014554
105.620,202.053,0.043817
105.630,99.933,0.360630
105.640,199.166,0.241822
105.650,199.921,0.176222
105.660,135.653,0.058837
105.670,135.038,0.027592
105.680,133.647,0.035966
105.690,440.493,0.104676
105.700,32.587,0.075725
105.710,32.787,0.475881
105.720,42.794,0.031067
105.730,43.655,0.018484
105.740,1969.354,0.003444
105.750,32.978,0.005090
105.760,333.737,0.038139
105.770,167.937,0.203633
105.780,334.024,0.069091
105.790,331.138,0.076293
105.800,32.351,0.022678
105.810,32.197,0.014630
105.820,32.234,0.008535
105.830,32.268,0.030441
105.840,32.795,0.032712
105.850,32.134,0.191783
105.860,32.171,0.418321
105.870,32.518,0.250572
105.880,47.082,0.028630
105.890,1220.638,0.051207
105.900,50.246,0.099921
105.910,147.587,0.275230
105.920,146.824,0.305776
105.930,49.340,0.026485
105.940,147.629,0.081879
105.950,582.881,0.091390
105.960,32.314,0.087196
105.970,32.298,0.018713
105.980,32.348,0.017088
105.990,992.087,0.005501
106.000,995.546,0.014653
106.010,1967.546,0.013064
106.020,1228.986,0.012106
106.030,1203.290,0.013163
106.040,50.165,0.015918
106.050,49.743,0.074463
106.060,1212.469,0.028479
106.070,403.427,0.050572
106.080,404.090,0.086114
106.090,403.576,0.181480
106.100,50.187,0.340274
106.110,49.544,0.476072
106.120,49.279,0.074002
106.130,1190.583,0.020992
106.140,54.615,0.129412
106.150,597.734,0.151119
106.160,603.935,0.048375
106.170,600.556,0.026422
106.180,1191.695,0.025781
106.190,993.960,0.031456
106.200,995.981,0.021776
106.210,1966.785,0.024284
106.220,1323.613,0.017823
106.230,1850.515,0.021583
106.240,1028.109,0.037355
106.250,630.800,0.061720
106.260,322.293,0.060923
106.270,399.773,0.081482
106.280,398.369,0.106419
106.290,32.856,0.094635
106.300,132.873,0.031204
106.310,32.194,0.073897
106.320,32.295,0.048692
106.330,33.180,0.024347
106.340,39.688,0.032631
106.350,33.453,0.076674
106.360,35.269,0.265043
106.370,35.400,0.158762
106.380,400.768,0.204890
106.390,201.617,0.434739
106.400,199.768,0.718870
106.410,198.349,0.668038
106.420,197.876,0.299710
106.430,199.718,0.235890
106.440,301.495,0.056931
106.450,303.698,0.054491
106.460,32.290,0.027271
106.470,32.766,0.027847
106.480,33.077,0.093586
106.490,32.690,0.016245
106.500,32.209,0.004348
106.510,32.361,0.037042
106.520,32.406,0.050845
106.530,32.511,0.030320
106.540,32.859,0.006796
106.550,204.965,0.006904
106.560,32.221,0.008442
106.570,32.046,0.019635
106.580,210.681,0.081315
106.590,36.072,0.066414
106.600,33.266,0.091196
106.610,40.248,0.146700
106.620,33.206,0.128249
106.630,32.492,0.058852
106.640,54.719,0.164265
106.650,162.894,0.173441
106.660,593.162,0.027499
106.670,326.237,0.313744
106.680,32.641,0.058878
106.690,32.436,0.233940
106.700,46.384,0.074838
106.710,48.125,0.044973
106.720,49.662,0.014645
106.730,54.771,0.017486
106.740,54.463,0.018549
106.750,32.185,0.049766
106.760,32.455,0.100259
106.770,32.781,0.031618
106.780,1792.540,0.028641
106.790,321.294,0.204646
106.800,287.398,0.388193
106.810,287.974,0.449809
106.820,288.051,0.290643
106.830,297.269,0.167447
106.840,291.217,0.289163
106.850,276.199,0.162615
106.860,134.150,0.083081
106.870,100.021,0.113843
106.880,684.449,0.063330
106.890,32.838,0.032628
106.900,133.313,0.042215
106.910,144.926,0.105194
106.920,241.875,0.074502
106.930,269.358,0.036400
106.940,240.619,0.039983
106.950,659.584,0.036290
106.960,660.162,0.054729
106.970,1316.000,0.018577
106.980,1977.936,0.006396
106.990,33.029,0.011673
107.000,32.492,0.027134
107.010,32.242,0.025402
107.020,132.106,0.019697
107.030,134.400,0.014905
107.040,290.142,0.324366
107.050,272.312,0.232437
107.060,32.941,0.207274
107.070,33.839,0.198292
107.080,45.852,0.073038
107.090,48.914,0.117726
107.100,54.573,0.069507
107.110,49.264,0.056464
107.120,55.289,0.087807
107.130,291.574,0.389713
107.140,291.322,0.335447
107.150,287.380,0.602635
107.160,283.045,0.232993
107.170,138.959,0.032873
107.180,32.521,0.014020
107.190,37.527,0.062806
107.200,32.228,0.032979
107.210,32.263,0.021901
107.220,1195.829,0.004384
107.230,1195.763,0.005111
107.240,293.925,0.009272
107.250,291.277,0.612186
107.260,292.767,0.370505
107.270,291.094,0.094078
107.280,289.358,0.152815
107.290,288.991,0.271212
107.300,286.455,0.286952
107.310,294.656,0.152153
107.320,297.955,0.142156
107.330,296.470,0.260250
107.340,294.092,0.463476
107.350,292.870,0.633267
107.360,291.856,0.302189
107.370,290.964,0.251038
107.380,291.599,0.151762
107.390,529.210,0.089857
107.400,292.458,0.217484
107.410,286.425,0.071099
107.420,268.239,0.077451
107.430,266.618,0.042043
107.440,33.569,0.034329
107.450,33.626,0.005691
107.460,1222.500,0.003841
107.470,32.212,0.014617
107.480,45.063,0.016725
107.490,1967.733,0.012628
107.500,1968.070,0.016725
107.510,665.073,0.029189
107.520,1976.419,0.037367
107.530,34.250,0.037641
107.540,888.003,0.026075
107.550,38.910,0.124688
107.560,77.738,0.055537
107.570,39.312,0.039443
107.580,38.371,0.166801
107.590,32.440,0.057050
107.600,1767.995,0.020358
107.610,657.764,0.032289
107.620,664.510,0.047970
107.630,224.119,0.054538
107.640,453.555,0.063519
107.650,454.819,0.113067
107.660,133.042,0.029765
107.670,134.258,0.007940
107.680,1827.762,0.022307
107.690,1844.208,0.020725
107.700,33.971,0.046266
107.710,33.533,0.033508
107.720,32.983,0.031274
107.730,1330.594,0.027850
107.740,1324.300,0.025212
107.750,1321.439,0.030082
107.760,1323.194,0.008957
107.770,1087.840,0.024027
107.780,544.089,0.118544
107.790,399.119,0.074907
107.800,32.360,0.050956
107.810,1855.183,0.013204
107.820,1859.249,0.005813
107.830,967.578,0.014429
107.840,661.484,0.114637
107.850,662.507,0.040005
107.860,454.826,0.039838
107.870,446.805,0.064421
107.880,1765.239,0.027511
107.890,223.372,0.011501
107.900,586.375,0.250997
107.910,446.437,0.102000
107.920,32.597,0.046889
107.930,36.042,0.276946
107.940,37.652,0.041529
107.950,37.756,0.015948
107.960,39.222,0.005980
107.970,32.317,0.043547
107.980,1963.782,0.008201
107.990,1748.830,0.016608
108.000,32.199,0.014676
108.010,32.353,0.021969
108.020,32.040,0.117943
108.030,32.078,0.072090
108.040,32.163,0.072198
108.050,32.232,0.022192
108.060,1971.014,0.005210
108.070,1967.904,0.008537
108.080,1962.075,0.009839
108.090,254.313,0.022526
108.100,250.487,0.022899
108.110,1970.327,0.007962
108.120,33.089,0.043550
108.130,32.363,0.036098
108.140,242.484,0.094193
108.150,597.404,0.280042
108.160,32.161,0.249225
108.170,32.141,0.554800
108.180,42.940,0.344801
108.190,42.846,0.062993
108.200,147.935,0.026055
108.210,1966.400,0.022994
108.220,50.106,0.026412
108.230,276.082,0.173384
108.240,266.763,0.308220
108.250,268.036,0.626139
108.260,267.625,0.604020
108.270,267.693,0.396539
108.280,264.493,0.326857
108.290,49.891,0.070444
108.300,50.194,0.031172
108.310,32.617,0.011008
108.320,256.056,0.061910
108.330,251.582,0.613330
108.340,125.040,0.412142
108.350,249.091,0.523612
108.360,250.069,0.696135
108.370,250.227,0.747045
108.380,251.980,0.702632
108.390,251.099,0.312789
108.400,250.054,0.308301
108.410,246.435,0.123098
108.420,219.367,0.030405
108.430,32.582,0.017476
108.440,33.107,0.010888
108.450,33.423,0.007750
108.460,150.937,0.062976
108.470,151.076,0.045986
108.480,153.162,0.006261
108.490,1176.466,0.004593
108.500,1180.199,0.032240
108.510,921.603,0.035432
108.520,1831.919,0.030926
108.530,1822.389,0.051123
108.540,1784.289,0.025557
108.550,1771.115,0.052580
108.560,1503.734,0.075083
108.570,1508.184,0.039714
108.580,1799.992,0.128004
108.590,1799.129,0.158126
108.600,44.674,0.185325
108.610,44.243,0.129230
108.620,223.663,0.063060
108.630,891.376,0.092467
108.640,989.423,0.051698
108.650,45.743,0.271189
108.660,44.416,0.150722
108.670,48.460,0.016910
108.680,55.127,0.020573
108.690,119.233,0.016195
108.700,56.129,0.020200
108.710,65.391,0.065439
108.720,65.744,0.447542
108.730,32.900,0.123821
108.740,32.747,0.033465
108.750,33.077,0.058266
108.760,33.259,0.099520
108.770,132.147,0.090131
108.780,109.327,0.087652
108.790,493.009,0.079492
108.800,585.388,0.197899
108.810,443.309,0.149884
108.820,444.676,0.264212
108.830,445.354,0.159883
108.840,251.290,0.204126
108.850,251.181,0.243684
108.860,252.945,0.139776
108.870,449.392,0.197280
108.880,251.359,0.173145
108.890,250.874,0.052076
108.900,32.056,0.017699
108.910,55.030,0.048007
108.920,53.852,0.482647
108.930,52.207,0.198058
108.940,35.511,0.083359
108.950,36.001,0.031312
108.960,395.401,0.186342
108.970,397.668,0.822346
108.980,397.852,0.874402
108.990,398.751,0.872486
109.000,400.181,0.828342
109.010,397.927,0.718968
109.020,396.985,0.539733
109.030,399.561,0.181000
109.040,397.949,0.235244
109.050,396.077,0.619596
109.060,396.044,0.554139
109.070,400.261,0.502823
109.080,398.239,0.265666
109.090,219.070,0.238403
109.100,653.805,0.201655
109.110,618.817,0.134693
109.120,628.045,0.492976
109.130,596.482,0.123209
109.140,266.566,0.228263
109.150,244.799,0.176635
109.160,300.306,0.258321
109.170,329.356,0.250529
109.180,330.953,0.178094
109.190,334.232,0.198062
109.200,338.358,0.182440
109.210,341.468,0.374518
109.220,349.880,0.115963
109.230,392.488,0.152944
109.240,399.024,0.563839
109.250,439.467,0.377989
109.260,438.128,0.586531
109.270,434.903,0.734973
109.280,433.582,0.874880
109.290,433.996,0.893174
109.300,435.473,0.918797
109.310,438.827,0.907109
109.320,442.291,0.943570
109.330,446.649,0.925745
109.340,452.975,0.892457
109.350,460.978,0.887199
109.360,464.658,0.921226
109.370,464.766,0.895822
109.380,461.736,0.873877
109.390,458.129,0.719817
109.400,454.357,0.538130
109.410,441.458,0.358925
109.420,403.114,0.103012
109.430,402.578,0.246207
109.440,1966.641,0.084390
109.450,401.648,0.077056
109.460,399.914,0.298509
109.470,398.828,0.370881
109.480,399.235,0.317287
109.490,398.242,0.420771
109.500,412.054,0.455776
109.510,416.500,0.614091
109.520,418.003,0.787550
109.530,417.848,0.868792
109.540,414.955,0.866276
109.550,412.262,0.907278
109.560,411.128,0.913188
109.570,408.810,0.860712
109.580,406.019,0.892124
109.590,404.148,0.910612
109.600,404.116,0.910492
109.610,405.369,0.909451
109.620,406.840,0.936057
109.630,407.804,0.914287
109.640,408.393,0.849999
109.650,408.047,0.801460
109.660,407.166,0.772378
109.670,407.286,0.763495
109.680,406.146,0.797837
109.690,401.045,0.839978
109.700,397.642,0.909316
109.710,395.403,0.901338
109.720,393.631,0.938601
109.730,390.559,0.911001
109.740,387.229,0.859665
109.750,385.368,0.903047
109.760,385.254,0.912351
109.770,387.565,0.908505
109.780,390.099,0.949625
109.790,392.158,0.921335
109.800,393.769,0.938591
109.810,394.238,0.931006
109.820,394.277,0.928035
109.830,393.744,0.932690
109.840,394.478,0.918935
109.850,393.955,0.926173
109.860,392.027,0.898093
109.870,388.842,0.885941
109.880,387.201,0.831791
109.890,388.516,0.725058
109.900,395.966,0.698147
109.910,398.791,0.838958
109.920,400.071,0.848866
109.930,398.983,0.814890
109.940,398.292,0.859786
109.950,399.026,0.892923
109.960,398.272,0.906335
109.970,397.320,0.903715
109.980,395.189,0.909142
109.990,392.717,0.923391
110.000,391.762,0.899915
110.010,390.387,0.872616
110.020,388.394,0.871443
110.030,385.871,0.838205
110.040,382.685,0.869884
110.050,381.478,0.921151
110.060,384.624,0.911956
110.070,388.794,0.931496
110.080,390.823,0.920961
110.090,391.728,0.907600
110.100,391.884,0.896881
110.110,390.742,0.901363
110.120,388.833,0.899509
110.130,387.676,0.904825
110.140,388.143,0.915092
110.150,390.842,0.857923
110.160,398.731,0.794495
110.170,404.984,0.848846
110.180,408.130,0.856987
110.190,410.587,0.782746
110.200,411.847,0.802283
110.210,411.964,0.720468
110.220,409.840,0.394864
110.230,1576.900,0.379745
110.240,303.208,0.238786
110.250,786.407,0.098950
110.260,1577.894,0.460049
110.270,1583.158,0.433956
110.280,1604.121,0.180870
110.290,1615.048,0.117160
110.300,1619.260,0.039902
110.310,99.016,0.025717
110.320,201.021,0.041666
110.330,1975.708,0.044357
110.340,248.488,0.043620
110.350,1476.001,0.026981
110.360,1663.637,0.067130
110.370,1656.346,0.048866
110.380,337.896,0.134560
110.390,337.863,0.375291
110.400,333.617,0.612979
110.410,330.384,0.706258
110.420,308.007,0.411392
110.430,302.596,0.809140
110.440,300.044,0.906441
110.450,296.894,0.894987
110.460,293.600,0.931994
110.470,292.042,0.898465
110.480,293.012,0.887391
110.490,295.335,0.944999
110.500,297.247,0.900704
110.510,298.765,0.889831
110.520,300.694,0.780430
110.530,301.479,0.560723
110.540,336.337,0.648958
110.550,336.594,0.636238
110.560,293.110,0.501080
110.570,293.734,0.758326
110.580,295.589,0.783175
110.590,298.117,0.719774
110.600,299.649,0.815990
110.610,300.697,0.806825
110.620,300.820,0.807813
110.630,299.502,0.844908
110.640,299.117,0.843254
110.650,300.994,0.760960
110.660,302.605,0.804224
110.670,303.249,0.695458
110.680,306.109,0.622864
110.690,320.096,0.417266
110.700,320.987,0.646604
110.710,324.470,0.787216
110.720,329.480,0.917306
110.730,332.285,0.931919
110.740,333.913,0.941122
110.750,334.378,0.932734
110.760,335.065,0.881673
110.770,335.881,0.829982
110.780,335.852,0.867149
110.790,335.059,0.919351
110.800,334.501,0.941222
110.810,333.456,0.924415
110.820,330.984,0.875856
110.830,325.215,0.597677
110.840,321.017,0.745755
110.850,322.152,0.737962
110.860,323.977,0.700173
110.870,323.289,0.652733
110.880,321.887,0.503908
110.890,322.027,0.364944
110.900,330.565,0.153191
110.910,335.946,0.191683
110.920,335.049,0.265973
110.930,334.717,0.395896
110.940,333.843,0.722526
110.950,332.907,0.748807
110.960,332.374,0.710498
110.970,331.187,0.484558
110.980,322.187,0.475477
110.990,322.597,0.407707
111.000,297.599,0.526708
111.010,297.077,0.605676
111.020,293.887,0.606387
111.030,290.153,0.636300
111.040,290.336,0.573190
111.050,296.246,0.437223
111.060,301.398,0.469664
111.070,328.296,0.505290
111.080,332.729,0.622175
111.090,269.167,0.621112
111.100,266.602,0.700735
111.110,266.073,0.524218
111.120,269.826,0.553103
111.130,274.309,0.453265
111.140,277.226,0.254197
111.150,290.995,0.445205
111.160,293.650,0.518139
111.170,295.561,0.444756
111.180,296.187,0.420682
111.190,285.339,0.351563
111.200,272.000,0.305515
111.210,267.485,0.547394
111.220,267.652,0.364637
111.230,268.478,0.305284
111.240,270.446,0.317225
111.250,267.101,0.319785
111.260,332.269,0.176887
111.270,294.765,0.265857
111.280,295.983,0.327728
111.290,297.373,0.312343
111.300,332.220,0.230182
111.310,272.398,0.279559
111.320,134.073,0.194990
111.330,269.645,0.142758
111.340,135.022,0.101014
111.350,1987.428,0.096769
111.360,682.375,0.079182
111.370,229.567,0.044523
111.380,223.985,0.121122
111.390,443.364,0.478814
111.400,327.152,0.286957
111.410,330.513,0.218316
111.420,327.383,0.273944
111.430,324.150,0.398668
111.440,324.779,0.400718
111.450,331.553,0.141814
111.460,1972.390,0.036724
111.470,1027.787,0.038750
111.480,300.870,0.181673
111.490,302.655,0.352334
111.500,306.913,0.459535
111.510,308.211,0.668294
111.520,308.273,0.901478
111.530,309.038,0.945923
111.540,309.671,0.940283
111.550,308.304,0.950207
111.560,305.995,0.956564
111.570,304.386,0.966088
111.580,304.114,0.967091
111.590,304.316,0.971310
111.600,304.674,0.974259
111.610,304.281,0.964469
111.620,302.786,0.953043
111.630,301.937,0.959135
111.640,301.866,0.949475
111.650,301.981,0.919022
111.660,302.791,0.874997
111.670,304.408,0.813138
111.680,305.797,0.865655
111.690,309.556,0.880469
111.700,313.622,0.596931
111.710,330.662,0.623111
111.720,336.782,0.797278
111.730,338.123,0.901453
111.740,336.445,0.884010
111.750,332.189,0.911349
111.760,326.967,0.865034
111.770,321.086,0.712180
111.780,312.970,0.893106
111.790,308.056,0.928353
111.800,305.629,0.941224
111.810,305.078,0.952513
111.820,306.009,0.958138
111.830,307.264,0.945636
111.840,307.793,0.953092
111.850,308.674,0.938938
111.860,309.878,0.898079
111.870,310.394,0.749350
111.880,308.608,0.499568
111.890,297.739,0.297807
111.900,263.626,0.415346
111.910,250.493,0.695403
111.920,253.254,0.585467
111.930,251.304,0.481977
111.940,294.686,0.586613
111.950,295.683,0.613476
111.960,298.630,0.813734
111.970,302.254,0.891782
111.980,299.352,0.864099
111.990,297.726,0.776916
112.000,291.564,0.788323
112.010,285.771,0.787982
112.020,277.209,0.582862
112.030,268.042,0.580023
112.040,257.967,0.813034
112.050,256.240,0.935644
112.060,256.229,0.939385
112.070,257.851,0.896791
112.080,260.056,0.912561
112.090,261.938,0.933971
112.100,263.491,0.932340
112.110,265.767,0.909102
112.120,269.829,0.753024
112.130,275.222,0.776751
112.140,274.625,0.726498
112.150,272.475,0.769270
112.160,265.360,0.556427
112.170,254.756,0.718287
112.180,250.375,0.836095
112.190,251.487,0.848754
112.200,252.939,0.808603
112.210,254.616,0.710684
112.220,261.012,0.558872
112.230,263.857,0.645234
112.240,262.934,0.470300
112.250,264.916,0.441746
112.260,269.447,0.689628
112.270,269.458,0.656278
112.280,266.078,0.551826
112.290,263.230,0.702782
112.300,263.300,0.738624
112.310,262.436,0.738822
112.320,263.240,0.707248
112.330,265.015,0.795791
112.340,264.762,0.615458
112.350,530.459,0.784942
112.360,530.065,0.737803
112.370,526.904,0.509275
112.380,239.991,0.442955
112.390,239.378,0.845466
112.400,238.611,0.905843
112.410,238.935,0.919823
112.420,240.819,0.905605
112.430,242.997,0.949427
112.440,243.733,0.936214
112.450,244.491,0.931918
112.460,246.646,0.907950
112.470,248.593,0.917855
112.480,249.957,0.930737
112.490,250.825,0.931228
112.500,251.697,0.884047
112.510,251.574,0.777900
112.520,501.781,0.632936
112.530,500.385,0.579215
112.540,499.930,0.753284
112.550,501.725,0.747689
112.560,503.220,0.732408
112.570,252.863,0.802870
112.580,250.082,0.573553
112.590,249.796,0.517567
112.600,247.333,0.201089
112.610,274.609,0.288993
112.620,330.121,0.306894
112.630,333.918,0.434205
112.640,335.515,0.399283
112.650,267.604,0.200085
112.660,265.041,0.468540
112.670,264.740,0.497896
112.680,268.596,0.509690
112.690,264.078,0.369584
112.700,258.178,0.471611
112.710,272.919,0.405840
112.720,301.030,0.224860
112.730,297.769,0.498521
112.740,295.788,0.714478
112.750,293.982,0.816971
112.760,294.314,0.907356
112.770,296.692,0.886587
112.780,300.406,0.932049
112.790,301.840,0.971220
112.800,299.631,0.946898
112.810,295.865,0.944539
112.820,291.554,0.913787
112.830,287.269,0.764893
112.840,282.179,0.628655
112.850,276.337,0.379787
112.860,551.646,0.241157
112.870,1192.726,0.130851
112.880,1184.127,0.220987
112.890,50.058,0.259480
112.900,298.474,0.228398
112.910,297.357,0.448639
112.920,300.350,0.370304
112.930,297.426,0.399439
112.940,300.751,0.254710
112.950,298.807,0.418528
112.960,303.088,0.547183
112.970,302.656,0.773027
112.980,304.199,0.891358
112.990,303.015,0.929914
113.000,301.082,0.923632
113.010,299.641,0.796346
113.020,295.460,0.717997
113.030,297.225,0.478749
113.040,250.927,0.515825
113.050,249.672,0.668504
113.060,249.772,0.728266
113.070,296.153,0.461241
113.080,294.932,0.335368
113.090,280.660,0.378807
113.100,269.868,0.347460
113.110,609.696,0.177940
113.120,299.468,0.189436
113.130,297.110,0.299119
113.140,297.634,0.257018
113.150,50.425,0.619706
113.160,50.331,0.626805
113.170,49.445,0.426170
113.180,37.732,0.257538
113.190,38.480,0.125565
113.200,49.291,0.091500
113.210,260.132,0.122097
113.220,256.530,0.217717
113.230,296.742,0.288014
113.240,298.404,0.203364
113.250,299.213,0.333557
113.260,252.723,0.246689
113.270,298.173,0.441904
113.280,299.549,0.278445
113.290,299.045,0.274017
113.300,1203.074,0.137315
113.310,1977.601,0.143184
113.320,991.719,0.123971
113.330,992.243,0.080276
113.340,877.552,0.064019
113.350,877.859,0.035535
113.360,402.780,0.035763
113.370,400.641,0.347745
113.380,400.898,0.466622
113.390,398.219,0.438284
113.400,399.043,0.530804
113.410,399.294,0.575866
113.420,401.178,0.498289
113.430,403.681,0.336156
113.440,398.369,0.290940
113.450,394.106,0.353465
113.460,196.026,0.456254
113.470,197.814,0.616988
113.480,198.935,0.705306
113.490,201.582,0.519655
113.500,415.965,0.534057
113.510,421.076,0.660294
113.520,433.854,0.707817
113.530,438.152,0.811291
113.540,439.358,0.884685
113.550,441.501,0.948504
113.560,445.076,0.897402
113.570,451.069,0.836524
113.580,460.582,0.813754
113.590,463.424,0.863081
113.600,464.491,0.732625
113.610,463.247,0.567688
113.620,459.774,0.488168
113.630,495.691,0.262051
113.640,329.413,0.159860
113.650,311.159,0.291132
113.660,307.379,0.272658
113.670,500.390,0.063129
113.680,300.970,0.177278
113.690,379.857,0.274892
113.700,383.455,0.472591
113.710,388.013,0.628124
113.720,392.210,0.709923
113.730,395.899,0.614846
113.740,404.813,0.697493
113.750,412.382,0.849524
113.760,414.839,0.803685
113.770,414.105,0.645864
113.780,411.737,0.449638
113.790,101.551,0.360014
113.800,101.279,0.391291
113.810,410.220,0.284857
113.820,100.842,0.303288
113.830,408.521,0.457778
113.840,405.104,0.478294
113.850,399.477,0.316561
113.860,393.781,0.290800
113.870,298.504,0.439567
113.880,299.530,0.738048
113.890,300.511,0.636330
113.900,301.623,0.470381
113.910,401.141,0.139323
113.920,403.698,0.244746
113.930,408.015,0.374824
113.940,441.229,0.565822
113.950,443.677,0.759819
113.960,446.906,0.820795
113.970,450.821,0.822684
113.980,454.409,0.840099
113.990,456.379,0.880519
114.000,456.010,0.873730
114.010,452.881,0.852045
114.020,450.952,0.881108
114.030,451.719,0.890758
114.040,456.004,0.893420
114.050,460.161,0.880370
114.060,460.334,0.895623
114.070,458.909,0.869446
114.080,455.734,0.883264
114.090,453.652,0.833641
114.100,451.874,0.727546
114.110,448.456,0.401697
114.120,445.701,0.375543
114.130,148.234,0.498967
114.140,147.838,0.699276
114.150,147.512,0.346777
114.160,425.499,0.427657
114.170,411.709,0.684871
114.180,405.033,0.724041
114.190,398.960,0.766377
114.200,390.780,0.776133
114.210,383.235,0.841826
114.220,378.139,0.872387
114.230,374.905,0.899268
114.240,373.361,0.897039
114.250,371.465,0.904217
114.260,368.190,0.888066
114.270,365.624,0.917545
114.280,364.414,0.925665
114.290,364.568,0.911803
114.300,365.254,0.904050
114.310,365.001,0.875090
114.320,364.917,0.832385
114.330,366.186,0.812349
114.340,368.035,0.687249
114.350,369.667,0.799002
114.360,370.259,0.820613
114.370,370.838,0.860908
114.380,370.117,0.834526
114.390,368.840,0.618473
114.400,370.071,0.320963
114.410,253.652,0.260665
114.420,391.073,0.398879
114.430,385.593,0.573210
114.440,391.319,0.738631
114.450,392.443,0.845999
114.460,394.129,0.884269
114.470,396.168,0.858452
114.480,397.708,0.861479
114.490,399.364,0.891861
114.500,400.282,0.896751
114.510,401.395,0.926144
114.520,401.367,0.929893
114.530,400.033,0.902826
114.540,397.607,0.917933
114.550,393.489,0.920616
114.560,388.836,0.884719
114.570,385.929,0.838881
114.580,385.207,0.752531
114.590,387.580,0.485685
114.600,387.501,0.183951
114.610,306.278,0.330100
114.620,305.029,0.518799
114.630,300.994,0.486894
114.640,268.999,0.222606
114.650,263.343,0.306594
114.660,295.615,0.374506
114.670,298.495,0.582765
114.680,294.535,0.585730
114.690,294.229,0.712953
114.700,294.577,0.731939
114.710,293.731,0.620015
114.720,293.927,0.539622
114.730,296.564,0.360233
114.740,346.821,0.796893
114.750,340.424,0.814582
114.760,334.935,0.893159
114.770,331.678,0.926559
114.780,329.679,0.918229
114.790,328.614,0.919066
114.800,327.807,0.934231
114.810,327.926,0.934616
114.820,329.750,0.903233
114.830,333.520,0.921036
114.840,337.168,0.913149
114.850,337.791,0.902397
114.860,335.196,0.835966
114.870,328.067,0.629618
114.880,322.369,0.817805
114.890,320.803,0.828995
114.900,319.182,0.783700
114.910,312.306,0.660927
114.920,307.109,0.542898
114.930,301.800,0.565631
114.940,294.775,0.736065
114.950,293.186,0.745670
114.960,290.285,0.647196
114.970,282.851,0.494521
114.980,271.474,0.545120
114.990,267.585,0.491079
115.000,268.144,0.238457
115.010,271.704,0.359283
115.020,269.244,0.697459
115.030,266.034,0.862384
115.040,264.814,0.771520
115.050,265.772,0.625863
115.060,277.127,0.320558
115.070,296.257,0.340970
115.080,292.887,0.450460
115.090,293.191,0.439263
115.100,36.699,0.775780
115.110,36.757,0.294788
115.120,298.062,0.392375
115.130,297.014,0.314012
115.140,269.303,0.432085
115.150,334.064,0.485510
115.160,334.110,0.559652
115.170,334.219,0.779835
115.180,335.090,0.808177
115.190,335.411,0.870054
115.200,335.510,0.871272
115.210,335.624,0.885477
115.220,335.437,0.762668
115.230,333.841,0.560255
115.240,333.279,0.526207
115.250,274.200,0.239247
115.260,40.895,0.029058
115.270,308.993,0.058335
115.280,305.916,0.116629
115.290,306.948,0.093960
115.300,309.437,0.109026
115.310,394.000,0.137537
115.320,135.768,0.076283
115.330,396.744,0.046905
115.340,397.027,0.296883
115.350,394.760,0.399993
115.360,274.089,0.205847
115.370,290.796,0.403668
115.380,300.321,0.438565
115.390,303.659,0.408221
115.400,314.047,0.555227
115.410,318.461,0.727867
115.420,325.954,0.800122
115.430,333.161,0.793905
115.440,341.446,0.742256
115.450,354.649,0.633105
115.460,366.631,0.909802
115.470,367.184,0.936484
115.480,362.674,0.851669
115.490,353.033,0.753195
115.500,338.329,0.838126
115.510,333.303,0.907149
115.520,331.751,0.932786
115.530,332.870,0.890813
115.540,336.298,0.849266
115.550,340.119,0.879348
115.560,343.677,0.894952
115.570,345.374,0.907164
115.580,342.917,0.834441
115.590,338.194,0.796246
115.600,337.352,0.729902
115.610,338.375,0.798486
115.620,343.731,0.615017
115.630,356.464,0.395820
115.640,360.474,0.597989
115.650,362.216,0.842643
115.660,362.645,0.925715
115.670,362.660,0.927602
115.680,363.495,0.877364
115.690,367.169,0.834864
115.700,373.539,0.875023
115.710,378.871,0.925731
115.720,382.318,0.908126
115.730,384.658,0.932435
115.740,384.899,0.918094
115.750,383.223,0.884290
115.760,379.650,0.876962
115.770,373.848,0.835503
115.780,363.799,0.734183
115.790,354.236,0.878462
115.800,350.997,0.835916
115.810,347.341,0.227760
115.820,254.505,0.310778
115.830,253.187,0.406059
115.840,255.160,0.384975
115.850,325.722,0.327734
115.860,302.323,0.468465
115.870,302.000,0.612796
115.880,301.369,0.755424
115.890,299.592,0.762440
115.900,297.710,0.790075
115.910,298.660,0.856613
115.920,299.708,0.895895
115.930,302.243,0.949166
115.940,303.685,0.946800
115.950,304.739,0.961045
115.960,305.193,0.961506
115.970,306.250,0.939104
115.980,307.395,0.931474
115.990,307.655,0.924834
116.000,308.127,0.888528
116.010,308.492,0.884815
116.020,307.987,0.877631
116.030,306.845,0.882326
116.040,307.196,0.862470
116.050,302.338,0.639506
116.060,296.883,0.424207
116.070,328.092,0.234187
116.080,252.342,0.331794
116.090,325.485,0.273264
116.100,326.208,0.586687
116.110,330.443,0.735559
116.120,334.235,0.766812
116.130,335.336,0.842881
116.140,335.859,0.908239
116.150,335.779,0.908783
116.160,332.492,0.870749
116.170,325.501,0.531992
116.180,309.197,0.468756
116.190,301.207,0.782205
116.200,297.261,0.802041
116.210,296.002,0.827228
116.220,298.475,0.833026
116.230,301.787,0.857984
116.240,304.782,0.897157
116.250,304.815,0.910307
116.260,304.691,0.857737
116.270,301.990,0.716644
116.280,298.817,0.573741
116.290,299.802,0.508979
116.300,303.249,0.435213
116.310,661.542,0.064221
116.320,1964.362,0.007042
116.330,1949.758,0.016728
116.340,1962.140,0.026565
116.350,1978.311,0.032736
116.360,1979.774,0.031331
116.370,1975.187,0.016031
116.380,1964.339,0.024727
116.390,299.590,0.128241
116.400,294.905,0.520677
116.410,292.366,0.705118
116.420,291.914,0.738249
116.430,285.512,0.487284
116.440,274.395,0.594121
116.450,271.721,0.823850
116.460,268.295,0.859937
116.470,268.490,0.906972
116.480,270.271,0.878078
116.490,271.785,0.855093
116.500,273.805,0.888204
116.510,273.158,0.889628
116.520,272.670,0.802856
116.530,274.103,0.700144
116.540,272.707,0.468260
116.550,270.819,0.282493
116.560,292.319,0.273989
116.570,278.457,0.441223
116.580,280.676,0.443808
116.590,287.494,0.592342
116.600,290.932,0.807070
116.610,290.725,0.900902
116.620,290.299,0.882276
116.630,284.962,0.639191
116.640,275.366,0.808217
116.650,267.829,0.757339
116.660,254.397,0.775332
116.670,246.306,0.805177
116.680,242.615,0.943645
116.690,242.746,0.952072
116.700,244.105,0.928962
116.710,246.297,0.920927
116.720,248.569,0.907957
116.730,252.595,0.915433
116.740,255.240,0.942723
116.750,255.854,0.966447
116.760,256.099,0.969110
116.770,256.467,0.971285
116.780,257.491,0.947589
116.790,258.933,0.899163
116.800,260.855,0.765444
116.810,263.157,0.674777
116.820,266.361,0.718495
116.830,271.906,0.362871
116.840,560.767,0.391653
116.850,298.719,0.514378
116.860,299.522,0.621011
116.870,303.493,0.399678
116.880,1973.587,0.213362
116.890,32.553,0.160146
116.900,1978.483,0.216004
116.910,273.639,0.190135
116.920,308.728,0.143622
116.930,255.203,0.283975
116.940,255.761,0.441945
116.950,256.312,0.545366
116.960,254.708,0.547987
116.970,255.125,0.434639
116.980,250.218,0.427661
116.990,251.812,0.390060
117.000,251.507,0.432027
117.010,251.378,0.573818
117.020,251.108,0.506424
117.030,275.104,0.395381
117.040,268.757,0.111975
117.050,249.570,0.234885
117.060,250.383,0.455306
117.070,249.801,0.460247
117.080,251.391,0.097938
117.090,36.487,0.205596
117.100,36.424,0.381068
117.110,50.047,0.336355
117.120,98.478,0.165891
117.130,98.584,0.126816
117.140,50.543,0.358763
117.150,50.489,0.647367
117.160,298.853,0.210668
117.170,245.884,0.383624
117.180,245.692,0.592001
117.190,246.752,0.404224
117.200,249.490,0.577937
117.210,250.781,0.624530
117.220,250.842,0.566937
117.230,252.324,0.458412
117.240,253.382,0.236282
117.250,298.158,0.254098
117.260,282.084,0.090460
117.270,324.630,0.159124
117.280,389.010,0.100159
117.290,401.224,0.117826
117.300,32.561,0.081194
117.310,32.836,0.342894
117.320,33.308,0.155977
117.330,132.141,0.098365
117.340,134.771,0.235895
117.350,401.884,0.429215
117.360,401.139,0.461225
117.370,331.487,0.193336
117.380,402.214,0.409968
117.390,397.328,0.728735
117.400,396.331,0.811577
117.410,394.050,0.854588
117.420,393.790,0.839884
117.430,401.983,0.619341
117.440,411.029,0.630807
117.450,413.585,0.749905
117.460,414.010,0.798064
117.470,414.486,0.792653
117.480,414.431,0.828921
117.490,414.917,0.801350
117.500,416.118,0.850161
117.510,418.183,0.878214
117.520,420.617,0.842004
117.530,422.526,0.783074
117.540,424.058,0.734668
117.550,424.450,0.669685
117.560,422.747,0.496439
117.570,417.643,0.506671
117.580,417.704,0.474937
117.590,421.669,0.650283
117.600,425.722,0.721688
117.610,426.782,0.773886
117.620,424.931,0.752694
117.630,422.202,0.799435
117.640,418.473,0.772275
117.650,413.003,0.720112
117.660,407.088,0.736438
117.670,401.734,0.788624
117.680,396.549,0.832368
117.690,393.516,0.918148
117.700,391.000,0.906387
117.710,390.341,0.908057
117.720,390.675,0.909661
117.730,392.409,0.933414
117.740,393.770,0.945369
117.750,395.327,0.891537
117.760,397.317,0.862227
117.770,399.540,0.821971
117.780,399.243,0.715219
117.790,397.096,0.520617
117.800,392.899,0.512148
117.810,387.879,0.362864
117.820,392.981,0.491905
117.830,398.577,0.673169
117.840,402.074,0.706448
117.850,402.205,0.773541
117.860,401.491,0.786621
117.870,402.531,0.790186
117.880,402.887,0.812578
117.890,401.760,0.857075
117.900,399.499,0.876016
117.910,397.508,0.924930
117.920,396.471,0.929143
117.930,395.649,0.918051
117.940,394.616,0.945895
117.950,394.444,0.938494
117.960,394.496,0.934391
117.970,393.929,0.925894
117.980,392.016,0.910349
117.990,388.595,0.911241
118.000,386.255,0.887407
118.010,384.547,0.892958
118.020,380.933,0.914151
118.030,377.762,0.916676
118.040,375.955,0.939303
118.050,376.262,0.933573
118.060,379.668,0.932314
118.070,382.301,0.921677
118.080,384.082,0.935251
118.090,384.817,0.933318
118.100,384.564,0.925574
118.110,382.030,0.898390
118.120,378.292,0.900466
118.130,372.926,0.894792
118.140,365.856,0.881291
118.150,356.399,0.903088
118.160,350.855,0.931374
118.170,347.598,0.922663
118.180,345.157,0.931716
118.190,342.788,0.930614
118.200,338.775,0.922556
118.210,336.373,0.913054
118.220,334.767,0.945410
118.230,333.599,0.950708
118.240,332.858,0.931824
118.250,331.666,0.940399
118.260,328.993,0.792108
118.270,323.405,0.485030
118.280,310.599,0.318318
118.290,303.871,0.267096
118.300,299.793,0.602899
118.310,294.723,0.494820
118.320,281.810,0.378120
118.330,280.156,0.602017
118.340,277.657,0.626436
118.350,272.182,0.401654
118.360,267.584,0.351040
118.370,256.503,0.315574
118.380,322.685,0.432807
118.390,328.979,0.549029
118.400,331.418,0.639929
118.410,333.489,0.848116
118.420,333.524,0.905263
118.430,333.655,0.787076
118.440,296.647,0.385331
118.450,298.795,0.737572
118.460,299.927,0.874040
118.470,302.733,0.934458
118.480,304.149,0.969062
118.490,304.946,0.971641
118.500,303.328,0.919097
118.510,302.054,0.946166
118.520,301.018,0.945200
118.530,300.478,0.944311
118.540,300.454,0.944580
118.550,301.020,0.950741
118.560,302.071,0.952257
118.570,303.170,0.936991
118.580,302.231,0.944377
118.590,299.400,0.925857
118.600,295.872,0.922367
118.610,293.187,0.901108
118.620,291.687,0.882683
118.630,291.685,0.845302
118.640,291.282,0.762404
118.650,289.021,0.575730
118.660,291.904,0.419169
118.670,291.226,0.285282
118.680,290.940,0.232972
118.690,289.804,0.271434
118.700,289.160,0.313427
118.710,333.701,0.281591
118.720,331.654,0.769677
118.730,333.154,0.889979
118.740,334.712,0.920243
118.750,339.183,0.883579
118.760,346.442,0.926917
118.770,350.204,0.956886
118.780,350.092,0.949513
118.790,346.894,0.931301
118.800,344.051,0.917719
118.810,341.602,0.921679
118.820,339.042,0.924094
118.830,337.120,0.923989
118.840,333.802,0.906260
118.850,328.751,0.836919
118.860,323.095,0.702490
118.870,324.470,0.525961
118.880,298.073,0.582664
118.890,292.218,0.680361
118.900,331.061,0.571187
118.910,330.483,0.693373
118.920,329.427,0.670254
118.930,328.741,0.705113
118.940,330.175,0.838323
118.950,331.358,0.762383
118.960,329.815,0.413928
118.970,275.910,0.257538
118.980,301.206,0.335245
118.990,297.256,0.583008
119.000,291.354,0.727651
119.010,289.343,0.737863
119.020,287.180,0.579275
119.030,285.017,0.445871
119.040,294.425,0.321776
119.050,298.705,0.354529
119.060,351.897,0.747629
119.070,348.325,0.747654
119.080,343.684,0.794910
119.090,342.517,0.934361
119.100,342.115,0.956816
119.110,343.311,0.949284
119.120,344.699,0.924764
119.130,343.304,0.880784
119.140,334.838,0.852167
119.150,327.715,0.930642
119.160,325.995,0.945844
119.170,325.979,0.936855
119.180,327.464,0.937655
119.190,329.883,0.962355
119.200,331.004,0.972940
119.210,331.247,0.968297
119.220,330.610,0.942083
119.230,329.122,0.848947
119.240,328.696,0.694663
119.250,330.288,0.567683
119.260,662.839,0.266627
119.270,673.884,0.150555
119.280,535.412,0.144305
119.290,535.080,0.375668
119.300,531.010,0.177145
119.310,323.802,0.357338
119.320,330.327,0.546201
119.330,329.689,0.712428
119.340,328.350,0.847996
119.350,327.251,0.905710
119.360,325.649,0.880289
119.370,321.141,0.791257
119.380,313.832,0.827008
119.390,306.226,0.841933
119.400,301.337,0.916666
119.410,299.751,0.933953
119.420,300.078,0.928181
119.430,301.148,0.950576
119.440,302.088,0.955042
119.450,303.375,0.936457
119.460,304.317,0.954042
119.470,304.891,0.960331
119.480,305.214,0.954685
119.490,304.997,0.894706
119.500,302.443,0.786267
119.510,301.380,0.644580
119.520,301.393,0.344564
119.530,268.413,0.668630
119.540,266.389,0.622393
119.550,266.963,0.611483
119.560,275.273,0.198020
119.570,297.431,0.405310
119.580,297.739,0.717285
119.590,298.859,0.836930
119.600,301.630,0.915043
119.610,302.749,0.936676
119.620,302.976,0.949505
119.630,303.358,0.944151
119.640,303.735,0.944793
119.650,303.789,0.959159
119.660,303.563,0.950191
119.670,302.358,0.961259
119.680,300.698,0.947442
119.690,299.487,0.948386
119.700,298.470,0.953526
119.710,297.427,0.935434
119.720,296.043,0.949689
119.730,295.690,0.913858
119.740,293.738,0.750492
119.750,288.472,0.406686
119.760,284.885,0.437082
119.770,251.010,0.582069
119.780,253.435,0.577619
119.790,247.171,0.456677
119.800,291.186,0.529098
119.810,294.881,0.556132
119.820,301.677,0.776743
119.830,303.426,0.883551
119.840,302.704,0.945476
119.850,301.920,0.961551
119.860,298.533,0.912064
119.870,291.341,0.712390
119.880,280.398,0.616897
119.890,267.747,0.836146
119.900,264.335,0.903426
119.910,263.813,0.902515
119.920,265.998,0.913518
119.930,269.883,0.905104
119.940,273.457,0.883736
119.950,275.910,0.909848
119.960,276.918,0.925665
119.970,276.926,0.935981
119.980,276.620,0.912435
119.990,275.889,0.900731
120.000,272.397,0.851509
120.010,269.617,0.890591
120.020,265.939,0.864565
120.030,262.255,0.804559
120.040,260.171,0.728038
120.050,257.844,0.582822
120.060,251.981,0.473635
120.070,264.177,0.371903
120.080,268.603,0.134156
120.090,262.682,0.458101
120.100,253.149,0.429872
120.110,254.055,0.705137
120.120,251.429,0.732666
120.130,250.309,0.752818
120.140,250.296,0.746423
120.150,250.514,0.665945
120.160,249.334,0.687403
120.170,249.898,0.632320
120.180,253.284,0.452169
120.190,250.045,0.242849
120.200,249.826,0.202592
120.210,250.227,0.312805
120.220,246.474,0.362162
120.230,243.338,0.147751
120.240,217.963,0.092733
120.250,1462.130,0.024622
120.260,1976.203,0.034656
120.270,1971.717,0.044361
120.280,986.731,0.023867
120.290,247.898,0.030864
120.300,256.538,0.014409
120.310,260.348,0.013866
120.320,257.659,0.040941
120.330,253.417,0.181597
120.340,274.818,0.073566
120.350,1463.075,0.017756
120.360,1094.308,0.016697
120.370,220.191,0.020703
120.380,218.121,0.010517
120.390,219.292,0.023304
120.400,1976.137,0.030747
120.410,189.664,0.039895
120.420,374.198,0.032354
120.430,379.563,0.053404
120.440,286.875,0.026041
120.450,291.404,0.064728
120.460,290.095,0.146205
120.470,323.466,0.041234
120.480,332.726,0.198762
120.490,301.662,0.411831
120.500,298.537,0.716401
120.510,296.208,0.715327
120.520,293.440,0.784328
120.530,293.523,0.840179
120.540,295.304,0.935673
120.550,297.126,0.943469
120.560,298.932,0.947762
120.570,299.431,0.905820
120.580,300.609,0.905012
120.590,301.730,0.859208
120.600,303.190,0.706456
120.610,304.398,0.453823
120.620,200.552,0.229723
120.630,149.085,0.175808
120.640,152.114,0.226792
120.650,400.658,0.323761
120.660,402.946,0.364432
120.670,404.475,0.535691
120.680,401.925,0.504032
120.690,400.842,0.690244
120.700,403.197,0.574933
120.710,405.034,0.077364
120.720,630.724,0.028937
120.730,1188.839,0.037018
120.740,1210.903,0.074339
120.750,299.254,0.474855
120.760,301.631,0.466348
120.770,300.719,0.597564
120.780,300.455,0.403076
120.790,300.131,0.252953
120.800,298.346,0.407097
120.810,299.474,0.488996
120.820,297.301,0.231421
120.830,295.784,0.015053
120.840,32.675,0.012218
120.850,32.938,0.007715
120.860,33.108,0.015385
120.870,50.294,0.022887
120.880,301.381,0.421440
120.890,298.194,0.672701
120.900,298.962,0.625207
120.910,297.224,0.605864
120.920,298.694,0.610275
120.930,299.012,0.608655
120.940,300.339,0.394229
120.950,299.748,0.179710
120.960,32.307,0.061027
120.970,266.343,0.070807
120.980,51.892,0.052191
120.990,297.813,0.123949
121.000,296.952,0.522267
121.010,299.034,0.515951
121.020,49.942,0.447601
121.030,50.111,0.782790
121.040,50.346,0.660169
121.050,249.988,0.267867
121.060,249.365,0.214979
121.070,250.098,0.246706
121.080,300.075,0.214148
121.090,100.342,0.476242
121.100,100.365,0.498585
121.110,500.500,0.311239
121.120,298.619,0.360460
121.130,295.203,0.359497
121.140,299.927,0.376254
121.150,396.258,0.297031
121.160,301.689,0.272977
121.170,399.857,0.253955
121.180,398.666,0.457454
121.190,401.742,0.393948
121.200,405.391,0.013214
121.210,32.092,0.021549
121.220,32.289,0.006022
121.230,32.342,0.005703
121.240,1187.600,0.005533
121.250,1165.778,0.006212
121.260,1185.015,0.018171
121.270,1188.200,0.019767
121.280,1784.050,0.037573
121.290,1778.174,0.057792
121.300,394.059,0.299777
121.310,404.180,0.480305
121.320,419.507,0.612604
121.330,420.912,0.660387
121.340,427.169,0.605904
121.350,440.982,0.680148
121.360,449.523,0.875410
121.370,457.009,0.912575
121.380,461.981,0.914637
121.390,465.801,0.883327
121.400,468.841,0.896983
121.410,470.141,0.877045
121.420,471.798,0.850354
121.430,473.368,0.897061
121.440,473.165,0.911364
121.450,471.314,0.871497
121.460,467.470,0.851238
121.470,463.370,0.727958
121.480,462.066,0.600426
121.490,334.472,0.325917
121.500,333.203,0.558024
121.510,166.510,0.612210
121.520,166.785,0.524561
121.530,153.540,0.173700
121.540,457.787,0.588906
121.550,458.123,0.757124
121.560,459.147,0.721561
121.570,459.541,0.735071
121.580,458.007,0.525107
121.590,456.413,0.640905
121.600,453.014,0.676601
121.610,447.174,0.783848
121.620,440.929,0.882959
121.630,435.118,0.897367
121.640,431.913,0.944263
121.650,430.239,0.946857
121.660,428.580,0.925993
121.670,425.538,0.922146
121.680,420.750,0.888794
121.690,415.126,0.840377
121.700,407.752,0.845706
121.710,403.676,0.912443
121.720,400.620,0.879603
121.730,397.961,0.910803
121.740,396.152,0.890863
121.750,395.053,0.918085
121.760,393.393,0.939415
121.770,391.426,0.918023
121.780,390.548,0.946762
121.790,390.769,0.937590
121.800,392.264,0.941543
121.810,394.189,0.948095
121.820,394.709,0.939763
121.830,393.132,0.953823
121.840,389.510,0.925479
121.850,384.312,0.858960
121.860,379.329,0.865749
121.870,372.362,0.836048
121.880,361.138,0.807361
121.890,354.993,0.962870
121.900,353.119,0.946740
121.910,353.685,0.945317
121.920,356.907,0.907329
121.930,362.437,0.880970
121.940,369.373,0.885006
121.950,373.883,0.914933
121.960,375.802,0.956095
121.970,375.632,0.960123
121.980,374.899,0.951479
121.990,374.470,0.924753
122.000,373.107,0.871336
122.010,367.631,0.671562
122.020,356.240,0.724344
122.030,349.040,0.666438
122.040,350.467,0.521046
122.050,352.421,0.732825
122.060,356.288,0.591197
122.070,364.269,0.517377
122.080,362.407,0.733977
122.090,361.231,0.819939
122.100,361.080,0.850571
122.110,360.830,0.893068
122.120,362.688,0.932137
122.130,365.199,0.885972
122.140,367.405,0.906132
122.150,368.064,0.838068
122.160,368.450,0.661781
122.170,371.878,0.568994
122.180,377.944,0.490843
122.190,388.956,0.172963
122.200,32.475,0.071759
122.210,393.982,0.415696
122.220,395.522,0.814653
122.230,396.556,0.886005
122.240,396.815,0.930058
122.250,397.843,0.939400
122.260,400.958,0.890749
122.270,404.176,0.784695
122.280,405.610,0.751526
122.290,404.897,0.760219
122.300,399.056,0.779850
122.310,393.570,0.874850
122.320,389.374,0.790575
122.330,387.080,0.560253
122.340,338.414,0.644738
122.350,337.180,0.761524
122.360,336.999,0.840801
122.370,334.074,0.938197
122.380,333.644,0.912856
122.390,334.752,0.894870
122.400,333.495,0.719704
122.410,332.696,0.371383
122.420,381.197,0.681607
122.430,382.538,0.788210
122.440,379.048,0.702970
122.450,372.913,0.807206
122.460,366.411,0.878096
122.470,361.714,0.907451
122.480,357.546,0.950253
122.490,353.597,0.951183
122.500,349.803,0.946640
122.510,344.593,0.883517
122.520,339.499,0.893590
122.530,337.299,0.899858
122.540,334.431,0.675153
122.550,328.820,0.542570
122.560,329.159,0.543002
122.570,298.904,0.616397
122.580,297.228,0.641621
122.590,294.160,0.492135
122.600,267.930,0.334989
122.610,297.463,0.402268
122.620,329.819,0.413609
122.630,329.733,0.862701
122.640,330.629,0.908608
122.650,331.485,0.943951
122.660,331.709,0.940888
122.670,331.908,0.914886
122.680,333.946,0.890029
122.690,337.218,0.852419
122.700,338.519,0.897816
122.710,338.667,0.763833
122.720,328.803,0.523627
122.730,327.591,0.790127
122.740,328.138,0.872773
122.750,328.435,0.914881
122.760,328.589,0.905871
122.770,329.856,0.945162
122.780,331.787,0.917533
122.790,332.689,0.874940
122.800,330.150,0.800290
122.810,328.575,0.777288
122.820,328.741,0.821011
122.830,328.456,0.773473
122.840,326.725,0.764317
122.850,323.786,0.812833
122.860,322.915,0.850854
122.870,320.134,0.831647
122.880,313.532,0.784411
122.890,307.947,0.852163
122.900,302.659,0.837439
122.910,296.923,0.854583
122.920,295.239,0.923388
122.930,294.728,0.674721
122.940,296.235,0.489073
122.950,300.089,0.485895
122.960,300.216,0.593029
122.970,295.230,0.802430
122.980,294.521,0.932769
122.990,295.411,0.779691
123.000,299.643,0.650530
123.010,303.835,0.535574
123.020,305.500,0.486627
123.030,299.977,0.458228
123.040,295.809,0.501968
123.050,297.038,0.453189
123.060,293.726,0.280098
123.070,293.194,0.630135
123.080,294.052,0.642791
123.090,296.429,0.490049
123.100,301.648,0.366369
123.110,331.665,0.379641
123.120,330.947,0.439332
123.130,331.306,0.585658
123.140,331.814,0.605797
123.150,332.118,0.543666
123.160,275.102,0.124054
123.170,668.118,0.057877
123.180,32.430,0.030821
123.190,32.700,0.041527
123.200,33.992,0.142288
123.210,34.357,0.033590
123.220,1401.529,0.018139
123.230,284.729,0.041160
123.240,221.057,0.015986
123.250,1345.251,0.025465
123.260,1344.830,0.014005
123.270,534.954,0.025878
123.280,536.171,0.128409
123.290,536.368,0.112516
123.300,535.272,0.185235
123.310,336.692,0.173470
123.320,269.685,0.104187
123.330,535.885,0.138777
123.340,534.832,0.276344
123.350,533.440,0.435195
123.360,534.712,0.537536
123.370,532.838,0.543092
123.380,531.398,0.394406
123.390,529.970,0.421774
123.400,530.234,0.425497
123.410,530.441,0.397569
123.420,533.520,0.210936
123.430,532.211,0.191047
123.440,334.359,0.089091
123.450,225.506,0.227899
123.460,333.464,0.383367
123.470,333.620,0.298664
123.480,667.567,0.465289
123.490,667.929,0.663844
123.500,668.025,0.733941
123.510,667.126,0.675970
123.520,329.148,0.565599
123.530,326.140,0.605222
123.540,326.650,0.738560
123.550,328.202,0.843529
123.560,330.451,0.910065
123.570,332.589,0.897778
123.580,335.429,0.903109
123.590,340.807,0.814067
123.600,346.007,0.904605
123.610,348.144,0.909610
123.620,348.336,0.918603
123.630,349.196,0.927634
123.640,351.923,0.853586
123.650,354.316,0.778404
123.660,357.187,0.687942
123.670,358.845,0.456418
123.680,360.811,0.541416
123.690,251.816,0.644715
123.700,254.848,0.570341
123.710,250.867,0.379029
123.720,301.563,0.403411
123.730,300.711,0.376700
123.740,298.877,0.531670
123.750,293.037,0.319910
123.760,285.012,0.509584
123.770,284.718,0.520876
123.780,291.993,0.512761
123.790,296.035,0.805856
123.800,298.760,0.942141
123.810,299.941,0.931226
123.820,300.483,0.930198
123.830,299.240,0.928596
123.840,297.378,0.920413
123.850,296.485,0.915318
123.860,296.856,0.913731
123.870,298.347,0.939645
123.880,300.025,0.923810
123.890,301.287,0.961847
123.900,301.876,0.967719
123.910,302.143,0.961979
123.920,301.417,0.943617
123.930,301.161,0.938967
123.940,302.346,0.944407
123.950,304.658,0.931548
123.960,308.189,0.817635
123.970,316.346,0.778587
123.980,323.682,0.883029
123.990,327.459,0.903773
124.000,331.765,0.903896
124.010,337.232,0.922434
124.020,340.494,0.925510
124.030,341.492,0.926746
124.040,338.268,0.877069
124.050,331.915,0.855762
124.060,323.304,0.752179
124.070,317.287,0.630906
124.080,295.222,0.587567
124.090,282.772,0.724654
124.100,277.531,0.943383
124.110,276.723,0.923164
124.120,278.233,0.925417
124.130,282.204,0.877493
124.140,287.943,0.885741
124.150,295.275,0.843075
124.160,300.802,0.897150
124.170,301.908,0.849240
124.180,301.266,0.814391
124.190,301.406,0.679482
124.200,295.753,0.665404
124.210,294.521,0.839410
124.220,293.611,0.870349
124.230,292.519,0.806159
124.240,292.812,0.790983
124.250,294.092,0.819516
124.260,294.335,0.727024
124.270,290.235,0.647500
124.280,281.320,0.731351
124.290,274.014,0.891603
124.300,267.954,0.849676
124.310,263.419,0.838988
124.320,261.475,0.858061
124.330,262.888,0.885147
124.340,264.272,0.882524
124.350,265.392,0.908925
124.360,266.990,0.900421
124.370,268.165,0.938745
124.380,268.790,0.950372
124.390,268.343,0.931778
124.400,266.506,0.897288
124.410,265.414,0.874964
124.420,266.579,0.763315
124.430,270.652,0.814603
124.440,271.860,0.712972
124.450,334.790,0.210023
124.460,332.519,0.200526
124.470,332.203,0.459555
124.480,268.489,0.565391
124.490,267.016,0.648671
124.500,269.554,0.333090
124.510,252.642,0.096853
124.520,248.877,0.421290
124.530,252.180,0.348580
124.540,258.065,0.725129
124.550,261.069,0.882583
124.560,261.356,0.903309
124.570,261.953,0.925411
124.580,261.744,0.932266
124.590,261.334,0.931135
124.600,261.007,0.928667
124.610,261.378,0.939348
124.620,261.869,0.951951
124.630,262.999,0.941402
124.640,263.405,0.896657
124.650,263.605,0.850353
124.660,264.222,0.785018
124.670,258.647,0.770493
124.680,254.506,0.807370
124.690,252.767,0.825366
124.700,251.618,0.838600
124.710,250.229,0.870578
124.720,250.373,0.816857
124.730,251.160,0.700884
124.740,251.401,0.603005
124.750,253.482,0.505669
124.760,260.883,0.371263
124.770,254.002,0.426000
124.780,263.704,0.393087
124.790,246.427,0.260816
124.800,301.265,0.389857
124.810,305.132,0.662830
124.820,299.959,0.676064
124.830,301.763,0.499960
124.840,299.274,0.615634
124.850,300.826,0.588838
124.860,253.921,0.344198
124.870,300.753,0.395493
124.880,298.176,0.355546
124.890,284.539,0.240912
124.900,272.234,0.451751
124.910,291.303,0.189479
124.920,865.915,0.115523
124.930,50.430,0.188532
124.940,301.232,0.584618
124.950,300.335,0.648486
124.960,299.326,0.730608
124.970,297.432,0.675168
124.980,296.252,0.188333
124.990,298.038,0.258958
125.000,298.921,0.192929
125.010,249.788,0.189855
125.020,250.267,0.409636
125.030,250.333,0.596078
125.040,300.992,0.346756
125.050,301.758,0.284472
125.060,301.173,0.397173
125.070,299.989,0.419461
125.080,298.285,0.493232
125.090,296.272,0.280507
125.100,295.853,0.326022
125.110,147.315,0.215681
125.120,147.498,0.392328
125.130,49.016,0.166537
125.140,401.898,0.169099
125.150,396.637,0.288918
125.160,400.794,0.159943
125.170,404.639,0.139548
125.180,406.185,0.192861
125.190,294.827,0.213565
125.200,329.732,0.247604
125.210,348.748,0.208389
125.220,394.083,0.444256
125.230,393.380,0.654325
125.240,394.030,0.672205
125.250,395.436,0.604404
125.260,404.560,0.503917
125.270,457.145,0.314482
125.280,473.460,0.477621
125.290,481.063,0.621773
125.300,484.475,0.740223
125.310,485.678,0.821013
125.320,486.580,0.826307
125.330,487.605,0.797067
125.340,487.827,0.849445
125.350,488.762,0.887621
125.360,489.808,0.925432
125.370,491.175,0.940094
125.380,491.777,0.921449
125.390,491.468,0.641564
125.400,1490.117,0.121811
125.410,168.616,0.252461
125.420,168.017,0.492169
125.430,167.526,0.638385
125.440,166.832,0.565969
125.450,332.866,0.606428
125.460,331.282,0.377414
125.470,326.964,0.116842
125.480,447.419,0.625497
125.490,447.455,0.697166
125.500,446.081,0.739723
125.510,443.804,0.696497
125.520,442.913,0.631088
125.530,442.585,0.410270
125.540,302.415,0.147682
125.550,440.545,0.146810
125.560,441.380,0.259022
125.570,443.060,0.710343
125.580,442.418,0.831067
125.590,442.168,0.877230
125.600,440.663,0.871618
125.610,439.503,0.868024
125.620,437.639,0.857013
125.630,436.748,0.886811
125.640,436.435,0.907872
125.650,433.002,0.824089
125.660,422.879,0.676398
125.670,413.672,0.817988
125.680,406.701,0.896429
125.690,401.798,0.908234
125.700,398.295,0.942857
125.710,395.651,0.902085
125.720,393.317,0.933505
125.730,391.019,0.912788
125.740,388.882,0.931739
125.750,386.271,0.905700
125.760,384.040,0.946295
125.770,384.558,0.939543
125.780,388.491,0.869404
125.790,397.168,0.902996
125.800,402.988,0.915754
125.810,406.617,0.916454
125.820,408.586,0.911073
125.830,409.483,0.892646
125.840,410.275,0.901931
125.850,410.707,0.880995
125.860,409.501,0.811894
125.870,402.160,0.769609
125.880,397.005,0.868571
125.890,395.129,0.891646
125.900,393.527,0.851481
125.910,392.449,0.676121
125.920,388.526,0.293857
125.930,390.316,0.251276
125.940,339.364,0.192431
125.950,402.286,0.305561
125.960,306.183,0.320095
125.970,306.258,0.240823
125.980,351.179,0.325243
125.990,359.917,0.663711
126.000,364.909,0.846215
126.010,365.947,0.919900
126.020,365.104,0.885319
126.030,362.489,0.871960
126.040,357.931,0.709529
126.050,348.716,0.627590
126.060,339.378,0.555733
126.070,331.614,0.572181
126.080,320.773,0.669225
126.090,318.067,0.854367
126.100,315.457,0.924360
126.110,313.999,0.859106
126.120,311.908,0.745654
126.130,310.810,0.529140
126.140,310.211,0.077622
126.150,979.936,0.019113
126.160,1976.632,0.025190
126.170,1973.430,0.020288
126.180,266.508,0.055921
126.190,996.059,0.033779
126.200,1484.679,0.021712
126.210,1480.647,0.027516
126.220,1967.637,0.017238
126.230,1976.378,0.026333
126.240,255.914,0.098731
126.250,301.696,0.344854
126.260,310.412,0.489353
126.270,310.764,0.440566
126.280,302.709,0.555646
126.290,300.534,0.594051
126.300,296.631,0.553257
126.310,290.134,0.624034
126.320,285.006,0.822895
126.330,284.699,0.861581
126.340,285.773,0.880145
126.350,288.370,0.909522
126.360,290.559,0.915208
126.370,290.854,0.908392
126.380,290.930,0.929435
126.390,291.740,0.930340
126.400,292.542,0.905488
126.410,294.623,0.938314
126.420,296.764,0.919712
126.430,299.197,0.918057
126.440,302.686,0.917505
126.450,306.981,0.880257
126.460,311.871,0.842211
126.470,322.921,0.788604
126.480,328.103,0.840754
126.490,331.541,0.836301
126.500,333.786,0.830213
126.510,335.877,0.676171
126.520,296.902,0.580841
126.530,336.976,0.613636
126.540,337.398,0.748881
126.550,339.854,0.789347
126.560,338.985,0.824724
126.570,338.203,0.889372
126.580,337.532,0.914817
126.590,337.628,0.938553
126.600,337.097,0.926699
126.610,334.368,0.948054
126.620,331.563,0.943988
126.630,329.859,0.940092
126.640,330.253,0.926589
126.650,331.462,0.902503
126.660,333.082,0.875742
126.670,334.806,0.790695
126.680,335.494,0.646712
126.690,334.373,0.655021
126.700,334.434,0.520710
126.710,267.810,0.638233
126.720,287.998,0.267867
126.730,292.058,0.521648
126.740,288.165,0.535801
126.750,289.488,0.640063
126.760,289.535,0.665454
126.770,290.379,0.559768
126.780,292.299,0.397205
126.790,296.480,0.512831
126.800,328.580,0.415518
126.810,328.108,0.298806
126.820,284.810,0.225677
126.830,268.484,0.604141
126.840,332.871,0.568552
126.850,270.218,0.704837
126.860,271.256,0.564683
126.870,274.339,0.272383
126.880,32.965,0.105037
126.890,292.211,0.644938
126.900,292.013,0.606270
126.910,292.463,0.566578
126.920,291.765,0.446934
126.930,294.995,0.332227
126.940,267.401,0.462200
126.950,298.266,0.353858
126.960,290.576,0.227572
126.970,528.604,0.355328
126.980,266.100,0.374984
126.990,532.968,0.496224
127.000,532.339,0.145164
127.010,289.777,0.288133
127.020,290.032,0.206123
127.030,533.389,0.210326
127.040,269.868,0.384236
127.050,333.806,0.557284
127.060,334.547,0.843189
127.070,335.234,0.924235
127.080,335.431,0.935662
127.090,335.573,0.889859
127.100,337.613,0.204044
127.110,1972.106,0.020395
127.120,948.825,0.012558
127.130,663.540,0.016594
127.140,217.434,0.030182
127.150,223.279,0.521288
127.160,230.013,0.507660
127.170,234.301,0.571818
127.180,235.345,0.759473
127.190,276.307,0.281885
127.200,283.704,0.482941
127.210,285.118,0.616985
127.220,288.644,0.781795
127.230,290.344,0.904517
127.240,293.172,0.916112
127.250,295.953,0.912831
127.260,297.892,0.937331
127.270,298.270,0.941640
127.280,297.687,0.934921
127.290,296.908,0.916972
127.300,296.375,0.935542
127.310,294.947,0.943363
127.320,291.557,0.927029
127.330,291.152,0.916485
127.340,294.289,0.913648
127.350,299.013,0.894904
127.360,302.294,0.936084
127.370,302.450,0.916728
127.380,299.049,0.880280
127.390,295.905,0.752114
127.400,293.096,0.406634
127.410,269.956,0.491197
127.420,265.095,0.212783
127.430,267.464,0.126826
127.440,669.182,0.113312
127.450,666.012,0.195375
127.460,328.818,0.469764
127.470,332.140,0.664728
127.480,334.908,0.748591
127.490,336.391,0.838171
127.500,338.849,0.828959
127.510,345.091,0.836098
127.520,351.287,0.910713
127.530,352.502,0.927172
127.540,350.706,0.941700
127.550,347.810,0.885575
127.560,342.403,0.842360
127.570,336.825,0.872395
127.580,333.297,0.934199
127.590,331.370,0.943776
127.600,330.512,0.936096
127.610,329.955,0.815188
127.620,328.342,0.387580
127.630,256.386,0.583795
127.640,248.899,0.482103
127.650,252.339,0.456880
127.660,251.110,0.482426
127.670,253.983,0.574798
127.680,303.400,0.163625
127.690,335.354,0.451112
127.700,336.598,0.628954
127.710,334.687,0.782715
127.720,332.021,0.852322
127.730,328.456,0.841551
127.740,325.366,0.863907
127.750,327.432,0.894110
127.760,330.820,0.907553
127.770,332.560,0.896870
127.780,333.462,0.891945
127.790,334.888,0.923715
127.800,337.630,0.918921
127.810,339.748,0.927161
127.820,339.984,0.932663
127.830,337.835,0.920435
127.840,333.416,0.896657
127.850,329.436,0.860706
127.860,324.812,0.553900
127.870,305.656,0.542967
127.880,297.978,0.465584
127.890,255.404,0.300274
127.900,253.697,0.735772
127.910,252.718,0.876586
127.920,253.020,0.864500
127.930,253.061,0.769792
127.940,252.996,0.623746
127.950,261.068,0.294419
127.960,295.430,0.538570
127.970,299.922,0.780634
127.980,306.184,0.796899
127.990,310.312,0.781319
128.000,311.830,0.842211
128.010,309.961,0.712144
128.020,302.003,0.725158
128.030,295.948,0.760708
128.040,288.705,0.866606
128.050,284.527,0.868222
128.060,279.163,0.778750
128.070,275.879,0.855789
128.080,274.540,0.813071
128.090,272.041,0.524283
128.100,265.086,0.580823
128.110,533.928,0.272824
128.120,161.758,0.040670
128.130,48.940,0.031111
128.140,1326.531,0.051346
128.150,976.516,0.023487
128.160,1389.955,0.038391
128.170,1394.651,0.021637
128.180,1981.080,0.024636
128.190,1386.497,0.010226
128.200,256.632,0.124135
128.210,263.208,0.623118
128.220,264.235,0.394981
128.230,268.977,0.421309
128.240,268.901,0.679618
128.250,269.088,0.827685
128.260,266.171,0.752399
128.270,266.528,0.817011
128.280,267.468,0.809407
128.290,269.192,0.658054
128.300,270.827,0.762308
128.310,271.397,0.846503
128.320,271.090,0.883500
128.330,272.083,0.885658
128.340,271.377,0.764484
128.350,273.099,0.553748
128.360,273.766,0.461697
128.370,264.955,0.548325
128.380,333.345,0.554440
128.390,274.546,0.558365
128.400,276.959,0.668730
128.410,277.524,0.694320
128.420,275.473,0.723088
128.430,271.915,0.812619
128.440,268.252,0.845648
128.450,264.959,0.902631
128.460,262.106,0.843088
128.470,255.669,0.840740
128.480,252.559,0.921126
128.490,252.506,0.922032
128.500,252.890,0.946679
128.510,253.729,0.957128
128.520,254.543,0.947922
128.530,255.907,0.966749
128.540,256.737,0.967885
128.550,258.652,0.943040
128.560,260.412,0.947893
128.570,261.123,0.939353
128.580,261.515,0.929684
128.590,262.382,0.906440
128.600,261.579,0.896654
128.610,259.251,0.829609
128.620,258.008,0.696712
128.630,257.615,0.468414
128.640,300.634,0.302675
128.650,298.475,0.643265
128.660,298.980,0.493352
128.670,197.399,0.314223
128.680,197.821,0.361619
128.690,198.798,0.338370
128.700,199.468,0.260088
128.710,1173.024,0.048706
128.720,1166.550,0.125252
128.730,1176.290,0.023835
128.740,1206.275,0.073886
128.750,255.827,0.418535
128.760,50.331,0.204108
128.770,50.224,0.610358
128.780,50.260,0.674365
128.790,50.000,0.325615
128.800,251.487,0.291764
128.810,252.513,0.308018
128.820,250.601,0.370485
128.830,61.804,0.037339
128.840,33.576,0.058518
128.850,34.589,0.110307
128.860,32.863,0.024621
128.870,299.682,0.308924
128.880,299.507,0.592252
128.890,299.535,0.386348
128.900,297.932,0.302680
128.910,294.665,0.252020
128.920,49.982,0.161265
128.930,49.273,0.173913
128.940,33.359,0.511410
128.950,33.202,0.235534
128.960,50.314,0.215463
128.970,50.356,0.563922
128.980,99.769,0.325170
128.990,99.731,0.252506
129.000,501.279,0.192869
129.010,300.493,0.240151
129.020,305.125,0.242972
129.030,253.858,0.312743
129.040,997.773,0.268479
129.050,1003.870,0.357806
129.060,982.755,0.067976
129.070,34.143,0.033966
129.080,32.617,0.075139
129.090,32.150,0.020443
129.100,951.337,0.009676
129.110,409.401,0.082289
129.120,202.839,0.108027
129.130,404.625,0.079553
129.140,402.160,0.091478
129.150,200.004,0.105559
129.160,198.723,0.396101
129.170,197.037,0.572015
129.180,393.771,0.647005
129.190,394.542,0.753704
129.200,397.496,0.764056
129.210,403.356,0.778418
129.220,409.802,0.759382
129.230,417.142,0.868768
129.240,422.089,0.894212
129.250,425.486,0.906597
129.260,427.636,0.911230
129.270,429.504,0.923352
129.280,431.395,0.945901
129.290,433.226,0.927471
129.300,434.068,0.915742
129.310,434.310,0.907392
129.320,435.451,0.875815
129.330,436.916,0.710610
129.340,437.880,0.444631
129.350,341.834,0.236144
129.360,337.860,0.413442
129.370,336.127,0.543074
129.380,333.267,0.664401
129.390,419.386,0.388806
129.400,416.971,0.623790
129.410,415.468,0.473032
129.420,417.098,0.722009
129.430,415.954,0.818764
129.440,412.419,0.883240
129.450,407.679,0.904662
129.460,401.403,0.876720
129.470,393.910,0.914395
129.480,388.494,0.921197
129.490,386.575,0.922796
129.500,387.218,0.924441
129.510,389.703,0.945816
129.520,391.308,0.932326
129.530,392.654,0.942230
129.540,393.337,0.924425
129.550,393.438,0.878054
129.560,392.468,0.798984
129.570,392.706,0.629725
129.580,354.906,0.185893
129.590,397.679,0.373703
129.600,396.930,0.369623
129.610,396.918,0.198236
129.620,99.398,0.386284
129.630,99.185,0.417919
129.640,390.366,0.303416
129.650,391.759,0.697581
129.660,389.721,0.776479
129.670,390.253,0.892727
129.680,390.635,0.883176
129.690,392.372,0.793937
129.700,405.118,0.629795
129.710,411.550,0.894549
129.720,411.657,0.916252
129.730,408.417,0.887455
129.740,405.750,0.892240
129.750,405.210,0.913105
129.760,406.749,0.928693
129.770,410.295,0.898828
129.780,412.548,0.912394
129.790,411.949,0.916665
129.800,409.087,0.889242
129.810,405.433,0.858183
129.820,398.091,0.817286
129.830,391.990,0.839957
129.840,393.024,0.566606
129.850,298.913,0.182520
129.860,298.864,0.407861
129.870,300.421,0.655545
129.880,301.190,0.605616
129.890,299.978,0.484935
129.900,300.923,0.431784
129.910,297.787,0.143206
129.920,362.684,0.304401
129.930,363.271,0.692084
129.940,362.191,0.850461
129.950,361.582,0.926416
129.960,362.239,0.932750
129.970,362.568,0.821862
129.980,356.031,0.575309
129.990,335.837,0.507024
130.000,317.501,0.735323
130.010,312.223,0.901906
130.020,306.686,0.919496
130.030,303.400,0.928815
130.040,300.229,0.902822
130.050,295.899,0.782072
130.060,293.082,0.604513
130.070,1197.734,0.036512
130.080,100.090,0.037143
130.090,1985.968,0.029953
130.100,1000.675,0.051580
130.110,247.610,0.051604
130.120,251.134,0.090507
130.130,252.137,0.128759
130.140,248.151,0.065131
130.150,248.730,0.051857
130.160,1754.408,0.022178
130.170,314.484,0.292403
130.180,321.295,0.486737
130.190,321.990,0.777046
130.200,325.165,0.862088
130.210,327.916,0.920896
130.220,330.102,0.962546
130.230,331.600,0.963848
130.240,331.955,0.957251
130.250,331.880,0.955742
130.260,332.855,0.917239
130.270,334.822,0.939965
130.280,336.780,0.929307
130.290,338.749,0.950547
130.300,338.631,0.937604
130.310,335.962,0.829439
130.320,325.356,0.495549
130.330,316.153,0.761363
130.340,316.681,0.499626
130.350,322.676,0.388391
130.360,321.716,0.429677
130.370,326.732,0.287712
130.380,333.994,0.476512
130.390,334.846,0.743288
130.400,333.957,0.781582
130.410,331.245,0.775165
130.420,329.948,0.490937
130.430,288.650,0.452438
130.440,287.744,0.509572
130.450,284.317,0.455733
130.460,290.173,0.383904
130.470,265.344,0.247772
130.480,224.768,0.183719
130.490,287.535,0.454561
130.500,290.869,0.435769
130.510,220.718,0.458193
130.520,221.472,0.205001
130.530,268.525,0.580269
130.540,268.903,0.601759
130.550,266.833,0.499086
130.560,264.134,0.318645
130.570,267.838,0.727371
130.580,267.797,0.843778
130.590,266.037,0.712039
130.600,265.503,0.601828
130.610,265.466,0.461274
130.620,267.900,0.337136
130.630,264.943,0.274535
130.640,265.959,0.519107
130.650,275.163,0.393788
130.660,281.661,0.428916
130.670,288.005,0.493962
130.680,286.643,0.698423
130.690,290.792,0.762934
130.700,293.004,0.806513
130.710,293.804,0.869822
130.720,293.468,0.917878
130.730,294.236,0.926441
130.740,297.296,0.894401
130.750,301.980,0.914577
130.760,306.106,0.939665
130.770,308.580,0.961467
130.780,308.817,0.939473
130.790,306.502,0.798091
130.800,301.293,0.695429
130.810,293.929,0.513527
130.820,285.219,0.548153
130.830,292.157,0.631314
130.840,294.616,0.670851
130.850,295.810,0.608480
130.860,296.365,0.422303
130.870,270.337,0.350527
130.880,268.767,0.422709
130.890,274.266,0.412268
130.900,268.809,0.620318
130.910,269.186,0.720778
130.920,271.238,0.718246
130.930,276.978,0.589187
130.940,288.126,0.495428
130.950,301.513,0.653631
130.960,309.980,0.571355
130.970,343.457,0.580248
130.980,351.783,0.877481
130.990,356.221,0.899643
131.000,359.977,0.896842
131.010,362.389,0.871139
131.020,365.493,0.876110
131.030,367.186,0.777256
131.040,366.816,0.596032
131.050,370.149,0.195894
131.060,930.925,0.032862
131.070,456.616,0.067027
131.080,455.690,0.119650
131.090,448.622,0.033247
131.100,348.945,0.028967
131.110,345.160,0.032590
131.120,332.045,0.032655
131.130,347.583,0.222763
131.140,352.272,0.459214
131.150,355.731,0.721645
131.160,354.350,0.918023
131.170,354.830,0.937205
131.180,357.608,0.921213
131.190,362.732,0.916223
131.200,363.480,0.909159
131.210,362.118,0.945832
131.220,360.292,0.929068
131.230,358.675,0.962760
131.240,357.158,0.957201
131.250,356.349,0.943395
131.260,355.885,0.950557
131.270,355.205,0.960989
131.280,353.590,0.956100
131.290,351.161,0.941146
131.300,345.825,0.835072
131.310,338.059,0.681262
131.320,332.683,0.326940
131.330,330.229,0.316456
131.340,323.152,0.504061
131.350,315.160,0.509979
131.360,304.123,0.698202
131.370,301.511,0.745257
131.380,302.726,0.818593
131.390,304.177,0.849867
131.400,305.030,0.954374
131.410,305.935,0.966909
131.420,306.358,0.951909
131.430,305.515,0.964578
131.440,305.201,0.965317
131.450,306.377,0.952640
131.460,307.703,0.957876
131.470,309.314,0.959800
131.480,310.399,0.937303
131.490,310.366,0.939780
131.500,309.714,0.957490
131.510,307.715,0.952832
131.520,305.747,0.889869
131.530,302.419,0.764097
131.540,293.549,0.489050
131.550,283.020,0.306180
131.560,271.723,0.289350
131.570,259.399,0.363803
131.580,255.736,0.602909
131.590,251.349,0.650274
131.600,252.859,0.302440
131.610,324.024,0.283422
131.620,322.896,0.515794
131.630,323.602,0.854593
131.640,323.918,0.929115
131.650,324.784,0.916894
131.660,324.639,0.910660
131.670,322.063,0.847203
131.680,315.004,0.656980
131.690,305.475,0.705870
131.700,297.344,0.737803
131.710,288.808,0.814580
131.720,283.759,0.934892
131.730,282.052,0.930543
131.740,282.922,0.934262
131.750,285.714,0.897227
131.760,291.755,0.871152
131.770,296.479,0.909830
131.780,297.620,0.928903
131.790,294.452,0.781982
131.800,290.758,0.596879
131.810,293.248,0.417182
131.820,251.111,0.264101
131.830,252.523,0.420566
131.840,251.713,0.373061
131.850,259.760,0.388370
131.860,269.873,0.351843
131.870,298.274,0.367870
131.880,292.224,0.467545
131.890,291.509,0.758141
131.900,296.138,0.821784
131.910,299.705,0.869919
131.920,301.293,0.915932
131.930,301.924,0.865079
131.940,298.185,0.438319
131.950,275.295,0.716649
131.960,268.840,0.898313
131.970,266.756,0.899136
131.980,264.305,0.890054
131.990,262.470,0.847587
132.000,262.056,0.783845
132.010,262.125,0.751567
132.020,262.262,0.586406
132.030,527.504,0.186639
132.040,347.010,0.044304
132.050,221.814,0.052784
132.060,254.505,0.245825
132.070,257.219,0.697716
132.080,258.446,0.621491
132.090,257.636,0.655969
132.100,256.698,0.686589
132.110,258.012,0.711933
132.120,261.159,0.643639
132.130,263.055,0.813752
132.140,263.847,0.875899
132.150,263.212,0.891191
132.160,261.558,0.876360
132.170,260.165,0.924758
132.180,260.159,0.929725
132.190,261.562,0.939814
132.200,264.853,0.931346
132.210,267.487,0.929562
132.220,269.608,0.963311
132.230,270.065,0.960278
132.240,268.869,0.961032
132.250,265.621,0.882098
132.260,263.982,0.772240
132.270,263.361,0.411148
132.280,296.303,0.311340
132.290,323.032,0.202781
132.300,332.744,0.262948
132.310,334.809,0.373057
132.320,335.197,0.396945
132.330,333.053,0.255781
132.340,333.139,0.231975
132.350,334.164,0.243380
132.360,332.936,0.176579
132.370,270.955,0.609823
132.380,267.840,0.513548
132.390,262.078,0.519390
132.400,259.532,0.769206
132.410,258.708,0.901893
132.420,258.680,0.931397
132.430,259.096,0.941752
132.440,258.299,0.863298
132.450,253.422,0.817598
132.460,250.409,0.928938
132.470,251.401,0.947102
132.480,252.602,0.943169
132.490,253.457,0.931165
132.500,254.131,0.858955
132.510,253.172,0.735965
132.520,252.046,0.597658
132.530,986.832,0.030441
132.540,1169.142,0.070846
132.550,1215.243,0.079723
132.560,50.321,0.474389
132.570,49.999,0.452986
132.580,49.966,0.416499
132.590,49.978,0.306443
132.600,252.666,0.094026
132.610,251.457,0.217025
132.620,248.546,0.071735
132.630,262.702,0.274655
132.640,264.696,0.380814
132.650,260.637,0.566796
132.660,260.951,0.748313
132.670,258.631,0.789756
132.680,255.008,0.820512
132.690,249.565,0.534375
132.700,231.810,0.300155
132.710,208.371,0.459726
132.720,200.325,0.391586
132.730,193.679,0.248971
132.740,182.741,0.279380
132.750,173.795,0.550335
132.760,168.608,0.130777
132.770,1772.811,0.205400
132.780,1768.755,0.221445
132.790,49.935,0.142835
132.800,298.413,0.694634
132.810,298.467,0.774019
132.820,299.239,0.691258
132.830,300.572,0.754442
132.840,301.723,0.579315
132.850,299.246,0.489107
132.860,299.938,0.211262
132.870,300.605,0.128155
132.880,50.459,0.449207
132.890,300.369,0.352327
132.900,252.546,0.243812
132.910,300.943,0.469685
132.920,299.831,0.422703
132.930,298.711,0.622088
132.940,300.431,0.233075
132.950,251.316,0.341681
132.960,398.190,0.221131
132.970,391.308,0.320624
132.980,186.716,0.624167
132.990,188.225,0.711366
133.000,192.570,0.684573
133.010,193.928,0.423623
133.020,399.922,0.571764
133.030,402.112,0.818247
133.040,401.435,0.746423
133.050,399.202,0.616750
133.060,398.228,0.498995
133.070,199.718,0.497691
133.080,198.962,0.631563
133.090,198.664,0.547591
133.100,276.147,0.171986
133.110,277.016,0.358959
133.120,284.990,0.483056
133.130,285.350,0.829957
133.140,285.083,0.897917
133.150,285.109,0.909343
133.160,285.115,0.860422
133.170,286.945,0.909659
133.180,287.643,0.900925
133.190,288.042,0.916413
133.200,288.854,0.927622
133.210,291.072,0.944371
133.220,293.043,0.932843
133.230,294.434,0.972692
133.240,295.684,0.950307
133.250,298.933,0.900613
133.260,302.360,0.898991
133.270,302.848,0.873065
133.280,301.396,0.799883
133.290,302.130,0.541826
133.300,331.676,0.468373
133.310,304.243,0.306978
133.320,307.556,0.473788
133.330,312.651,0.502415
133.340,323.830,0.573349
133.350,330.933,0.789369
133.360,334.288,0.893612
133.370,336.773,0.903294
133.380,336.141,0.911867
133.390,335.302,0.942190
133.400,334.124,0.937492
133.410,333.734,0.940970
133.420,333.354,0.944797
133.430,332.877,0.936624
133.440,332.522,0.936752
133.450,332.400,0.944971
133.460,332.070,0.953929
133.470,332.128,0.929199
133.480,331.619,0.956707
133.490,330.910,0.941484
133.500,327.160,0.719992
133.510,312.574,0.540672
133.520,302.532,0.602867
133.530,297.892,0.573400
133.540,296.364,0.261946
133.550,301.600,0.172279
133.560,199.393,0.182117
133.570,199.111,0.424823
133.580,200.837,0.545253
133.590,199.771,0.560583
133.600,200.643,0.342783
133.610,199.386,0.344092
133.620,341.612,0.323417
133.630,348.612,0.679392
133.640,352.154,0.772489
133.650,358.037,0.836664
133.660,362.397,0.875031
133.670,362.989,0.889104
133.680,362.177,0.889278
133.690,359.961,0.881331
133.700,358.022,0.919773
133.710,357.249,0.915384
133.720,356.455,0.879340
133.730,356.120,0.870712
133.740,355.890,0.869715
133.750,355.047,0.876475
133.760,353.486,0.842915
133.770,350.805,0.827525
133.780,348.496,0.681734
133.790,344.909,0.481218
133.800,346.656,0.634309
133.810,346.800,0.789568
133.820,346.654,0.844616
133.830,346.176,0.846855
133.840,349.158,0.689554
133.850,353.760,0.729897
133.860,353.327,0.714269
133.870,350.851,0.794439
133.880,349.245,0.904557
133.890,346.876,0.931090
133.900,343.917,0.901068
133.910,340.117,0.882474
133.920,337.644,0.903157
133.930,334.459,0.917159
133.940,330.289,0.922935
133.950,326.363,0.927226
133.960,322.223,0.856043
133.970,316.542,0.916789
133.980,313.939,0.869448
133.990,311.906,0.747914
134.000,308.906,0.673554
134.010,307.299,0.433495
134.020,301.758,0.319295
134.030,300.547,0.715194
134.040,296.442,0.832951
134.050,294.519,0.914655
134.060,295.903,0.896065
134.070,298.068,0.903367
134.080,298.309,0.923720
134.090,297.296,0.918629
134.100,295.870,0.926912
134.110,294.665,0.949099
134.120,295.397,0.940171
134.130,296.934,0.909883
134.140,298.194,0.936743
134.150,299.431,0.933853
134.160,299.360,0.921481
134.170,297.689,0.887742
134.180,295.651,0.949807
134.190,294.667,0.962981
134.200,291.183,0.880493
134.210,285.863,0.878924
134.220,281.253,0.900455
134.230,276.074,0.902817
134.240,271.429,0.923280
134.250,267.135,0.900517
134.260,262.534,0.928805
134.270,261.477,0.901311
134.280,262.093,0.890887
134.290,263.905,0.851107
134.300,264.742,0.889898
134.310,266.163,0.932627
134.320,268.351,0.924189
134.330,271.242,0.878734
134.340,274.994,0.848726
134.350,276.704,0.843218
134.360,275.671,0.845547
134.370,274.663,0.843781
134.380,274.874,0.781852
134.390,277.325,0.604405
134.400,277.064,0.498191
134.410,273.811,0.390693
134.420,273.193,0.249831
134.430,273.328,0.416130
134.440,277.061,0.457824
134.450,275.939,0.683011
134.460,274.889,0.837864
134.470,273.552,0.712633
134.480,268.644,0.471778
134.490,245.749,0.262678
134.500,274.774,0.272906
134.510,271.446,0.446699
134.520,272.698,0.591415
134.530,272.661,0.524157
134.540,269.086,0.512116
134.550,265.984,0.702936
134.560,266.607,0.579169
134.570,266.755,0.852472
134.580,265.840,0.846571
134.590,269.790,0.560824
134.600,280.955,0.417130
134.610,281.749,0.489040
134.620,283.308,0.559185
134.630,289.893,0.559034
134.640,293.437,0.634888
134.650,294.461,0.662469
134.660,293.710,0.485550
134.670,292.044,0.442691
134.680,293.163,0.397124
134.690,267.508,0.520485
134.700,268.146,0.511386
134.710,269.520,0.706765
134.720,269.795,0.501081
134.730,269.072,0.321642
134.740,322.935,0.113959
134.750,223.861,0.205258
134.760,295.568,0.035281
134.770,290.968,0.351499
134.780,290.524,0.309512
134.790,271.254,0.329280
134.800,269.896,0.519166
134.810,271.653,0.367723
134.820,269.745,0.402453
134.830,266.778,0.508860
134.840,266.610,0.449853
134.850,267.366,0.256975
134.860,269.019,0.261484
134.870,269.751,0.062228
134.880,271.228,0.254104
134.890,270.577,0.617289
134.900,271.777,0.725924
134.910,273.550,0.551476
134.920,293.388,0.284004
134.930,225.867,0.140395
134.940,519.834,0.129954
134.950,530.517,0.179360
134.960,270.921,0.271798
134.970,677.351,0.092269
134.980,671.310,0.014566
134.990,32.212,0.009913
135.000,1485.242,0.003404
135.010,1484.625,0.009299
135.020,33.029,0.009732
135.030,32.234,0.054885
135.040,32.466,0.016689
135.050,42.935,0.028021
135.060,42.843,0.021322
135.070,33.389,0.014816
135.080,163.651,0.007568
135.090,529.394,0.043670
135.100,531.523,0.050993
135.110,531.893,0.060335
135.120,530.479,0.082472
135.130,528.474,0.046862
135.140,265.666,0.199261
135.150,265.641,0.209219
135.160,528.914,0.560607
135.170,526.960,0.762077
135.180,528.896,0.749823
135.190,531.481,0.724840
135.200,533.782,0.667103
135.210,534.282,0.514582
135.220,535.373,0.319470
135.230,533.984,0.036371
135.240,1745.607,0.055302
135.250,659.116,0.074400
135.260,334.080,0.332972
135.270,332.429,0.405989
135.280,332.815,0.191355
135.290,334.985,0.244722
135.300,332.885,0.246301
135.310,333.273,0.349702
135.320,333.142,0.356342
135.330,666.876,0.327819
135.340,666.690,0.293586
135.350,667.225,0.250906
135.360,430.473,0.192052
135.370,201.536,0.363253
135.380,206.722,0.692147
135.390,207.765,0.666281
135.400,209.363,0.616004
135.410,213.403,0.327881
135.420,415.270,0.252797
135.430,242.495,0.214092
135.440,243.528,0.320638
135.450,244.755,0.238411
135.460,669.361,0.379501
135.470,268.824,0.175744
135.480,245.953,0.373763
135.490,248.292,0.539739
135.500,250.302,0.598643
135.510,253.507,0.762009
135.520,252.318,0.556096
135.530,250.593,0.599748
135.540,251.522,0.525550
135.550,254.037,0.779870
135.560,255.109,0.714628
135.570,396.146,0.323547
135.580,400.849,0.628122
135.590,402.772,0.681106
135.600,405.655,0.828198
135.610,408.576,0.827462
135.620,412.916,0.786239
135.630,419.890,0.733599
135.640,430.550,0.776954
135.650,432.453,0.623998
135.660,424.524,0.598397
135.670,417.610,0.610748
135.680,411.605,0.783652
135.690,408.294,0.795629
135.700,407.288,0.865229
135.710,406.361,0.881501
135.720,403.869,0.874657
135.730,402.175,0.869908
135.740,401.260,0.719313
135.750,398.360,0.358078
135.760,252.854,0.400870
135.770,252.784,0.517104
135.780,251.134,0.686554
135.790,253.457,0.628604
135.800,257.447,0.359521
135.810,259.912,0.352915
135.820,393.506,0.823280
135.830,390.874,0.835134
135.840,387.175,0.860800
135.850,384.360,0.796203
135.860,376.968,0.747593
135.870,369.504,0.757087
135.880,363.806,0.862832
135.890,361.001,0.845527
135.900,355.542,0.709056
135.910,351.015,0.727316
135.920,345.781,0.823158
135.930,342.538,0.840508
135.940,342.313,0.886144
135.950,341.251,0.864529
135.960,337.995,0.840953
135.970,339.292,0.829622
135.980,339.306,0.844983
135.990,339.870,0.903566
136.000,341.243,0.887559
136.010,343.703,0.868485
136.020,345.937,0.884049
136.030,346.346,0.918248
136.040,345.184,0.882720
136.050,340.230,0.840439
136.060,335.505,0.863980
136.070,330.653,0.786661
136.080,321.490,0.588439
136.090,305.721,0.645554
136.100,299.027,0.899836
136.110,293.825,0.912074
136.120,291.930,0.935340
136.130,292.344,0.917301
136.140,294.410,0.935953
136.150,296.570,0.896926
136.160,298.802,0.939011
136.170,301.622,0.959279
136.180,303.890,0.959535
136.190,305.700,0.977130
136.200,306.851,0.955011
136.210,307.064,0.932783
136.220,307.660,0.787580
136.230,309.438,0.417833
136.240,334.279,0.381229
136.250,335.520,0.535403
136.260,334.422,0.592324
136.270,335.709,0.701005
136.280,332.366,0.415237
136.290,329.258,0.349108
136.300,333.222,0.425819
136.310,267.210,0.254246
136.320,310.810,0.460587
136.330,310.389,0.648347
136.340,313.474,0.755330
136.350,317.288,0.826423
136.360,321.629,0.820042
136.370,325.382,0.876185
136.380,325.238,0.895903
136.390,324.076,0.917539
136.400,322.707,0.934289
136.410,321.661,0.920202
136.420,321.203,0.912905
136.430,319.948,0.942713
136.440,319.356,0.940376
136.450,319.064,0.926705
136.460,318.887,0.856384
136.470,317.477,0.659159
136.480,317.882,0.419821
136.490,299.516,0.331145
136.500,297.990,0.440875
136.510,296.515,0.618191
136.520,297.937,0.658249
136.530,297.156,0.505643
136.540,353.305,0.384844
136.550,357.555,0.381495
136.560,360.112,0.544818
136.570,361.227,0.736427
136.580,358.795,0.896189
136.590,356.534,0.891498
136.600,352.832,0.905182
136.610,350.474,0.951655
136.620,350.229,0.965725
136.630,351.529,0.955130
136.640,352.983,0.942926
136.650,353.018,0.948856
136.660,352.823,0.946624
136.670,352.125,0.945976
136.680,352.486,0.942579
136.690,353.065,0.954068
136.700,353.433,0.946376
136.710,353.549,0.915477
136.720,354.860,0.906174
136.730,359.531,0.845460
136.740,370.309,0.750811
136.750,379.126,0.758745
136.760,383.602,0.826594
136.770,387.845,0.855262
136.780,392.898,0.917583
136.790,396.831,0.909600
136.800,398.011,0.923323
136.810,397.667,0.918978
136.820,396.789,0.920518
136.830,395.554,0.903175
136.840,393.034,0.916366
136.850,387.861,0.888146
136.860,380.907,0.885723
136.870,375.303,0.914452
136.880,368.604,0.900127
136.890,363.750,0.942584
136.900,361.454,0.957473
136.910,361.233,0.955929
136.920,361.412,0.958747
136.930,360.353,0.924107
136.940,358.169,0.931750
136.950,355.337,0.881173
136.960,350.276,0.826297
136.970,347.871,0.612193
136.980,347.082,0.477109
136.990,400.834,0.157317
137.000,394.727,0.360877
137.010,394.424,0.445755
137.020,398.845,0.331324
137.030,399.858,0.384397
137.040,358.842,0.483131
137.050,355.774,0.527510
137.060,355.945,0.723870
137.070,354.520,0.912921
137.080,354.379,0.948252
137.090,354.086,0.949479
137.100,354.047,0.931122
137.110,353.802,0.940829
137.120,353.577,0.952767
137.130,354.213,0.961018
137.140,354.464,0.957640
137.150,355.263,0.957798
137.160,355.035,0.964003
137.170,354.918,0.967598
137.180,354.550,0.966312
137.190,354.075,0.941924
137.200,351.935,0.900938
137.210,348.935,0.841922
137.220,346.309,0.368562
137.230,344.933,0.503261
137.240,342.084,0.459378
137.250,340.336,0.533732
137.260,339.094,0.519771
137.270,338.944,0.324765
137.280,346.024,0.606653
137.290,344.297,0.719769
137.300,345.623,0.691321
137.310,342.343,0.812093
137.320,340.738,0.791315
137.330,338.576,0.920812
137.340,335.523,0.926171
137.350,332.701,0.911330
137.360,331.231,0.954192
137.370,329.974,0.949863
137.380,328.887,0.931379
137.390,329.274,0.950415
137.400,330.112,0.962481
137.410,330.148,0.964567
137.420,329.427,0.944183
137.430,327.503,0.885400
137.440,321.437,0.711446
137.450,316.419,0.626084
137.460,310.681,0.524927
137.470,317.807,0.210546
137.480,397.842,0.129550
137.490,200.540,0.156645
137.500,396.766,0.424001
137.510,402.235,0.548651
137.520,396.721,0.651522
137.530,396.542,0.362843
137.540,359.055,0.686477
137.550,363.011,0.756653
137.560,365.264,0.818295
137.570,365.611,0.789601
137.580,363.656,0.819980
137.590,357.827,0.863887
137.600,351.126,0.863503
137.610,343.335,0.850982
137.620,336.992,0.912740
137.630,333.813,0.945353
137.640,331.805,0.938344
137.650,330.672,0.961703
137.660,329.772,0.957833
137.670,329.211,0.939699
137.680,328.016,0.949586
137.690,326.232,0.940617
137.700,322.722,0.825804
137.710,315.330,0.726089
137.720,310.815,0.903331
137.730,310.879,0.919556
137.740,312.398,0.883266
137.750,314.330,0.798488
137.760,318.018,0.811116
137.770,318.665,0.886093
137.780,319.993,0.927123
137.790,321.132,0.904560
137.800,322.201,0.931560
137.810,322.019,0.927420
137.820,320.175,0.918228
137.830,316.497,0.924618
137.840,312.361,0.925318
137.850,307.565,0.906721
137.860,302.693,0.903409
137.870,298.086,0.905778
137.880,295.130,0.950045
137.890,293.542,0.943173
137.900,293.359,0.929524
137.910,293.379,0.892438
137.920,293.952,0.822579
137.930,294.583,0.725502
137.940,294.143,0.539338
137.950,291.784,0.128612
137.960,294.479,0.111015
137.970,298.595,0.649850
137.980,298.876,0.786698
137.990,297.709,0.812587
138.000,296.966,0.747092
138.010,298.048,0.894142
138.020,299.554,0.897810
138.030,299.831,0.907439
138.040,300.209,0.912797
138.050,299.653,0.923338
138.060,297.720,0.940360
138.070,295.229,0.936076
138.080,291.690,0.824420
138.090,284.396,0.715291
138.100,275.106,0.839616
138.110,268.821,0.702976
138.120,258.219,0.889056
138.130,256.028,0.962179
138.140,255.479,0.958946
138.150,256.140,0.964742
138.160,257.210,0.903985
138.170,260.136,0.806940
138.180,263.866,0.744845
138.190,264.566,0.775628
138.200,264.678,0.892612
138.210,265.444,0.932188
138.220,264.825,0.902439
138.230,264.336,0.885977
138.240,265.428,0.918604
138.250,264.915,0.875598
138.260,263.087,0.884373
138.270,261.345,0.882860
138.280,260.078,0.883081
138.290,260.107,0.821275
138.300,260.939,0.662457
138.310,263.805,0.445951
138.320,294.446,0.259754
138.330,291.265,0.390945
138.340,291.667,0.626315
138.350,295.166,0.660962
138.360,299.195,0.392991
138.370,219.581,0.170555
138.380,222.494,0.577740
138.390,220.814,0.502048
138.400,270.635,0.331799
138.410,252.176,0.351043
138.420,241.788,0.277434
138.430,223.881,0.081698
138.440,1118.272,0.020717
138.450,1236.578,0.009075
138.460,1832.275,0.027124
138.470,271.952,0.107389
138.480,270.451,0.346902
138.490,269.460,0.319582
138.500,268.861,0.464038
138.510,268.840,0.557957
138.520,344.289,0.170509
138.530,301.462,0.325720
138.540,292.153,0.484329
138.550,287.422,0.545728
138.560,288.456,0.619050
138.570,289.808,0.582261
138.580,292.890,0.601996
138.590,294.310,0.675656
138.600,296.143,0.589891
138.610,284.844,0.364241
138.620,273.127,0.334480
138.630,267.837,0.463362
138.640,270.508,0.598015
138.650,270.275,0.699717
138.660,269.346,0.734559
138.670,269.039,0.576960
138.680,267.077,0.181875
138.690,296.658,0.287971
138.700,291.862,0.736924
138.710,291.695,0.681302
138.720,291.830,0.440543
138.730,291.196,0.545044
138.740,291.272,0.304057
138.750,292.147,0.415894
138.760,294.408,0.330604
138.770,332.048,0.217548
138.780,334.789,0.292671
138.790,335.658,0.201943
138.800,336.677,0.343581
138.810,32.985,0.135826
138.820,335.150,0.206702
138.830,335.359,0.383145
138.840,335.304,0.443567
138.850,336.755,0.273398
138.860,511.448,0.097965
138.870,512.217,0.129077
138.880,1573.385,0.065001
138.890,136.124,0.116069
138.900,223.567,0.059892
138.910,156.403,0.061874
138.920,33.104,0.095278
138.930,140.416,0.010345
138.940,553.827,0.166041
138.950,555.100,0.121998
138.960,544.184,0.037555
138.970,1983.142,0.022434
138.980,535.679,0.034245
138.990,1982.744,0.041237
139.000,269.044,0.036745
139.010,331.362,0.386521
139.020,349.649,0.475767
139.030,357.898,0.363328
139.040,367.175,0.193678
139.050,392.974,0.237010
139.060,233.096,0.220838
139.070,242.173,0.338099
139.080,249.221,0.352911
139.090,275.087,0.297886
139.100,300.326,0.612142
139.110,308.013,0.682788
139.120,314.030,0.705882
139.130,319.064,0.564005
139.140,326.803,0.604140
139.150,326.947,0.631643
139.160,325.346,0.555846
139.170,322.555,0.579234
139.180,322.796,0.655743
139.190,319.551,0.751980
139.200,315.703,0.806177
139.210,310.931,0.848026
139.220,308.608,0.924380
139.230,307.345,0.931975
139.240,305.466,0.958790
139.250,304.062,0.946856
139.260,304.665,0.953157
139.270,305.145,0.948330
139.280,305.441,0.947183
139.290,304.791,0.929930
139.300,303.541,0.914741
139.310,303.327,0.935376
139.320,304.146,0.973408
139.330,304.198,0.971849
139.340,303.766,0.957559
139.350,302.215,0.960913
139.360,300.609,0.939259
139.370,301.125,0.961175
139.380,302.977,0.959887
139.390,304.377,0.977505
139.400,304.391,0.975041
139.410,302.516,0.917449
139.420,298.873,0.831173
139.430,294.883,0.633814
139.440,250.974,0.363950
139.450,247.715,0.500894
139.460,250.686,0.636176
139.470,251.185,0.541929
139.480,253.585,0.548239
139.490,251.690,0.431359
139.500,251.323,0.371788
139.510,244.161,0.159038
139.520,274.126,0.329331
139.530,277.936,0.568143
139.540,278.410,0.634194
139.550,280.624,0.770331
139.560,283.573,0.834201
139.570,286.987,0.890781
139.580,289.898,0.860337
139.590,288.973,0.759786
139.600,282.160,0.706566
139.610,274.320,0.813054
139.620,267.650,0.860152
139.630,261.867,0.859901
139.640,256.979,0.876545
139.650,254.785,0.879024
139.660,252.544,0.770333
139.670,249.927,0.345940
139.680,245.455,0.197342
139.690,241.066,0.590042
139.700,243.532,0.638250
139.710,245.073,0.751711
139.720,246.420,0.693444
139.730,246.677,0.488580
139.740,252.824,0.376982
139.750,262.058,0.444766
139.760,256.613,0.385584
139.770,250.309,0.535125
139.780,254.860,0.498649
139.790,255.335,0.434281
139.800,251.969,0.719119
139.810,253.058,0.779219
139.820,253.791,0.785295
139.830,254.253,0.806974
139.840,251.472,0.732224
139.850,252.129,0.746016
139.860,248.873,0.753556
139.870,249.261,0.693379
139.880,244.828,0.526494
139.890,235.928,0.403585
139.900,230.272,0.747861
139.910,227.980,0.791696
139.920,223.503,0.483615
139.930,220.840,0.819229
139.940,221.567,0.866131
139.950,222.543,0.897825
139.960,223.258,0.928811
139.970,223.695,0.924170
139.980,223.259,0.920064
139.990,222.403,0.899528
140.000,222.476,0.865131
140.010,223.817,0.813731
140.020,224.287,0.711849
140.030,222.572,0.631789
140.040,221.436,0.401486
140.050,222.773,0.223998
140.060,224.276,0.251502
140.070,224.508,0.260820
140.080,74.905,0.279773
140.090,75.319,0.381218
140.100,75.623,0.219777
140.110,76.712,0.234054
140.120,302.844,0.157926
140.130,132.239,0.106142
140.140,530.597,0.297936
140.150,324.843,0.196556
140.160,345.544,0.355012
140.170,1669.784,0.031304
140.180,33.533,0.154670
140.190,33.646,0.312324
140.200,33.355,0.046804
140.210,270.580,0.167109
140.220,303.014,0.226822
140.230,273.492,0.295385
140.240,302.003,0.261512
140.250,298.347,0.344769
140.260,349.645,0.268040
140.270,379.879,0.310682
140.280,186.990,0.260535
140.290,203.611,0.281868
140.300,204.748,0.529851
140.310,211.394,0.396591
140.320,226.133,0.505759
140.330,247.913,0.566976
140.340,252.157,0.739537
140.350,255.687,0.557301
140.360,252.684,0.384315
140.370,134.691,0.196847
140.380,269.994,0.258633
140.390,268.690,0.120337
140.400,32.638,0.042797
140.410,1160.745,0.053838
140.420,51.296,0.197225
140.430,50.054,0.601135
140.440,295.861,0.558697
140.450,297.883,0.620768
140.460,303.397,0.448616
140.470,303.619,0.320540
140.480,301.353,0.610292
140.490,303.516,0.816172
140.500,305.343,0.908817
140.510,305.949,0.932820
140.520,306.369,0.904617
140.530,305.387,0.926358
140.540,303.095,0.940159
140.550,301.271,0.968515
140.560,300.841,0.961530
140.570,301.295,0.967572
140.580,302.430,0.959466
140.590,305.107,0.969059
140.600,308.710,0.962484
140.610,311.348,0.961183
140.620,311.821,0.960153
140.630,310.687,0.893952
140.640,308.389,0.814563
140.650,306.897,0.470999
140.660,267.120,0.321254
140.670,264.004,0.404540
140.680,256.308,0.616688
140.690,250.883,0.772494
140.700,250.656,0.610744
140.710,251.287,0.692720
140.720,254.075,0.827374
140.730,257.393,0.914550
140.740,260.285,0.891602
140.750,267.442,0.689859
140.760,281.817,0.710998
140.770,294.559,0.458026
140.780,313.225,0.545122
140.790,329.523,0.865425
140.800,332.674,0.937854
140.810,335.469,0.888645
140.820,336.902,0.615011
140.830,336.378,0.640324
140.840,333.699,0.370654
140.850,328.915,0.316937
140.860,326.013,0.247975
140.870,323.466,0.105926
140.880,937.141,0.120847
140.890,939.905,0.067505
140.900,1973.795,0.036986
140.910,202.400,0.038911
140.920,202.545,0.178682
140.930,399.445,0.222833
140.940,398.759,0.222046
140.950,393.449,0.468222
140.960,360.082,0.404276
140.970,362.246,0.782681
140.980,362.422,0.920588
140.990,362.660,0.961288
141.000,361.421,0.952072
141.010,360.737,0.911367
141.020,362.025,0.926475
141.030,362.952,0.922143
141.040,360.747,0.909722
141.050,357.918,0.956006
141.060,355.624,0.954717
141.070,354.678,0.969623
141.080,353.936,0.966878
141.090,354.282,0.963096
141.100,355.264,0.962880
141.110,355.419,0.954559
141.120,356.010,0.932626
141.130,355.848,0.898870
141.140,352.254,0.845049
141.150,346.441,0.823837
141.160,342.055,0.760332
141.170,338.485,0.818985
141.180,339.804,0.702503
141.190,341.622,0.582409
141.200,340.149,0.562597
141.210,335.596,0.487092
141.220,340.934,0.562297
141.230,336.865,0.693936
141.240,336.690,0.790635
141.250,336.567,0.896051
141.260,335.529,0.949734
141.270,334.073,0.946011
141.280,333.503,0.936329
141.290,333.762,0.938928
141.300,335.219,0.933715
141.310,337.248,0.923023
141.320,338.834,0.913208
141.330,341.461,0.919411
141.340,343.621,0.928816
141.350,343.681,0.917350
141.360,341.880,0.889282
141.370,337.357,0.741288
141.380,333.454,0.537873
141.390,313.754,0.458467
141.400,304.139,0.573421
141.410,300.684,0.452722
141.420,298.656,0.372317
141.430,198.060,0.352308
141.440,198.551,0.525626
141.450,199.107,0.200231
141.460,340.837,0.488525
141.470,354.053,0.539998
141.480,364.300,0.698391
141.490,371.707,0.793749
141.500,375.568,0.870444
141.510,377.230,0.927422
141.520,378.339,0.883742
141.530,377.152,0.871070
141.540,371.908,0.793327
141.550,361.225,0.725175
141.560,354.313,0.917514
141.570,349.045,0.909548
141.580,345.000,0.915655
141.590,341.461,0.923898
141.600,339.280,0.926841
141.610,339.220,0.933443
141.620,339.418,0.938868
141.630,339.701,0.903461
141.640,338.532,0.847170
141.650,338.143,0.812360
141.660,334.395,0.671236
141.670,329.121,0.484803
141.680,327.862,0.402442
141.690,331.699,0.458390
141.700,336.648,0.744625
141.710,343.408,0.622559
141.720,349.617,0.502769
141.730,352.996,0.684391
141.740,351.452,0.803705
141.750,349.404,0.859239
141.760,347.800,0.900062
141.770,343.777,0.878979
141.780,337.708,0.773588
141.790,330.273,0.705058
141.800,321.000,0.685261
141.810,316.043,0.915630
141.820,311.917,0.941085
141.830,308.003,0.932677
141.840,304.427,0.887732
141.850,300.931,0.857082
141.860,299.408,0.754547
141.870,300.077,0.758277
141.880,305.387,0.748411
141.890,304.673,0.636108
141.900,304.837,0.794999
141.910,303.523,0.772133
141.920,302.271,0.898564
141.930,300.136,0.834160
141.940,298.339,0.844511
141.950,297.309,0.867779
141.960,295.671,0.874423
141.970,295.442,0.872282
141.980,295.290,0.920215
141.990,295.100,0.934508
142.000,295.994,0.920991
142.010,297.143,0.891627
142.020,298.251,0.924210
142.030,299.111,0.924831
142.040,299.129,0.932584
142.050,299.204,0.931437
142.060,300.500,0.912596
142.070,299.930,0.876914
142.080,295.549,0.701491
142.090,286.910,0.715445
142.100,280.622,0.657310
142.110,274.973,0.487427
142.120,255.241,0.332923
142.130,252.562,0.827383
142.140,252.510,0.773058
142.150,253.999,0.874346
142.160,255.695,0.913440
142.170,258.079,0.886891
142.180,261.316,0.844605
142.190,263.790,0.771104
142.200,266.760,0.742935
142.210,268.282,0.752150
142.220,268.863,0.612977
142.230,538.993,0.658118
142.240,535.407,0.610056
142.250,303.767,0.400796
142.260,292.588,0.511327
142.270,294.393,0.462860
142.280,400.913,0.430556
142.290,403.836,0.429149
142.300,403.761,0.468726
142.310,405.644,0.500097
142.320,404.700,0.193774
142.330,229.735,0.288934
142.340,229.451,0.191973
142.350,255.860,0.247140
142.360,257.371,0.379137
142.370,450.593,0.238140
142.380,447.390,0.422834
142.390,448.027,0.352685
142.400,444.878,0.177861
142.410,110.950,0.194003
142.420,109.577,0.242822
142.430,109.021,0.303272
142.440,326.614,0.263945
142.450,329.870,0.285430
142.460,331.022,0.591002
142.470,330.571,0.664859
142.480,329.590,0.544515
142.490,329.855,0.483013
142.500,298.573,0.586566
142.510,297.335,0.576261
142.520,299.067,0.544596
142.530,297.595,0.462422
142.540,334.424,0.321070
142.550,337.003,0.173386
142.560,337.703,0.236530
142.570,339.187,0.448849
142.580,342.048,0.613616
142.590,343.117,0.798338
142.600,342.503,0.607323
142.610,338.186,0.460911
142.620,335.049,0.442597
142.630,291.931,0.343041
142.640,289.884,0.378508
142.650,266.069,0.132793
142.660,132.975,0.218541
142.670,132.962,0.435514
142.680,133.087,0.435926
142.690,133.759,0.400481
142.700,269.710,0.278454
142.710,225.756,0.302594
142.720,133.756,0.242459
142.730,134.675,0.326908
142.740,272.461,0.191397
142.750,296.876,0.262394
142.760,297.107,0.197855
142.770,269.391,0.295129
142.780,267.477,0.499684
142.790,265.512,0.460910
142.800,335.561,0.434703
142.810,335.922,0.520461
142.820,335.855,0.543489
142.830,335.619,0.555706
142.840,338.177,0.305554
142.850,136.847,0.106905
142.860,43.905,0.168829
142.870,44.307,0.238702
142.880,132.718,0.266501
142.890,33.218,0.185143
142.900,32.965,0.388102
142.910,333.512,0.091489
142.920,330.938,0.461918
142.930,331.063,0.453978
142.940,670.533,0.323573
142.950,336.308,0.133150
142.960,446.631,0.217103
142.970,446.376,0.152972
142.980,448.567,0.060606
142.990,456.678,0.214227
143.000,456.948,0.338310
143.010,457.059,0.340811
143.020,448.790,0.163162
143.030,446.338,0.051445
143.040,449.282,0.253351
143.050,452.471,0.188350
143.060,454.459,0.169772
143.070,455.706,0.194317
143.080,33.710,0.555317
143.090,33.103,0.136883
143.100,467.287,0.169021
143.110,469.325,0.175739
143.120,526.570,0.315790
143.130,526.168,0.519951
143.140,529.341,0.397553
143.150,527.898,0.514127
143.160,233.536,0.152272
143.170,228.701,0.413657
143.180,226.054,0.420625
143.190,224.473,0.314380
143.200,224.179,0.313834
143.210,335.285,0.200520
143.220,34.154,0.307760
143.230,665.764,0.041088
143.240,668.268,0.111995
143.250,666.400,0.472713
143.260,268.481,0.405864
143.270,268.666,0.321590
143.280,224.505,0.412688
143.290,224.685,0.615117
143.300,224.373,0.801886
143.310,224.279,0.774320
143.320,224.046,0.642311
143.330,225.607,0.233012
143.340,673.429,0.254644
143.350,138.584,0.173289
143.360,253.694,0.640099
143.370,253.920,0.710373
143.380,251.405,0.785379
143.390,249.538,0.848545
143.400,248.754,0.803532
143.410,247.769,0.666599
143.420,245.582,0.498003
143.430,250.430,0.366856
143.440,386.648,0.329371
143.450,389.732,0.603840
143.460,401.215,0.568078
143.470,411.087,0.669665
143.480,412.564,0.598515
143.490,414.354,0.575327
143.500,438.591,0.381060
143.510,446.959,0.512026
143.520,457.453,0.694282
143.530,459.379,0.755613
143.540,454.992,0.744117
143.550,448.287,0.753720
143.560,442.910,0.741253
143.570,439.012,0.535416
143.580,434.567,0.158451
143.590,250.758,0.409382
143.600,251.120,0.436089
143.610,250.902,0.537869
143.620,250.423,0.579506
143.630,249.795,0.797999
143.640,250.526,0.831831
143.650,254.164,0.824605
143.660,255.722,0.762011
143.670,256.643,0.624833
143.680,257.254,0.551115
143.690,256.553,0.450360
143.700,397.807,0.735757
143.710,391.139,0.727966
143.720,384.219,0.770504
143.730,380.173,0.907298
143.740,379.730,0.908894
143.750,378.495,0.875773
143.760,378.751,0.846251
143.770,380.000,0.870454
143.780,380.682,0.862145
143.790,381.767,0.884917
143.800,382.896,0.855013
143.810,384.122,0.805790
143.820,384.648,0.773964
143.830,384.870,0.813308
143.840,383.380,0.873092
143.850,382.258,0.883912
143.860,384.517,0.909973
143.870,384.879,0.900755
143.880,385.810,0.856678
143.890,388.221,0.876591
143.900,392.351,0.804948
143.910,399.137,0.801677
143.920,403.253,0.902945
143.930,405.298,0.880653
143.940,407.337,0.891612
143.950,408.459,0.874314
143.960,410.147,0.775420
143.970,407.521,0.730875
143.980,404.970,0.627714
143.990,401.129,0.799051
144.000,398.874,0.883505
144.010,397.343,0.867859
144.020,396.547,0.874810
144.030,392.618,0.874093
144.040,392.303,0.887482
144.050,392.307,0.913446
144.060,393.392,0.925032
144.070,394.671,0.923227
144.080,396.202,0.885962
144.090,397.725,0.858245
144.100,396.089,0.794465
144.110,392.854,0.748106
144.120,388.522,0.828127
144.130,382.987,0.832052
144.140,373.104,0.767841
144.150,363.255,0.877774
144.160,355.888,0.914837
144.170,349.085,0.874139
144.180,344.545,0.898777
144.190,343.290,0.933504
144.200,344.302,0.917400
144.210,345.907,0.941728
144.220,346.368,0.947549
144.230,344.800,0.903111
144.240,340.467,0.852109
144.250,336.411,0.865741
144.260,333.074,0.838602
144.270,325.392,0.635318
144.280,313.327,0.547361
144.290,302.702,0.877420
144.300,298.590,0.823259
144.310,292.133,0.672050
144.320,287.245,0.827519
144.330,286.705,0.840454
144.340,287.623,0.596162
144.350,301.625,0.777213
144.360,303.508,0.866987
144.370,303.918,0.803598
144.380,306.176,0.818676
144.390,307.080,0.775588
144.400,308.517,0.784840
144.410,310.042,0.867839
144.420,306.410,0.714378
144.430,302.733,0.813728
144.440,300.387,0.825796
144.450,298.846,0.772077
144.460,297.884,0.642559
144.470,298.887,0.420903
144.480,301.351,0.450854
144.490,301.014,0.676108
144.500,300.129,0.791503
144.510,300.593,0.595527
144.520,298.666,0.538536
144.530,298.383,0.589552
144.540,299.565,0.673513
144.550,299.941,0.705930
144.560,298.567,0.722312
144.570,299.667,0.513387
144.580,251.519,0.355740
144.590,499.712,0.195560
144.600,500.663,0.438710
144.610,501.882,0.288465
144.620,299.614,0.415552
144.630,299.999,0.315882
144.640,301.437,0.334475
144.650,301.851,0.585798
144.660,301.582,0.417149
144.670,500.682,0.504929
144.680,498.105,0.703067
144.690,498.037,0.723244
144.700,499.729,0.720918
144.710,499.987,0.610789
144.720,502.220,0.514744
144.730,250.878,0.433157
144.740,250.259,0.436878
144.750,501.888,0.289393
144.760,501.420,0.299168
144.770,301.545,0.265520
144.780,302.159,0.374672
144.790,302.571,0.270503
144.800,302.395,0.236933
144.810,1494.482,0.200120
144.820,1488.097,0.116023
144.830,1466.686,0.041532
144.840,884.127,0.023806
144.850,407.181,0.161750
144.860,403.212,0.137845
144.870,400.585,0.124080
144.880,401.307,0.210189
144.890,401.206,0.167317
144.900,400.246,0.219578
144.910,398.246,0.250166
144.920,341.567,0.345874
144.930,341.421,0.585348
144.940,344.606,0.787650
144.950,348.515,0.845253
144.960,352.673,0.883444
144.970,357.446,0.904091
144.980,360.912,0.805809
144.990,363.352,0.819276
145.000,362.261,0.896556
145.010,361.524,0.924941
145.020,359.882,0.914758
145.030,358.675,0.957118
145.040,356.292,0.933902
145.050,353.142,0.940976
145.060,350.088,0.934101
145.070,348.826,0.883102
145.080,347.903,0.808666
145.090,342.699,0.608220
145.100,339.778,0.730254
145.110,342.837,0.699774
145.120,345.867,0.744915
145.130,352.718,0.784109
145.140,353.891,0.855663
145.150,351.072,0.864726
145.160,347.259,0.878778
145.170,347.094,0.900943
145.180,349.938,0.788448
145.190,348.565,0.689497
145.200,346.805,0.774232
145.210,343.291,0.887178
145.220,341.275,0.933443
145.230,340.441,0.909182
145.240,339.887,0.922379
145.250,339.003,0.937915
145.260,339.515,0.929895
145.270,339.440,0.905468
145.280,337.457,0.925124
145.290,336.381,0.891361
145.300,334.143,0.828901
145.310,331.135,0.689776
145.320,323.360,0.452889
145.330,324.056,0.492744
145.340,146.591,0.115112
145.350,295.539,0.087902
145.360,297.229,0.206959
145.370,298.437,0.374702
145.380,303.393,0.480297
145.390,307.111,0.383177
145.400,327.670,0.667690
145.410,332.088,0.735629
145.420,335.297,0.785880
145.430,339.286,0.808890
145.440,344.084,0.817286
145.450,349.337,0.886484
145.460,351.664,0.928400
145.470,351.642,0.937426
145.480,350.991,0.937309
145.490,350.022,0.931541
145.500,349.325,0.911111
145.510,348.678,0.903548
145.520,347.715,0.877089
145.530,347.295,0.922532
145.540,347.058,0.936572
145.550,346.886,0.942708
145.560,346.088,0.947217
145.570,344.791,0.905348
145.580,340.759,0.692198
145.590,335.390,0.645107
145.600,334.480,0.740336
145.610,337.508,0.852550
145.620,339.863,0.910365
145.630,340.809,0.905773
145.640,341.912,0.928896
145.650,344.527,0.867546
145.660,345.994,0.923928
145.670,345.222,0.906002
145.680,343.153,0.923197
145.690,338.846,0.870143
145.700,331.902,0.758723
145.710,326.619,0.744447
145.720,319.924,0.775805
145.730,315.065,0.877700
145.740,312.080,0.932220
145.750,310.379,0.903389
145.760,308.649,0.949689
145.770,307.289,0.953176
145.780,306.393,0.920855
145.790,306.370,0.868477
145.800,306.741,0.766484
145.810,307.585,0.690793
145.820,308.658,0.405462
145.830,307.422,0.090235
145.840,306.762,0.221287
145.850,306.184,0.604164
145.860,306.406,0.577165
145.870,306.023,0.795527
145.880,304.845,0.885785
145.890,305.027,0.914919
145.900,304.872,0.958593
145.910,304.256,0.949801
145.920,304.421,0.898717
145.930,301.673,0.750112
145.940,298.509,0.785363
145.950,298.305,0.890307
145.960,295.691,0.833526
145.970,288.489,0.659149
145.980,281.100,0.677077
145.990,269.427,0.738277
146.000,264.005,0.794148
146.010,260.654,0.814826
146.020,259.726,0.824119
146.030,260.713,0.700378
146.040,262.254,0.648198
146.050,131.998,0.675390
146.060,132.705,0.657311
146.070,270.706,0.365299
146.080,134.091,0.644935
146.090,134.876,0.768642
146.100,134.738,0.831305
146.110,134.007,0.858137
146.120,133.234,0.762079
146.130,132.557,0.880753
146.140,132.169,0.677891
146.150,266.431,0.206608
146.160,295.867,0.397837
146.170,297.762,0.481011
146.180,300.538,0.636550
146.190,297.770,0.722418
146.200,297.414,0.705206
146.210,296.891,0.493235
146.220,398.595,0.466316
146.230,400.066,0.551416
146.240,396.669,0.408718
146.250,429.516,0.378721
146.260,440.045,0.490688
146.270,447.017,0.547167
146.280,451.584,0.409112
146.290,303.172,0.287666
146.300,464.116,0.272555
146.310,310.793,0.141572
146.320,330.449,0.274991
146.330,333.220,0.692469
146.340,332.648,0.741383
146.350,332.312,0.597511
146.360,331.762,0.322428
146.370,330.421,0.265782
146.380,331.039,0.478588
146.390,330.908,0.624533
146.400,332.153,0.686303
146.410,331.353,0.479274
146.420,302.977,0.435269
146.430,299.319,0.432159
146.440,296.718,0.626148
146.450,295.563,0.478486
146.460,295.642,0.305671
146.470,295.484,0.163284
146.480,262.892,0.309926
146.490,264.919,0.425381
146.500,263.956,0.742629
146.510,263.441,0.743434
146.520,264.320,0.515061
146.530,269.519,0.532695
146.540,276.725,0.449830
146.550,296.516,0.403291
146.560,291.240,0.624026
146.570,290.491,0.458378
146.580,266.855,0.712731
146.590,266.838,0.751967
146.600,268.321,0.784170
146.610,266.838,0.701849
146.620,267.936,0.635734
146.630,269.765,0.208037
146.640,37.225,0.163126
146.650,33.017,0.386113
146.660,333.084,0.730841
146.670,332.379,0.455549
146.680,273.801,0.346856
146.690,272.239,0.422073
146.700,270.672,0.652132
146.710,271.110,0.682100
146.720,270.599,0.802626
146.730,269.783,0.841499
146.740,266.570,0.855539
146.750,265.705,0.845912
146.760,264.300,0.584521
146.770,254.791,0.328116
146.780,267.656,0.138602
146.790,227.558,0.041875
146.800,546.228,0.021441
146.810,547.547,0.086929
146.820,542.683,0.112155
146.830,537.501,0.125857
146.840,1601.284,0.092448
146.850,1052.435,0.038473
146.860,347.712,0.032976
146.870,329.100,0.055201
146.880,224.222,0.176205
146.890,301.577,0.154684
146.900,242.426,0.201533
146.910,261.537,0.221486
146.920,329.373,0.188162
146.930,302.305,0.243208
146.940,347.741,0.272434
146.950,259.455,0.484202
146.960,263.228,0.423185
146.970,275.245,0.337915
146.980,297.337,0.489371
146.990,306.004,0.753488
147.000,312.292,0.832352
147.010,312.910,0.839323
147.020,310.629,0.650852
147.030,304.982,0.425838
147.040,327.243,0.456070
147.050,326.077,0.539868
147.060,324.630,0.658452
147.070,322.046,0.641848
147.080,320.849,0.654731
147.090,314.763,0.762284
147.100,312.547,0.949603
147.110,312.159,0.955343
147.120,311.420,0.929480
147.130,310.899,0.898896
147.140,310.453,0.873665
147.150,309.464,0.909213
147.160,307.281,0.870507
147.170,305.862,0.900870
147.180,305.081,0.935342
147.190,304.468,0.951648
147.200,304.302,0.955786
147.210,304.976,0.965072
147.220,306.744,0.924699
147.230,308.000,0.951905
147.240,307.539,0.941704
147.250,305.233,0.951352
147.260,301.947,0.942787
147.270,298.588,0.920184
147.280,295.063,0.799384
147.290,290.891,0.543547
147.300,273.791,0.287843
147.310,252.422,0.312594
147.320,251.026,0.258974
147.330,250.105,0.208436
147.340,250.829,0.317905
147.350,251.884,0.254175
147.360,251.242,0.155628
147.370,298.336,0.353343
147.380,296.706,0.511178
147.390,296.967,0.650795
147.400,295.544,0.732601
147.410,293.269,0.756632
147.420,291.888,0.767123
147.430,290.944,0.611062
147.440,249.795,0.406688
147.450,279.245,0.339049
147.460,273.186,0.626138
147.470,270.724,0.792080
147.480,267.810,0.755411
147.490,264.260,0.503662
147.500,258.367,0.543951
147.510,254.852,0.752017
147.520,251.322,0.743481
147.530,248.387,0.694253
147.540,246.002,0.628174
147.550,243.443,0.652045
147.560,242.239,0.378643
147.570,233.234,0.446513
147.580,250.058,0.365010
147.590,237.589,0.271224
147.600,231.706,0.367142
147.610,230.830,0.353687
147.620,257.854,0.392204
147.630,260.000,0.462120
147.640,227.254,0.270773
147.650,227.011,0.412556
147.660,225.606,0.510322
147.670,225.423,0.456971
147.680,451.301,0.450111
147.690,228.658,0.449869
147.700,229.646,0.451306
147.710,463.578,0.403505
147.720,233.428,0.432430
147.730,230.846,0.558732
147.740,228.507,0.642060
147.750,229.490,0.372972
147.760,231.705,0.309345
147.770,231.059,0.445990
147.780,228.842,0.693358
147.790,229.690,0.566432
147.800,230.827,0.477022
147.810,245.511,0.177054
147.820,234.309,0.245013
147.830,228.984,0.287550
147.840,913.833,0.151517
147.850,247.085,0.153591
147.860,242.912,0.269332
147.870,234.577,0.150676
147.880,227.574,0.096564
147.890,291.213,0.249761
147.900,268.434,0.276873
147.910,270.970,0.640263
147.920,270.413,0.780506
147.930,269.034,0.536423
147.940,267.162,0.101761
147.950,44.332,0.093029
147.960,44.032,0.502573
147.970,44.064,0.325263
147.980,44.023,0.364525
147.990,265.017,0.142943
148.000,260.234,0.367124
148.010,257.762,0.226439
148.020,64.404,0.113221
148.030,33.343,0.026270
148.040,177.249,0.020544
148.050,387.504,0.064341
148.060,268.287,0.141885
148.070,333.790,0.164376
148.080,265.697,0.101424
148.090,98.634,0.077245
148.100,98.592,0.262710
148.110,98.487,0.155963
148.120,198.008,0.134222
148.130,201.224,0.072066
148.140,210.492,0.032787
148.150,126.955,0.061138
148.160,126.885,0.263869
148.170,127.474,0.252163
148.180,124.435,0.077020
148.190,251.557,0.218649
148.200,257.718,0.561793
148.210,261.100,0.502184
148.220,131.486,0.421821
148.230,258.726,0.263112
148.240,250.220,0.447360
148.250,251.556,0.577023
148.260,251.314,0.512960
148.270,250.996,0.440580
148.280,253.541,0.235115
148.290,1186.383,0.150479
148.300,1186.069,0.118872
148.310,255.695,0.207480
148.320,252.980,0.475352
148.330,256.054,0.225438
148.340,303.949,0.360270
148.350,303.928,0.553208
148.360,307.848,0.576339
148.370,312.337,0.691155
148.380,312.156,0.806798
148.390,309.635,0.869875
148.400,306.685,0.900340
148.410,306.042,0.948709
148.420,304.802,0.916808
148.430,303.502,0.897637
148.440,301.683,0.935160
148.450,300.300,0.908543
148.460,299.079,0.933721
148.470,298.401,0.939036
148.480,298.483,0.936768
148.490,300.183,0.910709
148.500,302.212,0.950575
148.510,304.237,0.964109
148.520,306.446,0.953808
148.530,306.566,0.951241
148.540,304.061,0.922376
148.550,299.790,0.797270
148.560,282.701,0.599290
148.570,274.440,0.842789
148.580,269.482,0.917642
148.590,265.709,0.820831
148.600,262.888,0.804568
148.610,263.142,0.866401
148.620,263.516,0.833175
148.630,263.280,0.878915
148.640,264.254,0.885395
148.650,266.022,0.837669
148.660,267.839,0.916644
148.670,267.687,0.916916
148.680,267.031,0.900576
148.690,264.068,0.835413
148.700,261.627,0.916256
148.710,261.351,0.908597
148.720,262.991,0.883245
148.730,264.706,0.905661
148.740,266.560,0.862029
148.750,269.401,0.823623
148.760,269.851,0.622774
148.770,538.133,0.408550
148.780,535.490,0.266939
148.790,266.413,0.667034
148.800,264.642,0.678335
148.810,259.843,0.779441
148.820,256.274,0.895847
148.830,253.422,0.912160
148.840,248.932,0.861851
148.850,246.204,0.909885
148.860,245.900,0.935024
148.870,246.384,0.906887
148.880,247.325,0.898711
148.890,248.934,0.886411
148.900,250.695,0.906962
148.910,252.474,0.900106
148.920,252.971,0.912970
148.930,252.296,0.889630
148.940,251.545,0.899423
148.950,250.518,0.921147
148.960,249.288,0.901909
148.970,249.667,0.907226
148.980,251.790,0.859052
148.990,255.257,0.816614
149.000,259.761,0.663625
149.010,268.685,0.408920
149.020,296.832,0.303267
149.030,294.884,0.455225
149.040,295.823,0.580198
149.050,337.163,0.412618
149.060,335.947,0.412278
149.070,340.650,0.394661
149.080,1740.690,0.110825
149.090,288.784,0.424600
149.100,301.208,0.617350
149.110,295.291,0.624667
149.120,296.504,0.749337
149.130,297.681,0.801374
149.140,298.689,0.725227
149.150,299.189,0.472627
149.160,222.145,0.561627
149.170,220.364,0.737011
149.180,220.708,0.784996
149.190,221.816,0.758334
149.200,223.405,0.799652
149.210,225.366,0.806634
149.220,226.496,0.829385
149.230,228.179,0.825738
149.240,229.614,0.738963
149.250,232.065,0.486124
149.260,231.938,0.384545
149.270,197.017,0.076577
149.280,200.820,0.132818
149.290,202.322,0.583569
149.300,201.391,0.668464
149.310,199.155,0.748804
149.320,198.138,0.818439
149.330,198.436,0.780765
149.340,200.074,0.640804
149.350,203.633,0.266103
149.360,239.422,0.471730
149.370,248.853,0.647879
149.380,252.294,0.762119
149.390,255.229,0.847667
149.400,258.723,0.856290
149.410,261.438,0.892091
149.420,262.659,0.919640
149.430,264.030,0.850592
149.440,264.163,0.853223
149.450,261.425,0.903813
149.460,259.302,0.931113
149.470,258.379,0.934157
149.480,258.384,0.936533
149.490,258.872,0.941330
149.500,259.143,0.942106
149.510,259.023,0.950205
149.520,259.068,0.946788
149.530,258.630,0.923964
149.540,257.716,0.834234
149.550,254.963,0.743044
149.560,253.746,0.809754
149.570,256.313,0.880490
149.580,258.568,0.882177
149.590,261.197,0.865271
149.600,268.136,0.745574
149.610,270.863,0.894090
149.620,271.322,0.933826
149.630,269.321,0.868612
149.640,262.197,0.778095
149.650,258.272,0.834343
149.660,255.631,0.855485
149.670,251.536,0.848524
149.680,249.517,0.872633
149.690,248.389,0.887978
149.700,248.106,0.911881
149.710,247.902,0.903941
149.720,247.731,0.796966
149.730,244.789,0.581264
149.740,244.779,0.459508
149.750,246.061,0.347723
149.760,250.402,0.189319
149.770,252.803,0.179643
149.780,249.820,0.665678
149.790,247.311,0.630833
149.800,246.914,0.592131
149.810,245.900,0.704144
149.820,245.497,0.858154
149.830,243.942,0.886581
149.840,241.065,0.875570
149.850,240.266,0.872371
149.860,240.511,0.901032
149.870,241.718,0.933300
149.880,242.967,0.897965
149.890,243.681,0.811206
149.900,328.273,0.225164
149.910,330.231,0.363361
149.920,330.243,0.332223
149.930,328.576,0.234057
149.940,244.986,0.395729
149.950,244.503,0.607115
149.960,244.076,0.762186
149.970,243.972,0.775049
149.980,245.063,0.806008
149.990,247.790,0.807882
150.000,249.905,0.811801
150.010,250.819,0.886331
150.020,252.207,0.900543
150.030,254.521,0.926438
150.040,256.077,0.928554
150.050,257.841,0.884196
150.060,259.933,0.889397
150.070,261.918,0.853380
150.080,263.123,0.778988
150.090,263.429,0.836215
150.100,264.141,0.873024
150.110,263.552,0.906795
150.120,263.070,0.915273
150.130,262.722,0.932139
150.140,262.364,0.901625
150.150,261.723,0.919661
150.160,261.394,0.869681
150.170,260.496,0.857600
150.180,260.089,0.867738
150.190,259.777,0.836305
150.200,262.590,0.524449
150.210,266.100,0.414866
150.220,453.993,0.257499
150.230,462.735,0.187530
150.240,279.498,0.138905
150.250,283.125,0.185613
150.260,274.687,0.151332
150.270,269.778,0.335457
150.280,270.191,0.366717
150.290,273.014,0.247325
150.300,275.745,0.258942
150.310,315.819,0.456651
150.320,319.721,0.303537
150.330,269.193,0.382668
150.340,301.633,0.319822
150.350,300.164,0.458417
150.360,297.814,0.592207
150.370,295.851,0.723556
150.380,294.724,0.716672
150.390,295.593,0.473724
150.400,333.979,0.410187
150.410,300.102,0.336284
150.420,339.312,0.304233
150.430,338.632,0.247598
150.440,342.779,0.542838
150.450,342.595,0.711528
150.460,341.133,0.749252
150.470,338.671,0.635905
150.480,309.584,0.352004
150.490,305.597,0.326577
150.500,294.865,0.353015
150.510,269.093,0.553748
150.520,266.922,0.658219
150.530,265.713,0.446327
150.540,267.007,0.384756
150.550,268.257,0.487650
150.560,134.054,0.297968
150.570,134.484,0.237177
150.580,226.104,0.225718
150.590,225.374,0.531157
150.600,225.391,0.612509
150.610,224.750,0.430981
150.620,449.273,0.347943
150.630,449.247,0.395458
150.640,334.519,0.554587
150.650,333.465,0.396104
150.660,265.947,0.257741
150.670,334.476,0.376312
150.680,333.945,0.487846
150.690,335.166,0.554550
150.700,336.993,0.607928
150.710,336.458,0.540972
150.720,333.924,0.216916
150.730,456.003,0.028997
150.740,33.591,0.076694
150.750,44.244,0.091039
150.760,531.022,0.599455
150.770,531.131,0.756685
150.780,530.319,0.153479
150.790,1990.627,0.073733
150.800,1988.106,0.065315
150.810,133.099,0.060623
150.820,676.427,0.099835
150.830,531.467,0.074252
150.840,532.093,0.091119
150.850,532.530,0.041298
150.860,451.389,0.100918
150.870,448.437,0.417089
150.880,445.916,0.218873
150.890,446.410,0.067500
150.900,446.473,0.023402
150.910,330.590,0.083056
150.920,332.507,0.078001
150.930,334.287,0.112058
150.940,455.867,0.125937
150.950,453.211,0.283316
150.960,452.636,0.212333
150.970,176.204,0.259683
150.980,536.866,0.138612
150.990,534.171,0.109374
151.000,32.971,0.105671
151.010,32.994,0.078850
151.020,336.438,0.053180
151.030,1027.972,0.047491
151.040,264.721,0.152908
151.050,265.186,0.496671
151.060,229.289,0.211855
151.070,227.239,0.351310
151.080,241.043,0.528975
151.090,242.006,0.555609
151.100,243.359,0.361428
151.110,250.014,0.325441
151.120,253.338,0.391780
151.130,296.601,0.366106
151.140,302.524,0.617620
151.150,306.694,0.747944
151.160,310.092,0.720513
151.170,313.229,0.644622
151.180,317.267,0.563013
151.190,323.509,0.609709
151.200,329.970,0.719773
151.210,329.911,0.470441
151.220,1329.807,0.192900
151.230,1338.185,0.114211
151.240,247.181,0.400680
151.250,254.896,0.172765
151.260,1169.422,0.032449
151.270,1182.734,0.068474
151.280,249.060,0.591844
151.290,249.953,0.477579
151.300,251.345,0.206614
151.310,248.879,0.199868
151.320,383.273,0.373983
151.330,383.873,0.657563
151.340,384.376,0.801978
151.350,385.734,0.812229
151.360,386.558,0.741791
151.370,392.654,0.661156
151.380,400.524,0.678873
151.390,402.756,0.770011
151.400,403.225,0.793557
151.410,402.673,0.831810
151.420,402.134,0.809999
151.430,402.317,0.782156
151.440,403.505,0.810705
151.450,405.706,0.769804
151.460,407.045,0.761202
151.470,406.956,0.717915
151.480,406.619,0.646856
151.490,406.036,0.506886
151.500,403.107,0.323451
151.510,390.045,0.192019
151.520,125.775,0.245440
151.530,251.821,0.365141
151.540,252.646,0.434701
151.550,125.362,0.389976
151.560,254.274,0.264088
151.570,386.415,0.479015
151.580,380.036,0.722758
151.590,377.034,0.749207
151.600,373.935,0.778966
151.610,370.196,0.760599
151.620,360.744,0.691872
151.630,353.161,0.849648
151.640,350.058,0.894461
151.650,348.284,0.863528
151.660,347.483,0.903380
151.670,346.663,0.917481
151.680,345.501,0.874267
151.690,345.772,0.883317
151.700,345.135,0.838281
151.710,342.076,0.717980
151.720,338.749,0.629783
151.730,336.184,0.689616
151.740,336.470,0.819007
151.750,336.049,0.877970
151.760,337.567,0.933680
151.770,339.418,0.929781
151.780,340.717,0.899111
151.790,340.708,0.886049
151.800,339.989,0.874369
151.810,338.127,0.817568
151.820,330.398,0.648876
151.830,316.979,0.509113
151.840,304.768,0.675747
151.850,298.416,0.912404
151.860,295.156,0.939780
151.870,293.637,0.936310
151.880,293.265,0.933050
151.890,293.776,0.933423
151.900,295.723,0.899686
151.910,299.863,0.902233
151.920,302.532,0.950834
151.930,304.277,0.945496
151.940,307.138,0.933154
151.950,307.353,0.937065
151.960,303.063,0.911226
151.970,298.324,0.908793
151.980,292.756,0.756711
151.990,282.338,0.524450
152.000,270.664,0.733025
152.010,266.951,0.762493
152.020,265.451,0.610964
152.030,265.314,0.649990
152.040,266.230,0.430420
152.050,534.008,0.154796
152.060,305.313,0.379695
152.070,304.784,0.688328
152.080,306.027,0.744249
152.090,308.029,0.829886
152.100,312.368,0.749263
152.110,316.151,0.655893
152.120,323.246,0.728447
152.130,326.844,0.862832
152.140,327.884,0.840726
152.150,329.787,0.882933
152.160,331.071,0.874690
152.170,330.623,0.840527
152.180,329.599,0.825470
152.190,330.392,0.750779
152.200,329.906,0.668360
152.210,327.657,0.507969
152.220,327.393,0.682118
152.230,326.611,0.417743
152.240,303.162,0.475978
152.250,304.957,0.811214
152.260,306.841,0.888711
152.270,307.955,0.855008
152.280,305.778,0.710553
152.290,302.963,0.443335
152.300,302.827,0.312401
152.310,364.219,0.314066
152.320,361.376,0.520245
152.330,362.986,0.651580
152.340,360.227,0.729492
152.350,354.971,0.787042
152.360,354.747,0.852882
152.370,356.037,0.863806
152.380,359.269,0.878159
152.390,360.450,0.845890
152.400,359.715,0.820936
152.410,360.146,0.751153
152.420,360.465,0.718165
152.430,359.363,0.583242
152.440,358.007,0.252556
152.450,500.293,0.358809
152.460,365.733,0.368064
152.470,369.679,0.569527
152.480,375.698,0.599106
152.490,381.977,0.393777
152.500,299.690,0.311511
152.510,396.087,0.419088
152.520,399.414,0.578062
152.530,401.311,0.755652
152.540,401.624,0.772055
152.550,401.141,0.761857
152.560,399.578,0.757707
152.570,394.291,0.819688
152.580,385.977,0.826244
152.590,380.249,0.915494
152.600,375.526,0.906617
152.610,369.996,0.931531
152.620,367.130,0.940879
152.630,363.661,0.909865
152.640,359.168,0.909573
152.650,356.107,0.904859
152.660,354.341,0.924939
152.670,354.072,0.925315
152.680,355.455,0.867335
152.690,357.828,0.860568
152.700,358.171,0.822144
152.710,355.720,0.806532
152.720,353.939,0.762730
152.730,350.114,0.616776
152.740,347.105,0.187331
152.750,337.983,0.092255
152.760,345.232,0.082499
152.770,340.813,0.099245
152.780,351.299,0.326546
152.790,358.101,0.362920
152.800,359.482,0.758809
152.810,360.181,0.884571
152.820,360.704,0.891849
152.830,360.205,0.870089
152.840,359.985,0.801485
152.850,359.827,0.806284
152.860,359.219,0.848528
152.870,361.784,0.879277
152.880,363.028,0.919209
152.890,363.943,0.925588
152.900,362.296,0.925800
152.910,359.192,0.953593
152.920,355.831,0.954625
152.930,353.547,0.940330
152.940,351.538,0.900245
152.950,350.194,0.736444
152.960,404.547,0.208227
152.970,402.268,0.584033
152.980,402.181,0.389991
152.990,329.879,0.383926
153.000,399.607,0.534274
153.010,398.454,0.389891
153.020,342.686,0.391194
153.030,339.892,0.601725
153.040,336.338,0.738575
153.050,336.540,0.881367
153.060,336.515,0.909068
153.070,336.684,0.900556
153.080,336.608,0.883400
153.090,335.846,0.918729
153.100,336.492,0.916034
153.110,338.070,0.931075
153.120,339.851,0.917753
153.130,339.799,0.914179
153.140,339.782,0.927506
153.150,338.274,0.947950
153.160,336.288,0.913226
153.170,333.993,0.921697
153.180,331.091,0.865383
153.190,326.005,0.442046
153.200,301.498,0.652196
153.210,300.652,0.718728
153.220,302.706,0.587636
153.230,303.840,0.187155
153.240,300.708,0.217659
153.250,336.130,0.165916
153.260,350.323,0.311449
153.270,351.895,0.499359
153.280,356.028,0.713229
153.290,358.100,0.854647
153.300,358.967,0.899548
153.310,360.636,0.865782
153.320,359.176,0.905608
153.330,355.423,0.907749
153.340,349.591,0.892939
153.350,345.011,0.896610
153.360,340.988,0.900369
153.370,338.772,0.919047
153.380,337.695,0.928562
153.390,336.857,0.918418
153.400,335.633,0.921734
153.410,334.244,0.939013
153.420,333.039,0.917727
153.430,332.145,0.936180
153.440,331.189,0.948022
153.450,327.800,0.869775
153.460,326.892,0.907677
153.470,329.004,0.886166
153.480,330.844,0.931116
153.490,332.040,0.911636
153.500,331.333,0.925932
153.510,330.614,0.950383
153.520,329.912,0.948149
153.530,329.154,0.933794
153.540,328.572,0.936337
153.550,327.629,0.950035
153.560,325.883,0.921281
153.570,322.556,0.908919
153.580,319.222,0.865632
153.590,313.576,0.638044
153.600,307.919,0.830871
153.610,305.198,0.916280
153.620,302.693,0.946905
153.630,301.919,0.958618
153.640,302.292,0.955525
153.650,302.552,0.944036
153.660,303.783,0.933780
153.670,303.576,0.888662
153.680,303.163,0.832485
153.690,303.827,0.793771
153.700,304.734,0.627725
153.710,304.644,0.756530
153.720,304.401,0.862317
153.730,303.367,0.848009
153.740,301.188,0.863155
153.750,299.553,0.889386
153.760,299.253,0.927772
153.770,299.522,0.931838
153.780,299.647,0.935196
153.790,300.048,0.919409
153.800,299.596,0.895872
153.810,297.917,0.764953
153.820,293.644,0.727425
153.830,286.988,0.552545
153.840,281.918,0.663132
153.850,274.295,0.857980
153.860,268.473,0.862105
153.870,264.612,0.884027
153.880,262.273,0.879387
153.890,262.293,0.881726
153.900,263.412,0.770484
153.910,265.860,0.836101
153.920,268.792,0.835196
153.930,269.641,0.822701
153.940,269.365,0.750997
153.950,268.724,0.635362
153.960,133.083,0.579658
153.970,132.576,0.748900
153.980,132.473,0.832791
153.990,132.399,0.744834
154.000,132.659,0.766314
154.010,132.827,0.815446
154.020,133.315,0.652963
154.030,134.247,0.514128
154.040,272.814,0.439309
154.050,275.788,0.331458
154.060,284.966,0.372909
154.070,289.659,0.561553
154.080,290.506,0.705232
154.090,293.618,0.412348
154.100,296.004,0.525453
154.110,405.212,0.392828
154.120,424.403,0.575461
154.130,426.070,0.497854
154.140,441.814,0.627438
154.150,452.550,0.138640
154.160,66.397,0.200707
154.170,67.032,0.480768
154.180,66.744,0.390094
154.190,328.036,0.245708
154.200,55.313,0.243895
154.210,55.059,0.497290
154.220,330.631,0.527852
154.230,330.827,0.640519
154.240,331.979,0.684755
154.250,331.074,0.757773
154.260,330.600,0.722265
154.270,329.298,0.716974
154.280,310.546,0.382297
154.290,299.897,0.520384
154.300,298.426,0.640314
154.310,297.611,0.726694
154.320,297.253,0.652009
154.330,296.724,0.302536
154.340,296.134,0.169632
154.350,295.766,0.162727
154.360,295.322,0.265058
154.370,266.740,0.246617
154.380,446.021,0.532617
154.390,445.103,0.436934
154.400,302.072,0.263597
154.410,302.134,0.393727
154.420,296.890,0.370900
154.430,270.200,0.343594
154.440,270.063,0.415942
154.450,269.180,0.519777
154.460,267.052,0.616613
154.470,266.292,0.642577
154.480,265.698,0.660316
154.490,265.353,0.449417
154.500,265.405,0.513341
154.510,266.854,0.737642
154.520,268.091,0.900151
154.530,267.736,0.889016
154.540,267.123,0.854239
154.550,266.867,0.854339
154.560,268.961,0.882357
154.570,270.444,0.865070
154.580,268.868,0.835371
154.590,268.944,0.663552
154.600,272.104,0.553389
154.610,275.383,0.676611
154.620,275.332,0.814456
154.630,270.086,0.687163
154.640,264.056,0.352494
154.650,1320.856,0.038020
154.660,1325.739,0.055718
154.670,1329.215,0.009062
154.680,1450.952,0.015759
154.690,1085.029,0.018070
154.700,1075.616,0.016975
154.710,534.357,0.027654
154.720,534.188,0.041632
154.730,347.613,0.152207
154.740,323.841,0.238333
154.750,331.350,0.380496
154.760,324.356,0.266728
154.770,315.631,0.269044
154.780,302.623,0.234931
154.790,351.337,0.292656
154.800,262.871,0.220759
154.810,257.628,0.266947
154.820,264.123,0.498928
154.830,265.610,0.364552
154.840,305.593,0.473762
154.850,310.034,0.582048
154.860,317.224,0.449424
154.870,330.625,0.566923
154.880,332.211,0.661114
154.890,331.848,0.624651
154.900,323.567,0.703809
154.910,320.208,0.821667
154.920,321.605,0.869881
154.930,316.023,0.669419
154.940,301.373,0.413750
154.950,297.301,0.587409
154.960,293.861,0.757414
154.970,291.847,0.895029
154.980,292.120,0.904886
154.990,292.415,0.912711
155.000,293.620,0.933168
155.010,295.761,0.919851
155.020,298.784,0.903902
155.030,300.642,0.872106
155.040,302.552,0.893236
155.050,305.152,0.930600
155.060,307.137,0.935818
155.070,307.915,0.957076
155.080,306.121,0.935720
155.090,301.606,0.910446
155.100,297.486,0.948447
155.110,297.256,0.953751
155.120,297.472,0.956451
155.130,296.679,0.895784
155.140,293.009,0.754690
155.150,284.610,0.488442
155.160,271.846,0.451256
155.170,251.701,0.509314
155.180,247.135,0.618368
155.190,246.193,0.646651
155.200,246.495,0.361871
155.210,248.239,0.543373
155.220,251.297,0.460593
155.230,254.236,0.556784
155.240,256.448,0.566091
155.250,264.078,0.461658
155.260,270.134,0.631787
155.270,275.444,0.607352
155.280,281.249,0.738467
155.290,282.327,0.693776
155.300,282.730,0.731456
155.310,276.896,0.508513
155.320,266.927,0.563867
155.330,303.980,0.382426
155.340,254.368,0.589190
155.350,251.541,0.543756
155.360,250.582,0.729262
155.370,247.787,0.432989
155.380,296.679,0.315499
155.390,238.748,0.279456
155.400,233.199,0.195559
155.410,232.331,0.399259
155.420,235.102,0.332788
155.430,249.394,0.452129
155.440,253.195,0.354691
155.450,252.441,0.405573
155.460,248.675,0.488802
155.470,247.277,0.626972
155.480,245.368,0.634815
155.490,242.704,0.645885
155.500,242.332,0.527924
155.510,244.498,0.412681
155.520,246.757,0.371359
155.530,269.218,0.572872
155.540,255.686,0.503070
155.550,252.978,0.630268
155.560,248.953,0.748013
155.570,248.696,0.607146
155.580,246.545,0.496618
155.590,247.686,0.505403
155.600,247.733,0.406027
155.610,221.330,0.179547
155.620,275.112,0.164566
155.630,269.191,0.219176
155.640,243.659,0.135971
155.650,1843.326,0.023923
155.660,454.276,0.028296
155.670,1844.973,0.072976
155.680,1844.800,0.193895
155.690,1825.020,0.286662
155.700,812.344,0.056040
155.710,1825.567,0.084240
155.720,604.598,0.121247
155.730,247.901,0.081259
155.740,897.707,0.062331
155.750,893.632,0.070619
155.760,259.846,0.229861
155.770,266.899,0.427836
155.780,269.106,0.676982
155.790,270.031,0.788670
155.800,269.218,0.794510
155.810,265.417,0.702812
155.820,266.960,0.717587
155.830,268.523,0.710420
155.840,268.963,0.577153
155.850,268.749,0.538906
155.860,223.114,0.488607
155.870,222.458,0.493466
155.880,260.376,0.399394
155.890,263.113,0.155734
155.900,266.537,0.153056
155.910,1093.877,0.091969
155.920,355.161,0.236454
155.930,177.716,0.080896
155.940,40.415,0.090894
155.950,449.122,0.138189
155.960,33.213,0.152535
155.970,448.438,0.437548
155.980,449.937,0.152875
155.990,226.454,0.275124
156.000,337.206,0.250332
156.010,333.197,0.417371
156.020,336.964,0.521611
156.030,344.959,0.507600
156.040,353.833,0.340802
156.050,123.348,0.184519
156.060,62.752,0.074166
156.070,239.133,0.148139
156.080,236.414,0.369628
156.090,244.030,0.578036
156.100,245.939,0.713066
156.110,250.954,0.608171
156.120,255.338,0.764184
156.130,254.908,0.752119
156.140,254.239,0.611148
156.150,399.895,0.349357
156.160,199.761,0.314690
156.170,199.659,0.378419
156.180,200.058,0.517892
156.190,199.840,0.465647
156.200,200.418,0.464282
156.210,199.531,0.503192
156.220,199.053,0.398768
156.230,199.522,0.343861
156.240,298.945,0.425198
156.250,298.545,0.755884
156.260,299.671,0.859596
156.270,299.617,0.898777
156.280,299.684,0.892444
156.290,298.320,0.879607
156.300,293.983,0.885147
156.310,291.571,0.898926
156.320,292.364,0.910746
156.330,294.526,0.942366
156.340,297.424,0.920899
156.350,302.073,0.935148
156.360,308.164,0.935357
156.370,312.763,0.954229
156.380,313.992,0.896802
156.390,312.179,0.765013
156.400,302.760,0.520507
156.410,297.501,0.551326
156.420,271.309,0.364255
156.430,252.530,0.554994
156.440,252.444,0.734358
156.450,250.692,0.905452
156.460,252.219,0.808416
156.470,255.783,0.658010
156.480,263.127,0.661878
156.490,266.911,0.874742
156.500,270.345,0.892794
156.510,275.727,0.781884
156.520,289.909,0.575744
156.530,304.865,0.642025
156.540,322.477,0.550284
156.550,333.682,0.914383
156.560,336.950,0.933631
156.570,339.120,0.898405
156.580,345.012,0.586211
156.590,352.296,0.402323
156.600,338.847,0.266443
156.610,33.487,0.136272
156.620,832.985,0.016804
156.630,403.532,0.084812
156.640,403.678,0.394284
156.650,401.939,0.182270
156.660,402.115,0.404417
156.670,399.649,0.659304
156.680,399.460,0.643371
156.690,400.709,0.861553
156.700,391.613,0.476651
156.710,359.666,0.459804
156.720,360.150,0.812789
156.730,360.202,0.906946
156.740,359.057,0.955571
156.750,356.857,0.932973
156.760,354.869,0.935248
156.770,355.513,0.868370
156.780,357.095,0.810351
156.790,357.277,0.885364
156.800,355.253,0.960654
156.810,353.332,0.957689
156.820,351.437,0.960952
156.830,351.274,0.966530
156.840,352.526,0.940553
156.850,353.453,0.964596
156.860,353.603,0.962992
156.870,351.713,0.934891
156.880,347.439,0.857553
156.890,342.411,0.790950
156.900,338.119,0.793582
156.910,339.760,0.753022
156.920,338.624,0.776463
156.930,338.516,0.794406
156.940,337.871,0.881015
156.950,342.546,0.757577
156.960,344.367,0.795179
156.970,344.499,0.874177
156.980,343.182,0.943854
156.990,341.984,0.953352
157.000,340.554,0.931264
157.010,340.814,0.933270
157.020,341.101,0.926080
157.030,342.169,0.939286
157.040,342.415,0.945406
157.050,342.695,0.948332
157.060,341.989,0.945109
157.070,341.300,0.922067
157.080,340.145,0.856420
157.090,337.661,0.749307
157.100,333.882,0.651153
157.110,329.264,0.600129
157.120,324.636,0.359871
157.130,979.963,0.093996
157.140,1192.192,0.138193
157.150,401.693,0.140281
157.160,147.697,0.231717
157.170,148.174,0.157498
157.180,312.662,0.089828
157.190,337.777,0.381580
157.200,351.561,0.613912
157.210,353.195,0.800172
157.220,359.697,0.818857
157.230,364.926,0.804718
157.240,371.993,0.864831
157.250,376.944,0.911320
157.260,379.257,0.908492
157.270,379.377,0.867444
157.280,375.619,0.798946
157.290,368.676,0.752637
157.300,361.175,0.785549
157.310,354.577,0.930386
157.320,350.148,0.944039
157.330,346.798,0.930613
157.340,344.056,0.922409
157.350,341.611,0.938054
157.360,340.071,0.941358
157.370,339.240,0.930296
157.380,337.823,0.861272
157.390,337.463,0.731185
157.400,335.230,0.647020
157.410,334.258,0.686115
157.420,334.375,0.883264
157.430,334.634,0.917149
157.440,334.668,0.911474
157.450,335.804,0.881424
157.460,340.924,0.690511
157.470,342.880,0.832407
157.480,343.273,0.872125
157.490,341.290,0.900473
157.500,338.202,0.925250
157.510,336.295,0.888265
157.520,332.859,0.807555
157.530,326.840,0.831947
157.540,324.162,0.913178
157.550,321.945,0.884378
157.560,316.891,0.854518
157.570,312.566,0.945843
157.580,310.224,0.959017
157.590,309.487,0.941378
157.600,310.800,0.823215
157.610,312.130,0.764425
157.620,311.105,0.717954
157.630,309.246,0.741043
157.640,307.066,0.792991
157.650,307.676,0.785028
157.660,307.581,0.854349
157.670,305.006,0.897890
157.680,304.316,0.871691
157.690,302.707,0.874790
157.700,302.170,0.886897
157.710,302.671,0.919682
157.720,302.642,0.927024
157.730,302.034,0.953011
157.740,301.477,0.935086
157.750,301.759,0.939331
157.760,302.885,0.922061
157.770,304.805,0.913254
157.780,304.460,0.876309
157.790,302.903,0.811591
157.800,296.402,0.475293
157.810,285.118,0.606920
157.820,274.545,0.610234
157.830,267.938,0.725057
157.840,264.018,0.779678
157.850,261.425,0.716557
157.860,518.147,0.429803
157.870,516.664,0.743641
157.880,517.595,0.635765
157.890,259.631,0.680843
157.900,259.907,0.814771
157.910,260.852,0.758400
157.920,261.256,0.604174
157.930,261.386,0.648336
157.940,261.084,0.584627
157.950,260.882,0.618640
157.960,262.055,0.740406
157.970,262.809,0.684493
157.980,263.621,0.492255
157.990,297.023,0.205279
158.000,294.440,0.513567
158.010,402.453,0.435415
158.020,296.463,0.471995
158.030,399.570,0.610231
158.040,400.423,0.744574
158.050,403.511,0.690799
158.060,405.728,0.707957
158.070,411.114,0.590758
158.080,416.714,0.448278
158.090,488.771,0.235827
158.100,488.404,0.258148
158.110,329.921,0.098117
158.120,336.293,0.147330
158.130,66.412,0.181287
158.140,55.117,0.115556
158.150,333.869,0.219662
158.160,109.277,0.284515
158.170,328.830,0.198086
158.180,327.135,0.246936
158.190,330.419,0.201803
158.200,330.884,0.507621
158.210,330.570,0.740301
158.220,329.393,0.611446
158.230,330.520,0.591408
158.240,297.081,0.648137
158.250,295.446,0.680185
158.260,296.541,0.434584
158.270,334.126,0.539512
158.280,336.398,0.319016
158.290,225.858,0.184580
158.300,338.524,0.301076
158.310,338.769,0.602617
158.320,340.247,0.757637
158.330,340.690,0.741245
158.340,337.919,0.299305
158.350,303.619,0.324334
158.360,298.315,0.415234
158.370,295.489,0.518053
158.380,293.487,0.425430
158.390,297.379,0.254866
158.400,133.177,0.297988
158.410,133.417,0.394672
158.420,133.667,0.501080
158.430,133.815,0.298381
158.440,134.424,0.300650
158.450,674.529,0.157007
158.460,337.992,0.404432
158.470,337.883,0.811383
158.480,336.576,0.835461
158.490,334.425,0.736929
158.500,334.100,0.626145
158.510,334.951,0.272954
158.520,268.419,0.210945
158.530,338.123,0.214639
158.540,337.048,0.304812
158.550,266.957,0.217324
158.560,131.952,0.571555
158.570,131.852,0.551781
158.580,131.814,0.249805
158.590,264.054,0.379585
158.600,455.098,0.149361
158.610,452.641,0.284332
158.620,530.853,0.443705
158.630,529.558,0.575794
158.640,528.362,0.319735
158.650,524.636,0.145738
158.660,336.083,0.531510
158.670,337.725,0.480554
158.680,337.035,0.167208
158.690,668.540,0.267886
158.700,1322.192,0.073675
158.710,33.094,0.044445
158.720,34.032,0.577772
158.730,34.840,0.395164
158.740,34.742,0.404219
158.750,32.893,0.058943
158.760,525.495,0.226688
158.770,525.963,0.086047
158.780,1049.962,0.159489
158.790,269.397,0.061653
158.800,270.269,0.076376
158.810,268.892,0.126798
158.820,37.781,0.150334
158.830,38.054,0.323704
158.840,41.537,0.183530
158.850,47.973,0.173478
158.860,33.458,0.255525
158.870,33.252,0.099689
158.880,33.434,0.098269
158.890,1335.798,0.087436
158.900,266.634,0.091971
158.910,269.006,0.180999
158.920,270.841,0.311820
158.930,268.199,0.309978
158.940,269.294,0.218619
158.950,134.228,0.488124
158.960,405.403,0.248555
158.970,216.515,0.198178
158.980,218.219,0.578375
158.990,220.595,0.611872
159.000,225.908,0.631124
159.010,230.952,0.522531
159.020,236.316,0.591903
159.030,241.105,0.625441
159.040,242.708,0.504300
159.050,1333.671,0.296263
159.060,228.088,0.372752
159.070,227.724,0.411781
159.080,227.266,0.528669
159.090,229.500,0.097517
159.100,242.657,0.416135
159.110,248.655,0.680276
159.120,247.353,0.763412
159.130,249.146,0.839856
159.140,252.072,0.849197
159.150,253.875,0.859083
159.160,253.760,0.635880
159.170,256.720,0.346143
159.180,130.266,0.326401
159.190,396.114,0.456353
159.200,397.683,0.476165
159.210,408.205,0.406135
159.220,427.871,0.490294
159.230,433.972,0.658371
159.240,435.618,0.443786
159.250,434.064,0.520783
159.260,434.393,0.598037
159.270,432.607,0.701223
159.280,434.733,0.717804
159.290,434.131,0.738252
159.300,432.164,0.728278
159.310,429.874,0.621105
159.320,427.664,0.332719
159.330,425.071,0.324578
159.340,425.292,0.355014
159.350,251.192,0.252717
159.360,251.825,0.710074
159.370,252.744,0.803215
159.380,252.067,0.769020
159.390,251.975,0.832279
159.400,252.484,0.796497
159.410,252.040,0.785124
159.420,254.004,0.658800
159.430,254.226,0.492398
159.440,250.699,0.360308
159.450,382.012,0.601275
159.460,380.987,0.895466
159.470,378.112,0.884728
159.480,376.979,0.910030
159.490,376.332,0.896191
159.500,377.076,0.874578
159.510,377.790,0.838502
159.520,378.060,0.825205
159.530,378.166,0.698998
159.540,378.290,0.739365
159.550,378.282,0.846085
159.560,378.179,0.860541
159.570,378.659,0.836200
159.580,379.104,0.783089
159.590,382.629,0.809208
159.600,385.167,0.892892
159.610,387.130,0.899429
159.620,389.180,0.917460
159.630,391.223,0.896703
159.640,394.445,0.862402
159.650,401.407,0.863040
159.660,406.350,0.853242
159.670,407.780,0.873715
159.680,407.236,0.888510
159.690,406.505,0.908727
159.700,406.007,0.884309
159.710,405.673,0.876159
159.720,404.303,0.833308
159.730,399.066,0.800985
159.740,396.100,0.767306
159.750,395.758,0.836440
159.760,395.220,0.887580
159.770,394.893,0.904449
159.780,394.271,0.926494
159.790,393.257,0.928160
159.800,392.610,0.909631
159.810,392.458,0.886564
159.820,392.619,0.882257
159.830,392.213,0.823538
159.840,389.951,0.718397
159.850,385.289,0.786553
159.860,381.962,0.875075
159.870,379.282,0.911487
159.880,376.470,0.909731
159.890,371.304,0.891931
159.900,367.920,0.887366
159.910,364.706,0.917057
159.920,360.906,0.925774
159.930,356.737,0.940990
159.940,352.431,0.933728
159.950,347.948,0.896112
159.960,340.724,0.866685
159.970,333.773,0.886194
159.980,325.980,0.719755
159.990,319.227,0.830605
160.000,315.716,0.860401
160.010,309.710,0.698166
160.020,304.819,0.579494
160.030,302.253,0.672673
160.040,301.070,0.583273
160.050,299.024,0.435148
160.060,298.325,0.253050
160.070,277.573,0.173047
160.080,280.920,0.145665
160.090,294.935,0.252792
160.100,296.702,0.322883
160.110,298.959,0.485587
160.120,302.765,0.614166
160.130,303.780,0.692436
160.140,304.197,0.468439
160.150,49.731,0.263160
160.160,50.191,0.467412
160.170,50.036,0.518014
160.180,308.548,0.105901
160.190,294.509,0.133882
160.200,298.803,0.172602
160.210,250.101,0.563137
160.220,251.296,0.837495
160.230,252.210,0.734041
160.240,273.891,0.211477
160.250,298.114,0.767444
160.260,298.031,0.903112
160.270,299.137,0.863099
160.280,300.657,0.758231
160.290,300.520,0.623367
160.300,298.218,0.556779
160.310,300.967,0.681813
160.320,302.141,0.596548
160.330,303.300,0.347247
160.340,370.014,0.408376
160.350,370.081,0.543783
160.360,367.417,0.756968
160.370,366.433,0.829800
160.380,364.812,0.801834
160.390,364.870,0.782414
160.400,365.381,0.800033
160.410,365.622,0.810535
160.420,366.978,0.782155
160.430,367.515,0.813670
160.440,366.704,0.792072
160.450,367.543,0.716766
160.460,371.393,0.688525
160.470,374.864,0.603752
160.480,308.276,0.571851
160.490,308.707,0.499401
160.500,500.902,0.568319
160.510,499.832,0.858235
160.520,498.914,0.842027
160.530,498.184,0.539089
160.540,343.944,0.407019
160.550,346.179,0.731126
160.560,346.587,0.853034
160.570,346.047,0.873460
160.580,234.198,0.446600
160.590,236.034,0.411262
160.600,344.441,0.783295
160.610,344.608,0.846368
160.620,345.801,0.898110
160.630,347.051,0.899426
160.640,348.682,0.879633
160.650,350.947,0.902416
160.660,355.127,0.849664
160.670,359.442,0.829362
160.680,363.317,0.823275
160.690,363.444,0.892254
160.700,363.163,0.912492
160.710,362.115,0.905116
160.720,359.596,0.921451
160.730,358.462,0.945165
160.740,357.722,0.947171
160.750,357.587,0.952788
160.760,357.727,0.963824
160.770,357.618,0.962514
160.780,356.222,0.936725
160.790,356.160,0.937546
160.800,356.493,0.939613
160.810,357.377,0.947414
160.820,358.258,0.945661
160.830,358.264,0.932895
160.840,354.843,0.920136
160.850,352.190,0.907822
160.860,349.759,0.911084
160.870,345.012,0.857324
160.880,341.127,0.878964
160.890,335.820,0.924367
160.900,334.323,0.968386
160.910,333.722,0.964675
160.920,333.202,0.955730
160.930,331.263,0.976647
160.940,329.177,0.955851
160.950,329.246,0.939928
160.960,332.091,0.907143
160.970,336.937,0.863620
160.980,341.121,0.919978
160.990,343.127,0.960799
161.000,343.704,0.955760
161.010,341.733,0.930853
161.020,337.463,0.902121
161.030,336.046,0.837942
161.040,338.245,0.822630
161.050,337.510,0.734612
161.060,337.828,0.552654
161.070,331.678,0.246537
161.080,331.160,0.065335
161.090,302.621,0.117431
161.100,299.455,0.413561
161.110,307.317,0.378563
161.120,336.650,0.449603
161.130,340.690,0.731124
161.140,346.118,0.774876
161.150,350.294,0.773893
161.160,357.856,0.822898
161.170,361.338,0.845328
161.180,364.042,0.897058
161.190,363.251,0.869262
161.200,358.532,0.846420
161.210,352.966,0.863461
161.220,347.853,0.879789
161.230,343.492,0.921968
161.240,340.200,0.900701
161.250,336.879,0.923748
161.260,335.238,0.936314
161.270,332.741,0.926275
161.280,330.876,0.966472
161.290,329.747,0.962609
161.300,328.793,0.936998
161.310,326.500,0.910186
161.320,323.272,0.766265
161.330,318.317,0.751167
161.340,318.455,0.799646
161.350,320.475,0.753268
161.360,323.568,0.634888
161.370,332.507,0.788424
161.380,336.286,0.856006
161.390,336.141,0.914112
161.400,334.524,0.959641
161.410,333.479,0.939120
161.420,330.000,0.950780
161.430,326.506,0.882117
161.440,322.975,0.782402
161.450,314.970,0.695155
161.460,309.863,0.887451
161.470,306.570,0.925486
161.480,304.919,0.948850
161.490,303.523,0.923380
161.500,302.692,0.927987
161.510,301.948,0.938689
161.520,300.991,0.924758
161.530,300.160,0.866727
161.540,299.790,0.782691
161.550,300.651,0.704016
161.560,301.447,0.577659
161.570,300.665,0.086963
161.580,303.196,0.624887
161.590,303.407,0.817340
161.600,302.819,0.885399
161.610,301.616,0.907724
161.620,299.612,0.900353
161.630,298.013,0.939943
161.640,298.350,0.937690
161.650,299.638,0.922629
161.660,301.342,0.923521
161.670,301.640,0.780622
161.680,330.907,0.388414
161.690,334.749,0.668805
161.700,335.175,0.688360
161.710,335.623,0.734157
161.720,334.737,0.554012
161.730,264.912,0.663523
161.740,264.429,0.746400
161.750,265.002,0.804248
161.760,266.211,0.876254
161.770,266.625,0.858175
161.780,267.038,0.865014
161.790,267.306,0.892818
161.800,267.526,0.888683
161.810,267.004,0.873304
161.820,264.585,0.879587
161.830,260.396,0.866046
161.840,257.680,0.887335
161.850,257.253,0.898110
161.860,257.947,0.859848
161.870,259.403,0.879836
161.880,261.212,0.805288
161.890,263.916,0.630582
161.900,276.292,0.489234
161.910,289.255,0.565135
161.920,294.043,0.728857
161.930,292.712,0.724272
161.940,291.372,0.796673
161.950,292.152,0.690970
161.960,293.083,0.657409
161.970,294.482,0.420828
161.980,293.033,0.462635
161.990,404.945,0.333271
162.000,449.295,0.384716
162.010,457.055,0.349804
162.020,456.402,0.201342
162.030,453.545,0.221520
162.040,303.644,0.355397
162.050,307.062,0.606455
162.060,311.598,0.531388
162.070,330.084,0.460319
162.080,332.846,0.597370
162.090,332.400,0.358295
162.100,332.415,0.164575
162.110,73.349,0.130721
162.120,331.115,0.587899
162.130,331.595,0.656552
162.140,331.895,0.848408
162.150,332.247,0.714151
162.160,299.485,0.375518
162.170,298.720,0.348271
162.180,292.229,0.493780
162.190,292.893,0.739887
162.200,294.491,0.502768
162.210,295.959,0.445824
162.220,296.418,0.471365
162.230,295.674,0.287725
162.240,290.335,0.150494
162.250,443.511,0.241972
162.260,296.732,0.371113
162.270,297.454,0.564185
162.280,297.438,0.643291
162.290,294.872,0.699821
162.300,292.064,0.732174
162.310,290.411,0.623625
162.320,270.423,0.462352
162.330,266.788,0.613144
162.340,265.549,0.514183
162.350,265.267,0.339124
162.360,266.146,0.320226
162.370,266.231,0.542000
162.380,265.893,0.535374
162.390,267.498,0.713063
162.400,268.859,0.754334
162.410,269.333,0.791738
162.420,271.812,0.738856
162.430,273.167,0.682179
162.440,273.548,0.742093
162.450,272.550,0.802442
162.460,270.038,0.753724
162.470,269.680,0.832833
162.480,268.763,0.819770
162.490,268.953,0.781532
162.500,269.440,0.719375
162.510,267.151,0.406098
162.520,225.514,0.230975
162.530,1340.661,0.065768
162.540,34.454,0.100876
162.550,33.549,0.033015
162.560,223.102,0.019922
162.570,1105.885,0.021285
162.580,1087.646,0.048269
162.590,352.239,0.053748
162.600,351.989,0.036706
162.610,338.884,0.046855
162.620,338.789,0.031868
162.630,1051.855,0.024716
162.640,237.257,0.188019
162.650,238.897,0.471747
162.660,237.280,0.349301
162.670,277.091,0.299550
162.680,280.493,0.336269
162.690,58.486,0.138152
162.700,294.741,0.241031
162.710,291.020,0.259481
162.720,291.474,0.501822
162.730,294.838,0.783516
162.740,296.554,0.869427
162.750,297.462,0.900466
162.760,299.768,0.799487
162.770,305.399,0.715066
162.780,303.491,0.631562
162.790,299.272,0.623430
162.800,298.268,0.772175
162.810,298.987,0.850832
162.820,303.039,0.863317
162.830,306.760,0.814467
162.840,311.849,0.840227
162.850,313.930,0.881723
162.860,314.359,0.881766
162.870,314.235,0.891097
162.880,314.719,0.898671
162.890,315.381,0.917212
162.900,315.418,0.922893
162.910,315.323,0.905704
162.920,313.905,0.915597
162.930,312.790,0.945345
162.940,310.390,0.936215
162.950,307.475,0.948680
162.960,304.760,0.954255
162.970,303.891,0.934656
162.980,306.039,0.933977
162.990,308.867,0.952450
163.000,310.210,0.926305
163.010,309.009,0.923454
163.020,306.133,0.837136
163.030,302.300,0.699238
163.040,248.330,0.367234
163.050,251.955,0.780718
163.060,251.529,0.821861
163.070,250.590,0.774381
163.080,248.871,0.649270
163.090,248.512,0.612816
163.100,249.496,0.244016
163.110,249.895,0.194151
163.120,274.455,0.257814
163.130,277.100,0.258832
163.140,279.536,0.381356
163.150,282.355,0.589325
163.160,285.238,0.742003
163.170,288.250,0.836551
163.180,292.824,0.843852
163.190,294.968,0.948347
163.200,295.979,0.936208
163.210,294.636,0.885969
163.220,291.592,0.670829
163.230,284.432,0.480212
163.240,280.205,0.586466
163.250,278.341,0.563633
163.260,271.026,0.295780
163.270,267.878,0.716534
163.280,262.667,0.704089
163.290,259.740,0.829452
163.300,257.338,0.795631
163.310,252.927,0.828313
163.320,250.941,0.863329
163.330,250.618,0.883765
163.340,250.270,0.891503
163.350,250.660,0.832049
163.360,251.825,0.717429
163.370,253.392,0.540342
163.380,250.767,0.409262
163.390,241.922,0.486775
163.400,242.277,0.388114
163.410,242.116,0.498916
163.420,249.303,0.289232
163.430,49.983,0.242495
163.440,450.169,0.224376
163.450,447.302,0.348569
163.460,225.645,0.257192
163.470,450.622,0.518788
163.480,226.691,0.544376
163.490,227.852,0.699859
163.500,229.793,0.692941
163.510,231.166,0.610893
163.520,230.738,0.568873
163.530,234.561,0.400157
163.540,455.209,0.420326
163.550,451.591,0.562593
163.560,454.890,0.407912
163.570,250.648,0.282772
163.580,226.176,0.263639
163.590,223.819,0.408984
163.600,225.053,0.550229
163.610,227.069,0.540471
163.620,228.283,0.588482
163.630,228.141,0.629852
163.640,228.303,0.591071
163.650,227.912,0.395697
163.660,226.191,0.377574
163.670,225.271,0.427079
163.680,226.570,0.347720
163.690,262.161,0.238631
163.700,263.016,0.291973
163.710,266.523,0.320485
163.720,227.270,0.435490
163.730,241.994,0.221215
163.740,254.438,0.092171
163.750,253.440,0.407068
163.760,253.772,0.208102
163.770,240.891,0.065571
163.780,35.754,0.208942
163.790,36.110,0.403421
163.800,36.959,0.095085
163.810,37.190,0.050194
163.820,267.604,0.048256
163.830,193.108,0.079977
163.840,194.559,0.175012
163.850,194.220,0.128268
163.860,395.509,0.222226
163.870,394.415,0.193682
163.880,392.702,0.087838
163.890,326.330,0.155177
163.900,391.197,0.306643
163.910,64.989,0.171049
163.920,245.776,0.159959
163.930,126.155,0.198411
163.940,252.606,0.143510
163.950,249.010,0.176242
163.960,241.387,0.564067
163.970,245.421,0.743233
163.980,245.501,0.754976
163.990,247.932,0.693834
164.000,250.112,0.667538
164.010,249.732,0.635015
164.020,250.445,0.589257
164.030,250.482,0.673577
164.040,250.607,0.748488
164.050,251.267,0.814806
164.060,252.830,0.889722
164.070,251.680,0.796884
164.080,254.447,0.535069
164.090,253.987,0.402246
164.100,258.737,0.392396
164.110,255.540,0.275892
164.120,307.129,0.503908
164.130,302.744,0.751003
164.140,298.808,0.851712
164.150,296.769,0.877991
164.160,297.127,0.916083
164.170,299.347,0.916335
164.180,299.905,0.884222
164.190,297.499,0.867115
164.200,294.534,0.890085
164.210,293.403,0.914243
164.220,292.725,0.912269
164.230,292.671,0.916935
164.240,294.106,0.939601
164.250,296.860,0.901101
164.260,300.542,0.924181
164.270,303.043,0.943682
164.280,304.080,0.972754
164.290,304.759,0.975418
164.300,302.726,0.922671
164.310,297.245,0.760732
164.320,287.290,0.722750
164.330,278.610,0.775173
164.340,271.300,0.837490
164.350,261.648,0.814057
164.360,258.685,0.939198
164.370,258.295,0.955942
164.380,260.308,0.921525
164.390,263.797,0.911201
164.400,267.466,0.911470
164.410,270.886,0.932244
164.420,273.607,0.951027
164.430,274.988,0.956872
164.440,275.834,0.935076
164.450,275.077,0.943471
164.460,273.795,0.954890
164.470,272.840,0.957174
164.480,271.600,0.957151
164.490,269.488,0.938294
164.500,268.505,0.915113
164.510,268.598,0.717692
164.520,269.775,0.607478
164.530,268.134,0.710508
164.540,265.268,0.791723
164.550,260.806,0.805591
164.560,256.470,0.766510
164.570,247.560,0.743661
164.580,243.269,0.917304
164.590,240.812,0.921336
164.600,240.354,0.917640
164.610,240.836,0.878010
164.620,241.666,0.809428
164.630,243.950,0.733505
164.640,248.388,0.726365
164.650,251.096,0.846071
164.660,252.566,0.923912
164.670,253.723,0.953929
164.680,254.265,0.952416
164.690,253.984,0.949148
164.700,253.120,0.941916
164.710,252.785,0.927195
164.720,255.658,0.871422
164.730,260.450,0.812002
164.740,265.310,0.756725
164.750,334.651,0.370931
164.760,336.807,0.215264
164.770,84.742,0.172875
164.780,167.280,0.205915
164.790,166.011,0.384691
164.800,165.559,0.392933
164.810,287.607,0.518761
164.820,273.244,0.575746
164.830,255.592,0.604430
164.840,247.060,0.671490
164.850,234.552,0.677104
164.860,223.089,0.528023
164.870,211.891,0.750705
164.880,208.173,0.895149
164.890,207.786,0.865515
164.900,210.437,0.853503
164.910,214.325,0.880571
164.920,217.280,0.930821
164.930,219.835,0.908823
164.940,222.885,0.784970
164.950,232.404,0.690559
164.960,233.379,0.876471
164.970,231.817,0.798154
164.980,227.287,0.642169
164.990,222.570,0.468018
165.000,439.789,0.258192
165.010,148.384,0.394656
165.020,149.130,0.280237
165.030,199.032,0.272085
165.040,198.869,0.374592
165.050,200.217,0.291030
165.060,201.014,0.639267
165.070,200.399,0.667080
165.080,199.530,0.458213
165.090,243.299,0.483700
165.100,255.864,0.485816
165.110,267.393,0.594734
165.120,270.849,0.819422
165.130,272.564,0.926378
165.140,274.110,0.936895
165.150,273.794,0.901210
165.160,272.590,0.891469
165.170,270.828,0.864489
165.180,268.848,0.919938
165.190,265.876,0.934767
165.200,263.897,0.916405
165.210,263.216,0.949727
165.220,263.262,0.937725
165.230,263.264,0.936490
165.240,263.236,0.934314
165.250,263.028,0.932248
165.260,263.102,0.908684
165.270,261.975,0.836078
165.280,258.981,0.716984
165.290,256.909,0.836909
165.300,255.157,0.843819
165.310,256.958,0.877745
165.320,258.434,0.875745
165.330,258.080,0.878258
165.340,256.792,0.885225
165.350,254.177,0.850364
165.360,252.603,0.787786
165.370,247.764,0.796573
165.380,245.994,0.838673
165.390,245.980,0.863387
165.400,245.984,0.863211
165.410,247.920,0.837078
165.420,249.215,0.784497
165.430,250.401,0.884799
165.440,249.381,0.863581
165.450,250.398,0.819647
165.460,250.222,0.691681
165.470,246.503,0.610599
165.480,246.550,0.548379
165.490,243.722,0.197805
165.500,1186.748,0.010613
165.510,1974.859,0.008022
165.520,1975.337,0.009453
165.530,245.936,0.084109
165.540,247.438,0.187977
165.550,247.608,0.486775
165.560,247.206,0.756402
165.570,247.025,0.815467
165.580,246.386,0.835356
165.590,245.996,0.792400
165.600,495.661,0.395578
165.610,166.368,0.556628
165.620,166.754,0.633117
165.630,167.558,0.563384
165.640,503.299,0.377919
165.650,250.766,0.369211
165.660,249.936,0.480328
165.670,248.186,0.554684
165.680,247.568,0.802838
165.690,247.641,0.893247
165.700,248.430,0.883613
165.710,250.570,0.864805
165.720,253.763,0.874519
165.730,258.370,0.811355
165.740,263.106,0.821300
165.750,267.652,0.783531
165.760,270.297,0.833268
165.770,273.380,0.875949
165.780,274.787,0.923995
165.790,274.871,0.918741
165.800,274.393,0.899065
165.810,272.950,0.844762
165.820,270.217,0.810069
165.830,268.554,0.852390
165.840,267.473,0.857724
165.850,266.167,0.818880
165.860,266.398,0.743723
165.870,271.774,0.444455
165.880,274.547,0.643991
165.890,273.466,0.736716
165.900,271.813,0.787184
165.910,400.908,0.493603
165.920,400.254,0.678114
165.930,402.304,0.655114
165.940,407.625,0.311903
165.950,142.340,0.537160
165.960,142.011,0.272150
165.970,40.027,0.031201
165.980,263.008,0.186210
165.990,66.487,0.223824
166.000,268.134,0.396561
166.010,542.248,0.136494
166.020,544.398,0.178131
166.030,55.052,0.501651
166.040,54.931,0.321314
166.050,55.223,0.159014
166.060,111.752,0.096143
166.070,331.365,0.098387
166.080,163.840,0.140455
166.090,163.822,0.248527
166.100,293.813,0.275507
166.110,294.278,0.534588
166.120,294.791,0.573038
166.130,296.765,0.424538
166.140,334.301,0.195892
166.150,226.230,0.359558
166.160,226.671,0.226424
166.170,337.897,0.230224
166.180,339.046,0.478988
166.190,341.599,0.804928
166.200,343.037,0.835904
166.210,344.015,0.731913
166.220,280.665,0.502415
166.230,284.256,0.551528
166.240,268.785,0.263373
166.250,266.848,0.287925
166.260,266.838,0.302663
166.270,299.186,0.209668
166.280,133.250,0.478094
166.290,133.222,0.561148
166.300,133.642,0.618289
166.310,134.534,0.507755
166.320,134.739,0.326407
166.330,225.901,0.211700
166.340,676.299,0.282407
166.350,451.114,0.278330
166.360,447.987,0.399308
166.370,447.967,0.480377
166.380,448.163,0.324982
166.390,333.086,0.266047
166.400,265.319,0.393391
166.410,264.807,0.346845
166.420,333.803,0.688954
166.430,336.252,0.813517
166.440,336.527,0.779694
166.450,334.784,0.838783
166.460,331.702,0.625779
166.470,328.165,0.429904
166.480,65.531,0.091078
166.490,333.566,0.177708
166.500,334.113,0.353664
166.510,334.695,0.459579
166.520,334.068,0.114774
166.530,525.375,0.239635
166.540,671.566,0.210230
166.550,670.169,0.147716
166.560,1975.714,0.049180
166.570,136.043,0.032352
166.580,33.081,0.020823
166.590,33.132,0.052134
166.600,452.854,0.080846
166.610,451.600,0.306408
166.620,447.661,0.094559
166.630,445.360,0.051320
166.640,444.452,0.108173
166.650,445.597,0.157620
166.660,267.044,0.140732
166.670,530.531,0.126666
166.680,530.965,0.166451
166.690,344.798,0.259413
166.700,342.592,0.276375
166.710,341.851,0.173773
166.720,285.341,0.248660
166.730,269.255,0.441130
166.740,267.075,0.707096
166.750,266.840,0.864428
166.760,265.845,0.892983
166.770,265.090,0.793155
166.780,265.939,0.388171
166.790,268.296,0.141188
166.800,269.989,0.208089
166.810,300.447,0.139097
166.820,415.622,0.095278
166.830,196.974,0.125767
166.840,192.809,0.206421
166.850,204.619,0.359068
166.860,206.290,0.266891
166.870,229.396,0.387054
166.880,234.008,0.441145
166.890,229.542,0.449290
166.900,229.816,0.295303
166.910,234.498,0.268847
166.920,232.361,0.497549
166.930,226.681,0.611901
166.940,225.884,0.340269
166.950,226.085,0.120806
166.960,1973.217,0.024198
166.970,1973.444,0.017901
166.980,997.792,0.044589
166.990,248.848,0.249616
167.000,249.360,0.240317
167.010,249.706,0.405931
167.020,250.983,0.643943
167.030,255.314,0.704624
167.040,414.813,0.125819
167.050,427.759,0.410506
167.060,431.127,0.703810
167.070,435.551,0.774804
167.080,437.370,0.717754
167.090,442.298,0.663629
167.100,446.755,0.516054
167.110,449.638,0.580698
167.120,446.778,0.607951
167.130,443.517,0.804782
167.140,440.882,0.842763
167.150,441.195,0.830935
167.160,440.273,0.806638
167.170,438.970,0.794601
167.180,437.921,0.794121
167.190,435.323,0.768016
167.200,435.852,0.735287
167.210,436.492,0.694183
167.220,437.593,0.544272
167.230,443.193,0.284263
167.240,252.966,0.628572
167.250,251.046,0.761938
167.260,251.118,0.663276
167.270,126.874,0.434242
167.280,387.687,0.452405
167.290,387.852,0.672259
167.300,386.793,0.643484
167.310,386.481,0.841147
167.320,387.096,0.844058
167.330,387.240,0.760222
167.340,387.752,0.706518
167.350,386.162,0.625761
167.360,384.596,0.628508
167.370,384.198,0.695906
167.380,384.051,0.843852
167.390,384.193,0.891468
167.400,384.303,0.903858
167.410,384.815,0.903321
167.420,386.688,0.863811
167.430,388.916,0.789712
167.440,391.868,0.684387
167.450,395.058,0.545755
167.460,396.194,0.706872
167.470,395.320,0.757702
167.480,399.155,0.806245
167.490,400.815,0.902343
167.500,401.101,0.914740
167.510,398.878,0.877226
167.520,395.827,0.790640
167.530,392.689,0.813260
167.540,391.673,0.884387
167.550,391.750,0.908114
167.560,391.324,0.890427
167.570,390.240,0.921275
167.580,390.530,0.918659
167.590,392.200,0.908007
167.600,394.214,0.918334
167.610,393.721,0.910426
167.620,394.332,0.876927
167.630,393.295,0.847146
167.640,393.088,0.764192
167.650,389.706,0.712585
167.660,386.346,0.682494
167.670,384.419,0.743184
167.680,383.077,0.753487
167.690,381.279,0.790775
167.700,377.262,0.798944
167.710,373.607,0.757757
167.720,370.774,0.828404
167.730,366.785,0.884533
167.740,362.405,0.928376
167.750,357.533,0.943633
167.760,353.283,0.956150
167.770,348.994,0.895155
167.780,342.815,0.890945
167.790,335.506,0.900637
167.800,329.633,0.874189
167.810,326.195,0.903378
167.820,323.252,0.840674
167.830,319.054,0.893008
167.840,316.832,0.921502
167.850,315.178,0.920474
167.860,313.059,0.920527
167.870,310.689,0.919889
167.880,309.569,0.961413
167.890,308.035,0.961872
167.900,304.503,0.946855
167.910,301.342,0.840452
167.920,296.682,0.585742
167.930,258.981,0.278897
167.940,264.990,0.340344
167.950,288.129,0.179869
167.960,97.959,0.157340
167.970,99.321,0.331239
167.980,302.193,0.384640
167.990,303.597,0.434781
168.000,304.394,0.389952
168.010,202.598,0.266192
168.020,204.303,0.668182
168.030,206.331,0.813993
168.040,208.319,0.547659
168.050,221.916,0.300101
168.060,226.750,0.303611
168.070,239.413,0.353853
168.080,250.884,0.369554
168.090,256.968,0.293185
168.100,296.899,0.374092
168.110,301.012,0.372683
168.120,306.550,0.468422
168.130,301.224,0.455700
168.140,299.328,0.492069
168.150,297.237,0.296783
168.160,384.185,0.525750
168.170,383.719,0.541977
168.180,378.797,0.275611
168.190,367.258,0.282428
168.200,345.336,0.458764
168.210,341.128,0.681919
168.220,341.384,0.703696
168.230,343.749,0.679507
168.240,351.948,0.447769
168.250,357.696,0.677561
168.260,358.815,0.796337
168.270,358.199,0.819091
168.280,357.409,0.704742
168.290,354.556,0.746773
168.300,354.034,0.834383
168.310,350.065,0.798396
168.320,344.863,0.708510
168.330,337.411,0.666922
168.340,331.424,0.548061
168.350,327.413,0.374021
168.360,305.745,0.502456
168.370,250.479,0.159036
168.380,250.065,0.790049
168.390,61.992,0.605895
168.400,61.751,0.761072
168.410,1472.492,0.107977
168.420,1465.319,0.195906
168.430,1458.205,0.127054
168.440,941.479,0.059769
168.450,400.073,0.199881
168.460,340.113,0.511931
168.470,339.443,0.657708
168.480,341.756,0.740794
168.490,342.922,0.806728
168.500,346.562,0.877148
168.510,347.225,0.882332
168.520,347.137,0.888575
168.530,347.459,0.911479
168.540,348.754,0.912651
168.550,351.304,0.944257
168.560,352.935,0.934165
168.570,354.193,0.935287
168.580,354.580,0.929726
168.590,354.217,0.925007
168.600,352.610,0.914072
168.610,350.738,0.942789
168.620,349.767,0.946146
168.630,350.205,0.965393
168.640,351.092,0.965718
168.650,352.258,0.954225
168.660,352.193,0.951730
168.670,351.620,0.961320
168.680,350.918,0.959295
168.690,349.841,0.952196
168.700,347.656,0.888449
168.710,345.747,0.711591
168.720,348.416,0.594656
168.730,344.012,0.489955
168.740,342.215,0.642165
168.750,338.879,0.737762
168.760,336.403,0.785557
168.770,333.459,0.816040
168.780,331.684,0.757008
168.790,328.835,0.365403
168.800,302.580,0.521568
168.810,328.703,0.489363
168.820,332.874,0.740018
168.830,331.310,0.840141
168.840,330.906,0.943813
168.850,331.530,0.950663
168.860,331.756,0.951379
168.870,332.142,0.941272
168.880,333.131,0.942042
168.890,333.324,0.945476
168.900,333.275,0.943914
168.910,332.993,0.922027
168.920,332.042,0.891810
168.930,330.058,0.815840
168.940,321.471,0.327615
168.950,302.676,0.677955
168.960,301.813,0.751371
168.970,300.348,0.660928
168.980,300.897,0.187817
168.990,301.254,0.300086
169.000,200.118,0.168117
169.010,198.460,0.766542
169.020,198.037,0.811315
169.030,197.881,0.468339
169.040,196.961,0.250341
169.050,346.033,0.409930
169.060,351.238,0.719773
169.070,352.880,0.851404
169.080,356.151,0.880218
169.090,359.207,0.933854
169.100,359.517,0.928219
169.110,356.955,0.909349
169.120,352.225,0.884676
169.130,347.651,0.891051
169.140,342.477,0.910560
169.150,338.187,0.933552
169.160,335.858,0.932273
169.170,333.404,0.942639
169.180,330.807,0.960109
169.190,328.564,0.936703
169.200,327.233,0.955389
169.210,326.208,0.949457
169.220,324.768,0.904177
169.230,321.355,0.876592
169.240,316.637,0.797248
169.250,318.503,0.668397
169.260,323.467,0.704979
169.270,327.745,0.798021
169.280,333.893,0.592949
169.290,338.762,0.630272
169.300,331.481,0.612030
169.310,329.671,0.693088
169.320,328.695,0.741443
169.330,325.781,0.784525
169.340,323.277,0.824169
169.350,320.897,0.704649
169.360,312.101,0.676794
169.370,308.754,0.928380
169.380,306.774,0.937235
169.390,305.184,0.951723
169.400,304.299,0.918283
169.410,303.278,0.863725
169.420,303.719,0.761726
169.430,303.361,0.578683
169.440,300.248,0.425973
169.450,298.759,0.526828
169.460,297.976,0.706558
169.470,298.127,0.679762
169.480,298.613,0.617166
169.490,298.070,0.730926
169.500,297.623,0.839060
169.510,296.020,0.820862
169.520,292.399,0.671569
169.530,291.874,0.742121
169.540,291.811,0.697586
169.550,292.789,0.732080
169.560,293.728,0.717235
169.570,294.252,0.533019
169.580,289.962,0.378498
169.590,285.943,0.318357
169.600,276.540,0.486934
169.610,272.547,0.468035
169.620,268.885,0.601702
169.630,133.434,0.517208
169.640,133.583,0.696292
169.650,269.484,0.639041
169.660,271.030,0.623658
169.670,270.600,0.417028
169.680,66.891,0.500307
169.690,133.108,0.395308
169.700,132.857,0.624008
169.710,133.157,0.696256
169.720,133.012,0.753431
169.730,265.355,0.659428
169.740,263.953,0.613141
169.750,263.275,0.724603
169.760,263.174,0.814360
169.770,263.046,0.795949
169.780,263.683,0.640128
169.790,264.448,0.351322
169.800,299.616,0.390443
169.810,294.438,0.578211
169.820,292.776,0.552300
169.830,290.869,0.419309
169.840,402.691,0.224003
169.850,290.496,0.541893
169.860,284.252,0.168751
169.870,455.267,0.450931
169.880,453.181,0.549492
169.890,455.902,0.644872
169.900,453.374,0.331969
169.910,453.381,0.179483
169.920,66.445,0.187639
169.930,151.009,0.211515
169.940,151.443,0.239536
169.950,454.691,0.262666
169.960,454.241,0.186858
169.970,330.153,0.192139
169.980,92.053,0.158391
169.990,91.831,0.175587
170.000,330.609,0.299216
170.010,332.127,0.539471
170.020,329.904,0.533898
170.030,299.219,0.470872
170.040,298.674,0.610201
170.050,297.172,0.708907
170.060,295.958,0.756925
170.070,295.984,0.615657
170.080,296.259,0.428695
170.090,296.303,0.325773
170.100,334.659,0.267722
170.110,270.226,0.297284
170.120,332.611,0.231611
170.130,445.301,0.223908
170.140,331.037,0.136482
170.150,327.993,0.130816
170.160,298.902,0.101970
170.170,289.922,0.490203
170.180,289.175,0.647789
170.190,289.605,0.509426
170.200,289.530,0.335369
170.210,270.008,0.443285
170.220,266.248,0.604862
170.230,265.054,0.639547
170.240,267.268,0.660773
170.250,266.527,0.719114
170.260,266.136,0.757583
170.270,266.319,0.531875
170.280,268.315,0.682267
170.290,269.156,0.698673
170.300,270.161,0.624521
170.310,272.327,0.444148
170.320,272.378,0.558494
170.330,270.283,0.577177
170.340,268.800,0.753300
170.350,266.378,0.276370
170.360,223.224,0.557371
170.370,224.641,0.511656
170.380,226.107,0.263131
170.390,998.568,0.372955
170.400,1000.119,0.265898
170.410,1000.324,0.346481
170.420,992.789,0.090267
170.430,556.289,0.164880
170.440,548.919,0.074062
170.450,1083.561,0.056861
170.460,1077.381,0.057451
170.470,1070.674,0.038565
170.480,1075.925,0.033927
170.490,1050.872,0.043118
170.500,1050.033,0.037005
170.510,291.370,0.206724
170.520,348.158,0.238599
170.530,353.515,0.297561
170.540,355.487,0.355091
170.550,355.549,0.316908
170.560,352.197,0.159174
170.570,346.143,0.082496
170.580,255.021,0.253465
170.590,265.480,0.293755
170.600,285.874,0.530658
170.610,292.034,0.774717
170.620,296.242,0.801715
170.630,298.225,0.813329
170.640,302.068,0.546206
170.650,300.787,0.508684
170.660,301.820,0.733016
170.670,300.594,0.788107
170.680,301.515,0.886875
170.690,303.394,0.875568
170.700,304.456,0.876826
170.710,304.709,0.904775
170.720,304.006,0.861798
170.730,301.795,0.908935
170.740,299.497,0.916638
170.750,298.176,0.949553
170.760,298.594,0.950399
170.770,300.262,0.903226
170.780,302.151,0.911304
170.790,300.937,0.834638
170.800,299.009,0.890984
170.810,298.996,0.916114
170.820,299.688,0.920078
170.830,299.070,0.940132
170.840,297.591,0.938683
170.850,296.272,0.929398
170.860,295.773,0.939163
170.870,295.402,0.949352
170.880,294.890,0.943767
170.890,293.508,0.867614
170.900,289.249,0.638364
170.910,283.267,0.572496
170.920,250.475,0.225423
170.930,247.882,0.151181
170.940,247.996,0.107512
170.950,248.932,0.225433
170.960,251.757,0.243768
170.970,290.398,0.098929
170.980,273.688,0.126782
170.990,274.509,0.386889
171.000,284.712,0.361578
171.010,284.796,0.332846
171.020,282.399,0.449493
171.030,281.721,0.581599
171.040,280.777,0.718070
171.050,280.132,0.760287
171.060,280.792,0.690417
171.070,277.729,0.558127
171.080,273.941,0.692939
171.090,271.688,0.833891
171.100,270.993,0.684161
171.110,265.882,0.764094
171.120,261.570,0.814557
171.130,257.294,0.835500
171.140,254.317,0.851612
171.150,250.203,0.780104
171.160,242.210,0.647513
171.170,239.576,0.652342
171.180,242.913,0.700468
171.190,245.380,0.802135
171.200,246.331,0.674341
171.210,246.100,0.470213
171.220,242.402,0.213763
171.230,227.648,0.256187
171.240,227.680,0.290052
171.250,232.096,0.310720
171.260,225.643,0.259693
171.270,256.478,0.113450
171.280,258.835,0.131264
171.290,252.871,0.325317
171.300,302.311,0.110726
171.310,49.832,0.188976
171.320,49.416,0.163897
171.330,32.412,0.155502
171.340,32.611,0.085223
171.350,36.510,0.263954
171.360,222.031,0.282011
171.370,244.893,0.291762
171.380,244.284,0.156650
171.390,677.719,0.263537
171.400,229.388,0.442909
171.410,230.275,0.528055
171.420,227.891,0.777920
171.430,225.349,0.683930
171.440,224.111,0.337709
171.450,225.616,0.383660
171.460,225.332,0.498077
171.470,224.988,0.239457
171.480,896.277,0.171619
171.490,897.650,0.293055
171.500,899.110,0.177481
171.510,896.331,0.179872
171.520,263.345,0.172458
171.530,266.872,0.135819
171.540,267.267,0.143056
171.550,267.529,0.196747
171.560,225.120,0.290195
171.570,224.555,0.359602
171.580,224.791,0.521536
171.590,223.526,0.317574
171.600,223.828,0.310303
171.610,54.931,0.218339
171.620,54.588,0.616573
171.630,54.498,0.044967
171.640,48.581,0.046441
171.650,34.309,0.049399
171.660,33.642,0.105603
171.670,36.646,0.151576
171.680,36.529,0.125814
171.690,33.431,0.069048
171.700,32.877,0.074095
171.710,33.567,0.030276
171.720,32.898,0.041714
171.730,32.843,0.246342
171.740,365.306,0.192513
171.750,73.858,0.234636
171.760,73.075,0.263176
171.770,251.672,0.123582
171.780,410.847,0.207749
171.790,301.139,0.148334
171.800,348.844,0.243497
171.810,249.442,0.487428
171.820,256.869,0.750766
171.830,261.298,0.870850
171.840,261.661,0.830750
171.850,259.539,0.626622
171.860,253.694,0.562854
171.870,250.994,0.564549
171.880,253.104,0.634088
171.890,252.603,0.724595
171.900,251.336,0.726522
171.910,250.961,0.830016
171.920,251.758,0.801141
171.930,251.098,0.562903
171.940,250.963,0.415635
171.950,250.198,0.511231
171.960,246.497,0.358190
171.970,245.743,0.703321
171.980,246.052,0.771221
171.990,247.064,0.820858
172.000,247.311,0.796457
172.010,248.260,0.789377
172.020,498.905,0.784545
172.030,504.608,0.815130
172.040,509.237,0.766032
172.050,256.176,0.880988
172.060,255.956,0.919858
172.070,254.741,0.888863
172.080,252.122,0.867402
172.090,249.218,0.871961
172.100,246.041,0.865413
172.110,241.489,0.854511
172.120,238.249,0.734844
172.130,235.982,0.754670
172.140,235.272,0.771428
172.150,234.126,0.695718
172.160,233.116,0.322379
172.170,224.485,0.399176
172.180,224.086,0.411379
172.190,225.811,0.617727
172.200,226.741,0.708893
172.210,225.383,0.716156
172.220,222.421,0.482237
172.230,216.366,0.446213
172.240,210.450,0.468407
172.250,248.931,0.454818
172.260,250.214,0.276544
172.270,201.395,0.421416
172.280,49.826,0.467791
172.290,50.602,0.322424
172.300,51.308,0.434039
172.310,207.827,0.677532
172.320,208.306,0.696356
172.330,210.103,0.723553
172.340,208.923,0.595518
172.350,209.486,0.558948
172.360,208.081,0.422230
172.370,219.056,0.225657
172.380,223.412,0.103215
172.390,32.959,0.019434
172.400,200.878,0.030057
172.410,196.644,0.080986
172.420,195.122,0.174929
172.430,195.855,0.450607
172.440,192.590,0.203033
172.450,212.182,0.227613
172.460,213.172,0.384430
172.470,199.549,0.597713
172.480,198.240,0.740176
172.490,196.786,0.674136
172.500,198.006,0.400613
172.510,397.612,0.713264
172.520,399.427,0.778761
172.530,400.307,0.662276
172.540,199.689,0.805333
172.550,199.359,0.839808
172.560,198.842,0.767146
172.570,198.244,0.643126
172.580,198.675,0.601504
172.590,199.538,0.551109
172.600,198.963,0.283086
172.610,1192.222,0.085810
172.620,1804.258,0.024478
172.630,32.869,0.046041
172.640,167.929,0.036588
172.650,166.744,0.282130
172.660,165.846,0.540483
172.670,165.724,0.695064
172.680,166.344,0.464483
172.690,33.534,0.148195
172.700,36.715,0.161794
172.710,165.832,0.060317
172.720,169.985,0.123498
172.730,322.488,0.165589
172.740,321.122,0.243720
172.750,153.054,0.263553
172.760,151.128,0.435726
172.770,149.542,0.681063
172.780,149.199,0.196210
172.790,148.079,0.144206
172.800,1005.289,0.196609
172.810,1000.310,0.300676
172.820,1000.151,0.202377
172.830,1002.505,0.280274
172.840,996.884,0.112339
172.850,307.101,0.047425
172.860,1802.272,0.022590
172.870,1847.748,0.024233
172.880,32.984,0.020832
172.890,135.635,0.006281
172.900,32.248,0.002766
172.910,32.114,0.009615
172.920,32.070,0.074906
172.930,32.176,0.023661
172.940,1285.877,0.002773
172.950,977.765,0.008613
172.960,1217.430,0.003011
172.970,1190.688,0.007197
172.980,40.462,0.022648
172.990,40.098,0.083926
173.000,39.573,0.039163
173.010,33.079,0.020684
173.020,1181.474,0.064997
173.030,1205.704,0.027251
173.040,51.984,0.068054
173.050,55.439,0.040180
173.060,55.242,0.081566
173.070,1197.328,0.147758
173.080,1187.375,0.113090
173.090,1187.292,0.067864
173.100,34.012,0.220238
173.110,34.456,0.651101
173.120,34.088,0.187444
173.130,32.462,0.065174
173.140,987.917,0.014688
173.150,1178.184,0.173861
173.160,594.194,0.262667
173.170,300.678,0.529582
173.180,300.789,0.555816
173.190,300.293,0.379252
173.200,997.307,0.327875
173.210,1001.589,0.152244
173.220,1038.088,0.220299
173.230,193.552,0.231103
173.240,198.380,0.580120
173.250,197.879,0.756759
173.260,199.000,0.877738
173.270,199.294,0.899525
173.280,199.569,0.878657
173.290,199.255,0.832803
173.300,199.580,0.713716
173.310,200.573,0.632267
173.320,202.101,0.623980
173.330,202.200,0.211062
173.340,440.362,0.139025
173.350,261.496,0.188985
173.360,264.278,0.268340
173.370,271.429,0.143356
173.380,275.846,0.428661
173.390,276.042,0.747550
173.400,272.674,0.722050
173.410,265.921,0.694234
173.420,258.246,0.738280
173.430,253.727,0.848406
173.440,249.282,0.832213
173.450,246.585,0.847881
173.460,244.293,0.876667
173.470,243.863,0.744745
173.480,245.290,0.251574
173.490,1499.372,0.125967
173.500,169.478,0.419444
173.510,168.029,0.508994
173.520,166.860,0.727502
173.530,166.528,0.549465
173.540,165.767,0.340992
173.550,165.356,0.513847
173.560,332.916,0.412279
173.570,174.068,0.192231
173.580,330.271,0.316255
173.590,167.967,0.276614
173.600,1035.357,0.014662
173.610,1050.217,0.008137
173.620,1971.692,0.004885
173.630,34.016,0.008322
173.640,34.199,0.045876
173.650,32.286,0.019104
173.660,32.235,0.010924
173.670,1925.455,0.005022
173.680,1928.594,0.009508
173.690,32.232,0.006247
173.700,1092.060,0.014283
173.710,888.921,0.010528
173.720,32.210,0.014034
173.730,32.236,0.008905
173.740,323.097,0.144757
173.750,149.844,0.349176
173.760,149.903,0.405283
173.770,161.168,0.122304
173.780,34.121,0.204395
173.790,33.316,0.111435
173.800,32.684,0.038301
173.810,221.053,0.126724
173.820,222.885,0.296837
173.830,239.043,0.334531
173.840,240.202,0.188642
173.850,477.064,0.384285
173.860,471.787,0.119613
173.870,38.475,0.102367
173.880,33.054,0.023139
173.890,455.665,0.008125
173.900,985.015,0.002668
173.910,985.951,0.005151
173.920,968.184,0.019524
173.930,666.268,0.023200
173.940,280.826,0.224120
173.950,291.792,0.448692
173.960,292.155,0.425366
173.970,292.370,0.602983
173.980,292.624,0.713124
173.990,292.150,0.747678
174.000,291.727,0.665416
174.010,289.956,0.496002
174.020,284.890,0.320470
174.030,296.222,0.366153
174.040,299.222,0.443766
174.050,296.840,0.122836
174.060,669.268,0.054169
174.070,33.271,0.104962
174.080,293.428,0.373048
174.090,290.047,0.524874
174.100,290.406,0.304300
174.110,291.366,0.689736
174.120,291.730,0.645655
174.130,32.984,0.205951
174.140,288.385,0.266632
174.150,282.311,0.371511
174.160,316.960,0.246573
174.170,327.953,0.196403
174.180,33.015,0.089267
174.190,335.595,0.090375
174.200,335.444,0.348612
174.210,901.254,0.100828
174.220,983.667,0.042298
174.230,1329.625,0.042351
174.240,1796.263,0.043029
174.250,1870.496,0.073048
174.260,1239.915,0.037141
174.270,1246.303,0.021375
174.280,1243.301,0.028793
174.290,1270.603,0.017104
174.300,1169.849,0.012704
174.310,1175.630,0.032834
174.320,1179.294,0.084581
174.330,32.916,0.029613
174.340,32.716,0.060875
174.350,33.176,0.148112
174.360,33.062,0.091267
174.370,33.038,0.033610
174.380,33.269,0.066305
174.390,32.839,0.018104
174.400,1161.126,0.020025
174.410,594.871,0.072649
174.420,594.377,0.075190
174.430,596.405,0.037469
174.440,1832.397,0.015473
174.450,33.674,0.035054
174.460,33.027,0.016358
174.470,1802.647,0.008664
174.480,45.018,0.025592
174.490,44.511,0.055736
174.500,1859.707,0.006370
174.510,1966.007,0.045572
174.520,1967.971,0.034167
174.530,223.957,0.020813
174.540,1210.494,0.010531
174.550,32.707,0.024250
174.560,32.545,0.031944
174.570,32.598,0.026759
174.580,32.509,0.039952
174.590,1755.781,0.030442
174.600,1779.124,0.022417
174.610,1775.419,0.020159
174.620,271.783,0.013029
174.630,1191.138,0.012886
174.640,1084.062,0.020619
174.650,884.353,0.067192
174.660,893.332,0.292202
174.670,223.436,0.290125
174.680,225.009,0.158190
174.690,447.709,0.026019
174.700,400.059,0.018235
174.710,1886.882,0.014042
174.720,1930.484,0.020889
174.730,1971.869,0.019744
174.740,1332.073,0.026631
174.750,662.512,0.021965
174.760,1323.363,0.024450
174.770,448.382,0.018197
174.780,449.096,0.034735
174.790,1330.775,0.057281
174.800,546.153,0.111952
174.810,547.316,0.092156
174.820,132.614,0.045570
174.830,32.239,0.013420
174.840,43.283,0.023938
174.850,32.283,0.021398
174.860,32.248,0.028435
174.870,32.019,0.213470
174.880,31.986,0.131727
174.890,32.156,0.062277
174.900,127.764,0.047393
174.910,250.821,0.156486
174.920,248.767,0.290798
174.930,251.391,0.156976
174.940,252.589,0.062885
174.950,41.733,0.132546
174.960,41.782,0.305164
174.970,35.337,0.171790
174.980,35.037,0.284167
174.990,35.385,0.488228
175.000,35.415,0.092388
175.010,251.983,0.302255
175.020,252.866,0.211105
175.030,51.575,0.591199
175.040,52.164,0.248328
175.050,258.835,0.161916
175.060,255.377,0.037386
175.070,32.409,0.048407
175.080,32.414,0.025666
175.090,1013.751,0.015002
175.100,117.944,0.121695
175.110,121.409,0.084013
175.120,33.654,0.246301
175.130,33.137,0.118892
175.140,52.187,0.078249
175.150,109.314,0.069485
175.160,129.161,0.133422
175.170,33.084,0.083546
175.180,33.554,0.705677
175.190,33.564,0.832814
175.200,33.569,0.799004
175.210,33.162,0.206887
175.220,52.266,0.036558
175.230,54.229,0.012232
175.240,33.124,0.009447
175.250,37.682,0.021530
175.260,54.083,0.012528
175.270,44.298,0.014787
175.280,32.777,0.018308
175.290,124.501,0.012276
175.300,121.598,0.196416
175.310,119.729,0.049639
175.320,32.362,0.011276
175.330,42.258,0.009711
175.340,1326.282,0.002119
175.350,1404.857,0.003816
175.360,35.192,0.005960
175.370,32.702,0.021852
175.380,32.314,0.153741
175.390,32.081,0.333418
175.400,32.123,0.080424
175.410,33.771,0.209095
175.420,33.645,0.062187
175.430,1211.931,0.016872
175.440,1781.272,0.015939
175.450,34.848,0.010484
175.460,34.616,0.045747
175.470,38.380,0.024722
175.480,38.566,0.012165
175.490,1973.935,0.051834
175.500,1979.594,0.049155
175.510,1003.681,0.023802
175.520,1002.799,0.011570
175.530,1007.221,0.023580
175.540,163.452,0.105815
175.550,32.630,0.163007
175.560,32.766,0.641253
175.570,32.858,0.090203
175.580,1970.358,0.018447
175.590,1775.570,0.029893
175.600,1787.142,0.043575
175.610,1774.011,0.056016
175.620,888.792,0.060763
175.630,42.880,0.012664
175.640,32.489,0.121478
175.650,32.646,0.305141
175.660,32.874,0.356053
175.670,32.996,0.187515
175.680,32.976,0.029163
175.690,49.022,0.015287
175.700,48.951,0.010433
175.710,133.906,0.077546
175.720,402.347,0.246258
175.730,197.973,0.377403
175.740,196.450,0.442874
175.750,197.455,0.545240
175.760,199.812,0.377220
175.770,66.391,0.279846
175.780,202.915,0.062629
175.790,202.648,0.102591
175.800,395.609,0.023931
175.810,148.186,0.020857
175.820,1113.107,0.018435
175.830,35.816,0.022296
175.840,35.850,0.105355
175.850,49.072,0.046841
175.860,46.432,0.124799
175.870,49.299,0.095317
175.880,1237.295,0.023027
175.890,49.287,0.043384
175.900,1206.810,0.019058
175.910,1184.655,0.119946
175.920,33.430,0.089977
175.930,33.365,0.158518
175.940,33.232,0.095605
175.950,39.437,0.002836
175.960,1964.051,0.004489
175.970,202.734,0.020742
175.980,41.648,0.078011
175.990,32.177,0.022186
176.000,1022.294,0.004892
176.010,1851.842,0.004791
176.020,32.572,0.021827
176.030,32.923,0.015921
176.040,1187.251,0.071490
176.050,1732.637,0.034836
176.060,1739.090,0.048364
176.070,1768.762,0.034228
176.080,204.976,0.014982
176.090,205.462,0.020185
176.100,207.564,0.038067
176.110,207.917,0.026522
176.120,214.403,0.057870
176.130,880.874,0.020392
176.140,51.160,0.053714
176.150,49.588,0.022728
176.160,48.913,0.052506
176.170,49.185,0.028741
176.180,49.724,0.147088
176.190,245.556,0.180296
176.200,202.410,0.200173
176.210,202.142,0.294439
176.220,201.096,0.306855
176.230,200.747,0.182270
176.240,136.621,0.139075
176.250,44.431,0.065367
176.260,44.201,0.054956
176.270,600.155,0.497333
176.280,267.628,0.156097
176.290,263.371,0.081888
176.300,1162.148,0.021061
176.310,32.948,0.017016
176.320,1846.489,0.024479
176.330,1841.637,0.022683
176.340,33.802,0.009457
176.350,33.117,0.013071
176.360,33.113,0.004210
176.370,1314.280,0.007357
176.380,32.998,0.068285
176.390,32.883,0.020028
176.400,39.834,0.002980
176.410,124.299,0.093095
176.420,32.791,0.076281
176.430,33.180,0.150414
176.440,33.119,0.533627
176.450,33.270,0.334099
176.460,33.368,0.464801
176.470,33.241,0.175879
176.480,202.994,0.160284
176.490,203.709,0.298651
176.500,145.607,0.342297
176.510,203.593,0.101836
176.520,100.392,0.129200
176.530,99.929,0.324800
176.540,99.995,0.087059
176.550,203.877,0.154756
176.560,662.817,0.123231
176.570,32.307,0.010334
176.580,32.208,0.014461
176.590,339.111,0.019170
176.600,336.051,0.041070
176.610,334.838,0.148837
176.620,32.965,0.106514
176.630,33.759,0.333370
176.640,56.147,0.025850
176.650,55.431,0.041527
176.660,324.505,0.010958
176.670,32.388,0.014429
176.680,315.770,0.036158
176.690,34.943,0.081375
176.700,34.319,0.041219
176.710,32.386,0.115558
176.720,32.466,0.071179
176.730,49.503,0.069810
176.740,152.442,0.191633
176.750,149.357,0.498515
176.760,146.849,0.318155
176.770,299.141,0.090295
176.780,300.949,0.091931
176.790,301.237,0.054244
176.800,1831.613,0.027593
176.810,1820.600,0.025559
176.820,35.006,0.011571
176.830,34.959,0.008725
176.840,1409.699,0.003678
176.850,51.321,0.017884
176.860,319.950,0.013270
176.870,1857.949,0.004242
176.880,1848.072,0.017167
176.890,200.910,0.028322
176.900,200.795,0.166467
176.910,202.903,0.055916
176.920,193.099,0.059463
176.930,587.009,0.081834
176.940,1164.617,0.049867
176.950,1167.602,0.039870
176.960,1176.498,0.047822
176.970,1183.908,0.035010
176.980,1030.602,0.013968
176.990,44.345,0.017561
177.000,204.613,0.018596
177.010,202.599,0.037119
177.020,396.545,0.060772
177.030,588.911,0.076599
177.040,603.816,0.031237
177.050,1840.880,0.059068
177.060,1837.155,0.058294
177.070,1182.732,0.176954
177.080,1184.174,0.137449
177.090,1766.798,0.049356
177.100,1195.890,0.038155
177.110,48.956,0.087556
177.120,592.311,0.107156
177.130,1178.927,0.065114
177.140,582.852,0.040879
177.150,32.406,0.095359
177.160,32.215,0.120365
177.170,32.772,0.170461
177.180,54.249,0.052593
177.190,54.197,0.123229
177.200,135.287,0.076473
177.210,198.873,0.026915
177.220,194.611,0.042078
177.230,192.112,0.292723
177.240,189.971,0.366605
177.250,589.461,0.192312
177.260,694.554,0.066206
177.270,194.938,0.115507
177.280,132.854,0.035660
177.290,32.797,0.008255
177.300,54.898,0.008408
177.310,55.729,0.001182
177.320,32.443,0.002878
177.330,1193.138,0.032553
177.340,589.875,0.047109
177.350,656.456,0.018271
177.360,1768.723,0.015778
177.370,32.397,0.015620
177.380,879.526,0.018949
177.390,32.350,0.028605
177.400,32.118,0.050271
177.410,32.788,0.084668
177.420,41.755,0.257038
177.430,41.692,0.315945
177.440,167.184,0.167352
177.450,167.111,0.364696
177.460,33.225,0.320921
177.470,168.273,0.095499
177.480,169.554,0.234781
177.490,173.912,0.086499
177.500,44.003,0.004906
177.510,33.815,0.119522
177.520,54.937,0.030943
177.530,54.923,0.118892
177.540,174.288,0.089093
177.550,1223.685,0.077990
177.560,1222.817,0.008832
177.570,32.067,0.017761
177.580,32.048,0.011238
177.590,48.663,0.016467
177.600,1222.820,0.003787
177.610,1192.988,0.017362
177.620,1793.797,0.017274
177.630,201.570,0.044685
177.640,322.992,0.066473
177.650,148.884,0.168674
177.660,32.509,0.060454
177.670,33.882,0.311201
177.680,32.732,0.168827
177.690,54.148,0.189170
177.700,108.688,0.107220
177.710,57.848,0.039621
177.720,296.565,0.284483
177.730,35.509,0.081703
177.740,150.615,0.016899
177.750,33.370,0.007872
177.760,194.407,0.099346
177.770,584.798,0.091026
177.780,972.621,0.010571
177.790,1163.983,0.014237
177.800,1166.889,0.007790
177.810,677.382,0.013068
177.820,43.830,0.019762
177.830,43.069,0.027162
177.840,43.502,0.033724
177.850,43.242,0.015396
177.860,665.010,0.096603
177.870,667.843,0.360531
177.880,665.961,0.188741
177.890,39.998,0.190560
177.900,33.661,0.188056
177.910,32.653,0.104343
177.920,48.585,0.197748
177.930,49.291,0.153581
177.940,48.742,0.098573
177.950,291.320,0.623130
177.960,290.840,0.466182
177.970,289.365,0.318746
177.980,289.554,0.136825
177.990,225.884,0.341085
178.000,226.144,0.197201
178.010,293.085,0.074611
178.020,301.679,0.054430
178.030,32.493,0.019625
178.040,32.586,0.015907
178.050,48.180,0.023902
178.060,1238.917,0.020587
178.070,994.482,0.026196
178.080,1015.054,0.034411
178.090,1007.458,0.027297
178.100,889.376,0.026151
178.110,99.103,0.114079
178.120,221.265,0.093137
178.130,222.399,0.686599
178.140,223.351,0.753635
178.150,223.477,0.664429
178.160,223.459,0.660584
178.170,223.073,0.229145
178.180,333.060,0.140892
178.190,269.739,0.188891
178.200,269.536,0.145870
178.210,33.539,0.100410
178.220,270.776,0.346443
178.230,269.244,0.459049
178.240,541.011,0.146218
178.250,266.171,0.133223
178.260,267.264,0.259454
178.270,266.854,0.058667
178.280,33.703,0.412559
178.290,33.052,0.137525
178.300,32.308,0.059961
178.310,966.949,0.011451
178.320,1974.128,0.023397
178.330,1327.777,0.023978
178.340,33.365,0.058654
178.350,275.865,0.035292
178.360,1851.323,0.043160
178.370,275.641,0.064294
178.380,275.860,0.054491
178.390,40.476,0.054227
178.400,32.119,0.008173
178.410,32.134,0.016462
178.420,1852.287,0.007164
178.430,1171.858,0.019328
178.440,663.578,0.018024
178.450,665.753,0.065943
178.460,668.052,0.065395
178.470,1328.307,0.223062
178.480,1332.694,0.391517
178.490,1323.363,0.037841
178.500,443.300,0.036098
178.510,228.829,0.018373
178.520,32.258,0.027487
178.530,35.267,0.082901
178.540,35.598,0.085221
178.550,37.224,0.016409
178.560,1220.681,0.024367
178.570,270.377,0.057496
178.580,48.797,0.041673
178.590,48.745,0.016523
178.600,1082.325,0.014381
178.610,224.136,0.007595
178.620,32.529,0.079022
178.630,32.553,0.043515
178.640,32.751,0.118785
178.650,33.065,0.119353
178.660,32.827,0.005071
178.670,995.192,0.010028
178.680,1972.768,0.012075
178.690,664.455,0.019566
178.700,1040.314,0.023910
178.710,1056.772,0.037488
178.720,895.816,0.050515
178.730,894.920,0.038928
178.740,546.055,0.067775
178.750,580.866,0.073180
178.760,154.759,0.033594
178.770,1683.865,0.041436
178.780,35.472,0.045753
178.790,32.253,0.025526
178.800,1152.979,0.008433
178.810,99.854,0.039266
178.820,99.590,0.020071
178.830,1054.557,0.012618
178.840,1191.861,0.006407
178.850,1776.555,0.013458
178.860,1315.012,0.016684
178.870,147.404,0.046799
178.880,152.632,0.016468
178.890,32.371,0.084244
178.900,32.716,0.252067
178.910,32.795,0.018733
178.920,1979.853,0.006909
178.930,1976.218,0.023457
178.940,994.060,0.037282
178.950,74.242,0.119449
178.960,74.498,0.342651
178.970,74.624,0.248411
178.980,75.526,0.047909
178.990,1030.912,0.038190
179.000,36.117,0.020068
179.010,35.915,0.012024
179.020,1321.197,0.007965
179.030,35.814,0.010802
179.040,1345.366,0.011730
179.050,1877.471,0.015658
179.060,33.835,0.018950
179.070,33.431,0.034461
179.080,75.328,0.543722
179.090,74.445,0.195606
179.100,148.211,0.121192
179.110,147.827,0.299797
179.120,147.830,0.071681
179.130,35.457,0.148579
179.140,33.471,0.302167
179.150,32.230,0.320803
179.160,32.010,0.038953
179.170,32.465,0.011890
179.180,48.261,0.039085
179.190,150.404,0.094461
179.200,149.010,0.271283
179.210,148.908,0.773551
179.220,149.290,0.778718
179.230,150.401,0.522373
179.240,152.095,0.062673
179.250,32.439,0.027152
179.260,32.514,0.041755
179.270,32.210,0.015898
179.280,54.815,0.005095
179.290,48.390,0.033832
179.300,1324.704,0.003945
179.310,32.143,0.075179
179.320,32.030,0.251524
179.330,32.254,0.091622
179.340,32.638,0.033429
179.350,1202.723,0.018557
179.360,32.566,0.023962
179.370,1181.283,0.012775
179.380,1186.920,0.020097
179.390,1175.641,0.029920
179.400,32.482,0.032785
179.410,166.174,0.127759
179.420,167.390,0.172049
179.430,167.131,0.339990
179.440,166.783,0.156394
179.450,167.367,0.322174
179.460,41.572,0.050280
179.470,167.885,0.061699
179.480,333.474,0.247755
179.490,47.922,0.090968
179.500,32.449,0.065222
179.510,54.873,0.033671
179.520,55.144,0.059614
179.530,1318.475,0.009590
179.540,33.268,0.018462
179.550,33.192,0.026093
179.560,1330.075,0.012556
179.570,446.165,0.028132
179.580,446.550,0.231446
179.590,447.484,0.300911
179.600,448.751,0.181173
179.610,445.679,0.052809
179.620,32.005,0.053670
179.630,32.085,0.041718
179.640,1151.845,0.004471
179.650,398.251,0.015599
179.660,197.937,0.029262
179.670,201.750,0.074004
179.680,201.694,0.556824
179.690,200.837,0.649163
179.700,199.500,0.770671
179.710,199.310,0.779389
179.720,200.363,0.583100
179.730,198.491,0.318881
179.740,164.012,0.057694
179.750,32.407,0.057130
179.760,1196.415,0.009007
179.770,33.154,0.006638
179.780,33.842,0.010650
179.790,1027.105,0.021143
179.800,1017.586,0.042584
179.810,1963.362,0.013694
179.820,1243.216,0.007718
179.830,197.466,0.016400
179.840,50.051,0.117204
179.850,1191.648,0.070965
179.860,32.346,0.083587
179.870,33.631,0.320307
179.880,33.392,0.004735
179.890,1871.856,0.004261
179.900,1224.933,0.012687
179.910,34.418,0.210093
179.920,33.595,0.309236
179.930,32.548,0.342112
179.940,32.580,0.067450
179.950,134.565,0.035390
179.960,401.681,0.129846
179.970,402.966,0.204203
179.980,402.814,0.056621
179.990,1789.490,0.016777
180.000,32.642,0.012223
180.010,1196.317,0.006947
180.020,1199.658,0.005446
180.030,1962.220,0.008252
180.040,1915.262,0.009924
180.050,1182.967,0.018439
180.060,398.430,0.030262
180.070,55.352,0.216110
180.080,49.413,0.113404
180.090,492.725,0.160907
180.100,402.078,0.186537
180.110,200.322,0.164650
180.120,200.806,0.308607
180.130,200.087,0.301836
180.140,594.459,0.224506
180.150,398.078,0.240692
180.160,398.256,0.204223
180.170,400.785,0.133348
180.180,399.462,0.204741
180.190,595.030,0.210171
180.200,594.733,0.327801
180.210,594.656,0.410848
180.220,591.626,0.421194
180.230,343.573,0.117659
180.240,32.324,0.191757
180.250,32.363,0.025933
180.260,32.616,0.007086
180.270,1310.046,0.004491
180.280,32.844,0.009043
180.290,1197.869,0.005990
180.300,1206.726,0.020025
180.310,54.717,0.011594
180.320,32.069,0.015928
180.330,32.179,0.053337
180.340,32.065,0.096961
180.350,32.123,0.013549
180.360,32.228,0.016542
180.370,440.260,0.040278
180.380,1097.978,0.011265
180.390,1734.576,0.005829
180.400,32.229,0.007124
180.410,32.247,0.002918
180.420,1156.587,0.003558
180.430,1175.800,0.005238
180.440,1893.789,0.013721
180.450,58.242,0.037309
180.460,396.304,0.021322
180.470,240.144,0.024781
180.480,458.815,0.009711
180.490,32.229,0.043476
180.500,32.306,0.075276
180.510,33.688,0.045208
180.520,1321.181,0.033473
180.530,32.706,0.027574
180.540,1975.363,0.011174
180.550,55.875,0.012165
180.560,56.602,0.014548
180.570,168.450,0.031526
180.580,1780.194,0.056507
180.590,33.185,0.258875
180.600,32.625,0.034987
180.610,32.138,0.139562
180.620,32.038,0.088712
180.630,32.019,0.040880
180.640,154.087,0.108287
180.650,156.073,0.374081
180.660,149.202,0.391237
180.670,49.313,0.565475
180.680,49.471,0.103690
180.690,153.979,0.121908
180.700,32.553,0.085201
180.710,32.501,0.023946
180.720,32.827,0.015060
180.730,32.969,0.005643
180.740,32.293,0.013317
180.750,32.156,0.014284
180.760,32.203,0.034625
180.770,1771.885,0.042077
180.780,1774.670,0.024232
180.790,1022.473,0.006048
180.800,990.038,0.007184
180.810,1186.780,0.006895
180.820,143.956,0.028407
180.830,399.450,0.107403
180.840,399.598,0.282155
180.850,400.282,0.131746
180.860,405.849,0.103238
180.870,411.711,0.053201
180.880,887.185,0.033183
180.890,35.746,0.053513
180.900,150.522,0.034239
180.910,153.841,0.022888
180.920,174.553,0.043209
180.930,291.416,0.150414
180.940,131.344,0.015987
180.950,133.023,0.026269
180.960,391.946,0.043187
180.970,176.960,0.030339
180.980,34.436,0.012907
180.990,987.991,0.010625
181.000,1842.491,0.021204
181.010,1322.424,0.016654
181.020,632.645,0.027022
181.030,1184.166,0.112962
181.040,1181.013,0.085853
181.050,1180.367,0.132460
181.060,1186.227,0.103791
181.070,1789.720,0.028379
181.080,605.777,0.057307
181.090,600.476,0.175191
181.100,587.595,0.051450
181.110,1190.510,0.008233
181.120,1160.678,0.007438
181.130,32.363,0.044245
181.140,32.304,0.024133
181.150,32.240,0.003189
181.160,1016.299,0.008351
181.170,1030.792,0.004506
181.180,99.200,0.011065
181.190,197.301,0.471686
181.200,195.131,0.462044
181.210,191.461,0.102280
181.220,32.283,0.026221
181.230,33.128,0.075040
181.240,32.835,0.006792
181.250,1969.464,0.004508
181.260,1777.726,0.004062
181.270,1759.464,0.013250
181.280,1971.080,0.014361
181.290,1966.483,0.009584
181.300,971.046,0.007516
181.310,32.457,0.088593
181.320,32.144,0.097010
181.330,32.147,0.062013
181.340,1855.563,0.031773
181.350,1863.382,0.024285
181.360,32.269,0.022772
181.370,32.135,0.044740
181.380,32.255,0.037521
181.390,32.389,0.077065
181.400,32.478,0.130775
181.410,1971.110,0.023905
181.420,1969.123,0.006828
181.430,171.230,0.037122
181.440,1878.836,0.011778
181.450,167.908,0.217993
181.460,167.133,0.035157
181.470,34.165,0.134354
181.480,48.725,0.111173
181.490,49.236,0.147763
181.500,1240.190,0.024732
181.510,1253.292,0.015978
181.520,32.217,0.011101
181.530,32.177,0.021954
181.540,1822.670,0.024507
181.550,1786.838,0.046488
181.560,1194.719,0.019306
181.570,291.001,0.248913
181.580,295.962,0.546255
181.590,291.563,0.448061
181.600,289.084,0.484321
181.610,286.533,0.564630
181.620,283.033,0.560673
181.630,277.817,0.215088
181.640,147.094,0.186394
181.650,148.385,0.092621
181.660,135.210,0.110068
181.670,32.157,0.020030
181.680,962.583,0.019899
181.690,32.254,0.071941
181.700,327.468,0.063868
181.710,330.952,0.216471
181.720,536.792,0.042138
181.730,90.719,0.100460
181.740,32.220,0.040285
181.750,32.205,0.121548
181.760,49.176,0.069534
181.770,49.478,0.136944
181.780,55.258,0.038607
181.790,57.708,0.037718
181.800,529.773,0.008354
181.810,275.671,0.142356
181.820,291.624,0.469827
181.830,287.903,0.312383
181.840,287.665,0.133644
181.850,289.696,0.354315
181.860,290.597,0.428762
181.870,279.414,0.185655
181.880,535.567,0.082419
181.890,147.162,0.105233
181.900,98.229,0.079861
181.910,146.442,0.047077
181.920,146.153,0.369986
181.930,289.313,0.537077
181.940,289.868,0.087961
181.950,331.078,0.027943
181.960,32.345,0.069136
181.970,32.206,0.013285
181.980,32.170,0.020944
181.990,1312.392,0.022618
182.000,1299.838,0.019884
182.010,1317.759,0.026625
182.020,1466.775,0.017089
182.030,132.425,0.065168
182.040,132.595,0.205816
182.050,532.695,0.153617
182.060,295.455,0.107214
182.070,269.973,0.136401
182.080,268.434,0.220697
182.090,267.990,0.102411
182.100,268.325,0.156109
182.110,225.916,0.141067
182.120,298.327,0.101426
182.130,530.700,0.107544
182.140,330.831,0.053940
182.150,331.145,0.087711
182.160,223.223,0.120507
182.170,44.651,0.091970
182.180,580.637,0.168906
182.190,265.693,0.100161
182.200,268.299,0.067099
182.210,33.133,0.399378
182.220,36.693,0.179613
182.230,33.286,0.020420
182.240,1023.138,0.010746
182.250,1977.317,0.012907
182.260,32.931,0.013032
182.270,32.924,0.009657
182.280,1711.416,0.005671
182.290,1791.981,0.009014
182.300,1715.251,0.015945
182.310,1732.251,0.019111
182.320,32.100,0.018723
182.330,32.028,0.017345
182.340,1815.819,0.033269
182.350,161.092,0.027349
182.360,32.626,0.315229
182.370,32.649,0.279645
182.380,32.796,0.066203
182.390,49.529,0.057352
182.400,110.537,0.091804
182.410,540.072,0.056286
182.420,1161.817,0.011095
182.430,594.798,0.048144
182.440,32.460,0.021543
182.450,32.418,0.024468
182.460,32.698,0.075275
182.470,39.762,0.009674
182.480,39.382,0.006490
182.490,32.790,0.046434
182.500,33.685,0.069174
182.510,1328.988,0.015304
182.520,1340.335,0.023854
182.530,1332.679,0.062628
182.540,1341.496,0.035657
182.550,224.321,0.067127
182.560,222.763,0.098878
182.570,32.336,0.066698
182.580,33.585,0.168842
182.590,33.417,0.036086
182.600,1206.552,0.015668
182.610,1222.790,0.034470
182.620,1232.313,0.031456
182.630,1025.703,0.073846
182.640,1033.748,0.067665
182.650,444.854,0.034876
182.660,223.624,0.018299
182.670,234.323,0.047274
182.680,580.266,0.422467
182.690,588.406,0.097979
182.700,32.739,0.091365
182.710,32.289,0.064871
182.720,32.391,0.006579
182.730,1325.967,0.037709
182.740,1311.149,0.031310
182.750,1320.293,0.017121
182.760,1323.504,0.027317
182.770,32.674,0.036987
182.780,32.177,0.036002
182.790,32.287,0.014830
182.800,1168.018,0.005829
182.810,268.718,0.014668
182.820,1099.536,0.019793
182.830,32.312,0.009521
182.840,1970.673,0.009251
182.850,1976.636,0.026187
182.860,1177.088,0.023777
182.870,1775.263,0.109986
182.880,1779.167,0.155666
182.890,250.785,0.297127
182.900,32.290,0.070037
182.910,1212.344,0.065044
182.920,1200.869,0.044377
182.930,602.693,0.103002
182.940,606.669,0.062060
182.950,1807.745,0.022846
182.960,32.413,0.009402
182.970,32.414,0.013154
182.980,1000.616,0.028167
182.990,35.545,0.047723
183.000,220.124,0.061959
183.010,263.160,0.030899
183.020,33.127,0.068362
183.030,36.140,0.230946
183.040,251.496,0.273281
183.050,243.644,0.273083
183.060,234.377,0.048478
183.070,32.902,0.173584
183.080,32.232,0.030554
183.090,55.704,0.039154
183.100,1323.268,0.020739
183.110,46.790,0.084956
183.120,142.135,0.037910
183.130,139.168,0.012227
183.140,51.433,0.004997
183.150,1210.405,0.004503
183.160,1075.776,0.006016
183.170,32.611,0.049982
183.180,32.773,0.133555
183.190,32.545,0.142886
183.200,32.279,0.227978
183.210,32.317,0.056650
183.220,1315.869,0.022029
183.230,1316.176,0.032893
183.240,33.389,0.028099
183.250,32.253,0.020077
183.260,32.282,0.007451
183.270,33.534,0.069685
183.280,32.968,0.033564
183.290,33.018,0.015025
183.300,983.571,0.008215
183.310,32.230,0.002365
183.320,949.873,0.003290
183.330,940.633,0.010380
183.340,990.910,0.021238
183.350,88.073,0.029213
183.360,32.303,0.073357
183.370,501.069,0.038363
183.380,32.495,0.059393
183.390,1769.530,0.046463
183.400,1780.895,0.254393
183.410,588.726,0.408127
183.420,1175.381,0.096674
183.430,33.020,0.072464
183.440,33.327,0.071227
183.450,32.784,0.021342
183.460,54.454,0.006820
183.470,999.000,0.011013
183.480,450.705,0.024608
183.490,35.238,0.014254
183.500,1329.644,0.088116
183.510,1330.878,0.145572
183.520,77.336,0.053207
183.530,534.772,0.014536
183.540,76.833,0.018007
183.550,32.835,0.046073
183.560,32.554,0.050616
183.570,32.530,0.008660
183.580,1232.182,0.014901
183.590,404.272,0.058785
183.600,399.669,0.366950
183.610,398.661,0.341011
183.620,399.513,0.271246
183.630,400.226,0.147450
183.640,200.904,0.023386
183.650,202.853,0.020682
183.660,399.615,0.161552
183.670,195.322,0.267010
183.680,33.085,0.035313
183.690,33.100,0.042297
183.700,1228.803,0.004904
183.710,1237.007,0.016088
183.720,1309.610,0.020683
183.730,39.803,0.022022
183.740,49.079,0.024901
183.750,1022.027,0.008383
183.760,1021.010,0.028029
183.770,1194.776,0.017580
183.780,1216.097,0.061392
183.790,33.577,0.080195
183.800,34.169,0.304461
183.810,33.319,0.086919
183.820,48.665,0.370049
183.830,48.803,0.084257
183.840,32.087,0.004435
183.850,32.173,0.019103
183.860,32.294,0.019058
183.870,32.503,0.006983
183.880,32.794,0.006389
183.890,55.368,0.037713
183.900,1215.181,0.018654
183.910,50.903,0.022956
183.920,1195.885,0.017097
183.930,1234.544,0.014029
183.940,32.129,0.008612
183.950,32.089,0.007739
183.960,50.883,0.015123
183.970,1966.103,0.025814
183.980,1321.723,0.010328
183.990,982.652,0.007149
184.000,1226.038,0.013585
184.010,50.430,0.047454
184.020,1308.166,0.012053
184.030,598.793,0.015711
184.040,873.101,0.039244
184.050,293.555,0.060106
184.060,134.793,0.085179
184.070,402.462,0.118354
184.080,138.265,0.105674
184.090,402.691,0.206033
184.100,402.876,0.178231
184.110,405.076,0.252701
184.120,403.405,0.367710
184.130,596.626,0.182818
184.140,595.641,0.381645
184.150,584.136,0.479320
184.160,586.088,0.125117
184.170,32.892,0.049621
184.180,32.451,0.126778
184.190,45.299,0.078116
184.200,45.067,0.004285
184.210,1219.151,0.006895
184.220,203.467,0.006177
184.230,1202.936,0.002971
184.240,402.388,0.005206
184.250,32.292,0.016410
184.260,32.076,0.039868
184.270,32.018,0.109273
184.280,32.119,0.077084
184.290,32.996,0.043777
184.300,201.719,0.121845
184.310,39.881,0.257675
184.320,33.066,0.067433
184.330,32.554,0.249043
184.340,32.704,0.044776
184.350,33.001,0.018197
184.360,987.622,0.039894
184.370,406.635,0.033309
184.380,81.494,0.074343
184.390,401.832,0.097355
184.400,401.388,0.102791
184.410,415.387,0.023126
184.420,661.052,0.009546
184.430,659.860,0.030030
184.440,660.677,0.110755
184.450,663.475,0.085854
184.460,1301.113,0.129346
184.470,55.681,0.030331
184.480,32.822,0.093111
184.490,1196.712,0.040238
184.500,1214.025,0.026667
184.510,328.487,0.059606
184.520,1190.581,0.020142
184.530,1182.788,0.012036
184.540,662.291,0.015189
184.550,174.972,0.051610
184.560,34.687,0.330091
184.570,34.141,0.183149
184.580,305.142,0.034148
184.590,36.591,0.075491
184.600,298.942,0.064872
184.610,1221.588,0.030310
184.620,49.630,0.296690
184.630,147.569,0.234677
184.640,298.366,0.183642
184.650,590.351,0.079458
184.660,393.893,0.042268
184.670,389.318,0.025733
184.680,56.523,0.030323
184.690,56.381,0.036947
184.700,1304.157,0.066107
184.710,1295.576,0.035462
184.720,48.721,0.071537
184.730,49.327,0.185486
184.740,32.607,0.138677
184.750,32.972,0.133589
184.760,200.516,0.039628
184.770,198.147,0.197505
184.780,197.612,0.184362
184.790,199.003,0.070644
184.800,594.352,0.139917
184.810,565.764,0.128585
184.820,512.375,0.047928
184.830,48.461,0.038503
184.840,49.095,0.036704
184.850,503.496,0.068616
184.860,985.390,0.012314
184.870,1243.831,0.002646
184.880,1784.865,0.001085
184.890,1165.069,0.027080
184.900,589.173,0.068393
184.910,331.110,0.087509
184.920,32.806,0.033901
184.930,1212.510,0.009643
184.940,1211.229,0.021539
184.950,1182.766,0.027693
184.960,593.417,0.110741
184.970,594.837,0.131970
184.980,1195.242,0.127185
184.990,1194.386,0.119842
185.000,1189.062,0.176731
185.010,594.057,0.126989
185.020,595.044,0.054678
185.030,33.010,0.097283
185.040,101.353,0.487059
185.050,101.484,0.355786
185.060,101.127,0.392384
185.070,100.611,0.492410
185.080,99.913,0.147897
185.090,195.426,0.138700
185.100,191.022,0.197645
185.110,186.435,0.314524
185.120,183.115,0.091684
185.130,193.665,0.097289
185.140,288.253,0.183494
185.150,284.824,0.047428
185.160,32.318,0.056609
185.170,32.080,0.024140
185.180,32.141,0.008911
185.190,32.189,0.007822
185.200,32.172,0.006930
185.210,241.822,0.014468
185.220,555.111,0.203444
185.230,577.307,0.068944
185.240,32.733,0.008943
185.250,327.009,0.158751
185.260,167.257,0.324637
185.270,168.553,0.417375
185.280,168.288,0.479586
185.290,333.890,0.550031
185.300,168.364,0.595468
185.310,168.349,0.737734
185.320,167.876,0.648661
185.330,167.432,0.673421
185.340,166.451,0.716299
185.350,165.699,0.612466
185.360,164.392,0.550913
185.370,164.219,0.446305
185.380,163.131,0.620496
185.390,162.023,0.175662
185.400,590.512,0.251160
185.410,32.478,0.085533
185.420,32.135,0.028560
185.430,1967.931,0.006487
185.440,32.165,0.012554
185.450,1183.862,0.006425
185.460,1187.591,0.065770
185.470,1209.153,0.039502
185.480,1210.594,0.029756
185.490,1220.362,0.032566
185.500,1179.364,0.025193
185.510,289.668,0.068287
185.520,145.295,0.535180
185.530,143.769,0.143931
185.540,33.269,0.095230
185.550,140.927,0.422754
185.560,139.671,0.450494
185.570,134.990,0.151601
185.580,44.508,0.006981
185.590,32.400,0.008391
185.600,78.864,0.012250
185.610,285.200,0.122217
185.620,135.284,0.070789
185.630,1172.050,0.049412
185.640,1166.321,0.053312
185.650,1148.518,0.012536
185.660,1738.490,0.015096
185.670,34.050,0.008510
185.680,33.067,0.013320
185.690,32.340,0.010950
185.700,32.172,0.034563
185.710,32.256,0.029337
185.720,32.277,0.016735
185.730,394.389,0.007344
185.740,1185.724,0.007495
185.750,157.346,0.075744
185.760,323.528,0.183982
185.770,32.800,0.257020
185.780,33.108,0.297797
185.790,32.628,0.162822
185.800,55.338,0.083850
185.810,296.981,0.053224
185.820,294.358,0.327887
185.830,293.766,0.511664
185.840,293.977,0.279426
185.850,667.296,0.039833
185.860,291.026,0.423811
185.870,270.038,0.128730
185.880,152.332,0.085348
185.890,154.794,0.055973
185.900,1633.769,0.019399
185.910,32.565,0.074935
185.920,32.890,0.093293
185.930,32.470,0.054523
185.940,32.527,0.022588
185.950,292.930,0.042086
185.960,294.518,0.045187
185.970,1325.033,0.058911
185.980,291.288,0.097946
185.990,291.422,0.274740
186.000,291.492,0.182113
186.010,332.500,0.085529
186.020,332.175,0.308139
186.030,671.038,0.538660
186.040,670.663,0.687008
186.050,669.292,0.605667
186.060,223.278,0.659065
186.070,222.506,0.806652
186.080,222.685,0.847839
186.090,222.812,0.836216
186.100,223.146,0.828651
186.110,223.152,0.325205
186.120,580.645,0.136429
186.130,258.451,0.486255
186.140,256.938,0.136119
186.150,32.624,0.062338
186.160,1324.225,0.015230
186.170,33.348,0.024673
186.180,32.323,0.017790
186.190,1244.791,0.005623
186.200,1790.101,0.004593
186.210,937.321,0.004916
186.220,968.307,0.001158
186.230,1312.477,0.002690
186.240,1323.993,0.001718
186.250,32.014,0.014287
186.260,46.033,0.017081
186.270,458.641,0.014877
186.280,240.276,0.053931
186.290,33.418,0.107995
186.300,33.517,0.282266
186.310,33.024,0.277132
186.320,49.376,0.018011
186.330,492.321,0.239421
186.340,666.435,0.101027
186.350,671.552,0.260567
186.360,672.375,0.180350
186.370,672.088,0.055086
186.380,33.143,0.039060
186.390,33.444,0.149307
186.400,33.314,0.010290
186.410,1774.779,0.020770
186.420,1790.621,0.017902
186.430,1797.543,0.007227
186.440,1774.101,0.006850
186.450,1602.125,0.022167
186.460,1079.942,0.006692
186.470,531.720,0.016094
186.480,529.577,0.015767
186.490,230.485,0.212307
186.500,33.053,0.106600
186.510,33.407,0.207733
186.520,33.048,0.029654
186.530,38.963,0.010218
186.540,1317.975,0.005853
186.550,1320.761,0.034354
186.560,1336.911,0.018550
186.570,1099.675,0.017093
186.580,225.040,0.258788
186.590,224.253,0.553890
186.600,223.798,0.754265
186.610,224.341,0.692180
186.620,227.455,0.534257
186.630,230.540,0.085038
186.640,294.082,0.245614
186.650,294.327,0.151087
186.660,32.633,0.212389
186.670,32.550,0.106565
186.680,295.734,0.202219
186.690,295.732,0.239245
186.700,49.945,0.209240
186.710,149.108,0.088166
186.720,73.731,0.106701
186.730,293.002,0.064308
186.740,292.750,0.031148
186.750,35.214,0.034409
186.760,299.007,0.149158
186.770,297.985,0.285813
186.780,300.279,0.306196
186.790,298.629,0.550048
186.800,296.566,0.771179
186.810,297.103,0.713249
186.820,297.108,0.370954
186.830,297.850,0.395023
186.840,36.683,0.260240
186.850,1494.525,0.147258
186.860,297.888,0.522749
186.870,302.372,0.484225
186.880,302.468,0.528149
186.890,301.033,0.333870
186.900,37.368,0.132235
186.910,37.062,0.543484
186.920,298.093,0.492977
186.930,295.771,0.563779
186.940,297.172,0.669062
186.950,297.336,0.719283
186.960,298.224,0.613889
186.970,448.652,0.478710
186.980,453.601,0.305806
186.990,452.104,0.200287
187.000,452.190,0.374530
187.010,154.569,0.261416
187.020,151.225,0.499189
187.030,149.380,0.725920
187.040,149.550,0.739111
187.050,149.759,0.625391
187.060,150.129,0.821633
187.070,149.540,0.770451
187.080,149.012,0.785809
187.090,149.016,0.785283
187.100,149.187,0.458728
187.110,149.191,0.428086
187.120,148.389,0.323334
187.130,148.056,0.221890
187.140,322.793,0.185044
187.150,491.933,0.068968
187.160,1226.613,0.013387
187.170,1759.509,0.018576
187.180,240.415,0.028990
187.190,1218.661,0.017696
187.200,1771.259,0.020223
187.210,879.256,0.027522
187.220,588.689,0.066778
187.230,591.915,0.247408
187.240,298.103,0.180315
187.250,330.151,0.478006
187.260,166.849,0.454969
187.270,167.229,0.774118
187.280,167.644,0.752737
187.290,167.777,0.793700
187.300,167.142,0.879786
187.310,166.296,0.835660
187.320,165.865,0.743462
187.330,165.782,0.636453
187.340,166.427,0.626462
187.350,166.224,0.597704
187.360,166.150,0.627545
187.370,333.982,0.219803
187.380,328.424,0.263094
187.390,324.537,0.008503
187.400,49.388,0.185528
187.410,49.529,0.061378
187.420,1068.833,0.016514
187.430,447.612,0.100633
187.440,228.152,0.265657
187.450,446.529,0.192242
187.460,445.205,0.512898
187.470,33.235,0.314930
187.480,444.538,0.198726
187.490,448.926,0.030492
187.500,149.712,0.144131
187.510,99.364,0.189333
187.520,99.598,0.466367
187.530,99.272,0.420390
187.540,198.835,0.471092
187.550,200.672,0.335930
187.560,147.031,0.057089
187.570,66.505,0.285826
187.580,201.969,0.098074
187.590,202.793,0.337852
187.600,99.988,0.406256
187.610,99.422,0.089794
187.620,1815.113,0.012693
187.630,33.273,0.105336
187.640,33.382,0.283467
187.650,33.536,0.043425
187.660,36.148,0.124817
187.670,36.252,0.211338
187.680,32.282,0.065030
187.690,32.326,0.077764
187.700,32.504,0.116491
187.710,33.113,0.060353
187.720,33.234,0.330790
187.730,33.057,0.296826
187.740,32.563,0.097472
187.750,32.318,0.764611
187.760,32.580,0.740186
187.770,33.491,0.063094
187.780,52.266,0.234672
187.790,52.487,0.131234
187.800,54.074,0.018268
187.810,49.551,0.041517
187.820,49.007,0.031939
187.830,115.244,0.092573
187.840,54.849,0.009059
187.850,32.167,0.016812
187.860,32.155,0.074125
187.870,33.869,0.041105
187.880,33.875,0.031429
187.890,1831.929,0.023314
187.900,1876.119,0.019428
187.910,51.658,0.010608
187.920,32.207,0.007844
187.930,54.482,0.009852
187.940,32.224,0.009882
187.950,50.897,0.038255
187.960,49.890,0.015471
187.970,1849.578,0.008032
187.980,1907.282,0.022662
187.990,1910.118,0.021307
188.000,1770.003,0.030075
188.010,878.500,0.041366
188.020,1788.120,0.052549
188.030,595.414,0.040212
188.040,396.557,0.217753
188.050,398.071,0.303149
188.060,400.032,0.178881
188.070,594.430,0.170166
188.080,400.372,0.043287
188.090,589.068,0.058269
188.100,398.427,0.037377
188.110,32.267,0.032453
188.120,55.716,0.044546
188.130,32.734,0.062422
188.140,32.564,0.282136
188.150,32.728,0.087582
188.160,195.481,0.357680
188.170,196.977,0.545026
188.180,197.128,0.211104
188.190,98.542,0.068985
188.200,404.204,0.180985
188.210,197.951,0.480808
188.220,196.617,0.638490
188.230,197.783,0.706031
188.240,296.507,0.316650
188.250,329.970,0.296159
188.260,357.182,0.456128
188.270,371.573,0.395936
188.280,400.912,0.416531
188.290,394.247,0.461407
188.300,410.844,0.387897
188.310,432.301,0.374764
188.320,467.061,0.665055
188.330,471.670,0.766537
188.340,477.710,0.548241
188.350,471.688,0.358023
188.360,463.080,0.204459
188.370,166.966,0.129471
188.380,166.436,0.580314
188.390,166.981,0.721820
188.400,166.312,0.590642
188.410,165.416,0.669457
188.420,164.184,0.650539
188.430,491.584,0.537133
188.440,156.414,0.281873
188.450,457.786,0.432229
188.460,305.288,0.356545
188.470,469.733,0.385620
188.480,466.839,0.610618
188.490,459.921,0.796131
188.500,456.981,0.851200
188.510,455.764,0.852236
188.520,455.050,0.792571
188.530,455.744,0.843727
188.540,456.831,0.797267
188.550,458.561,0.802378
188.560,460.563,0.831835
188.570,460.804,0.862223
188.580,458.582,0.882004
188.590,454.669,0.824884
188.600,450.106,0.837513
188.610,441.491,0.777191
188.620,436.712,0.752671
188.630,430.845,0.525722
188.640,208.289,0.309588
188.650,201.596,0.606115
188.660,199.767,0.772108
188.670,199.735,0.860716
188.680,199.193,0.892314
188.690,200.326,0.849775
188.700,201.055,0.840442
188.710,203.467,0.787841
188.720,206.766,0.696985
188.730,210.671,0.665740
188.740,422.409,0.833914
188.750,418.594,0.875280
188.760,414.012,0.852894
188.770,407.697,0.830032
188.780,400.520,0.854339
188.790,395.218,0.922180
188.800,391.035,0.913598
188.810,385.978,0.870468
188.820,380.546,0.900028
188.830,375.474,0.864368
188.840,365.705,0.759429
188.850,354.984,0.887267
188.860,347.961,0.844335
188.870,338.279,0.782881
188.880,329.301,0.732420
188.890,316.569,0.629227
188.900,307.554,0.677591
188.910,298.464,0.670069
188.920,292.367,0.888077
188.930,293.514,0.941256
188.940,296.233,0.903102
188.950,301.996,0.685720
188.960,313.601,0.750857
188.970,316.305,0.912556
188.980,316.600,0.906865
188.990,314.079,0.749678
189.000,308.678,0.608652
189.010,303.387,0.506409
189.020,258.962,0.330757
189.030,249.711,0.591428
189.040,249.163,0.599081
189.050,247.055,0.196564
189.060,250.290,0.566547
189.070,308.071,0.074595
189.080,246.872,0.257590
189.090,300.763,0.109827
189.100,328.618,0.277313
189.110,332.549,0.592343
189.120,330.465,0.869784
189.130,331.727,0.901713
189.140,334.885,0.862995
189.150,336.896,0.860200
189.160,341.081,0.848032
189.170,343.298,0.854475
189.180,345.477,0.877343
189.190,344.525,0.850420
189.200,342.227,0.814584
189.210,339.180,0.786580
189.220,341.018,0.759635
189.230,344.803,0.815203
189.240,344.763,0.884411
189.250,343.262,0.897922
189.260,339.752,0.847378
189.270,335.190,0.886281
189.280,333.152,0.853828
189.290,332.416,0.740497
189.300,335.538,0.534346
189.310,338.001,0.258297
189.320,249.399,0.412626
189.330,252.930,0.397984
189.340,254.352,0.370472
189.350,342.657,0.656428
189.360,347.167,0.791107
189.370,343.625,0.816700
189.380,343.205,0.915746
189.390,341.968,0.935190
189.400,340.403,0.905032
189.410,338.052,0.910766
189.420,336.751,0.898163
189.430,335.888,0.936154
189.440,334.874,0.960766
189.450,333.520,0.945409
189.460,332.781,0.899979
189.470,334.776,0.857502
189.480,337.742,0.836087
189.490,339.372,0.821339
189.500,340.582,0.820712
189.510,342.096,0.835293
189.520,340.824,0.856736
189.530,341.312,0.833059
189.540,341.266,0.825958
189.550,342.211,0.847097
189.560,342.415,0.851486
189.570,343.766,0.888348
189.580,344.186,0.877272
189.590,345.074,0.850344
189.600,343.502,0.788196
189.610,338.706,0.769412
189.620,333.249,0.820674
189.630,326.970,0.832444
189.640,323.602,0.865842
189.650,317.928,0.642734
189.660,286.821,0.360051
189.670,274.389,0.814020
189.680,268.522,0.919468
189.690,261.184,0.896117
189.700,257.883,0.934067
189.710,257.633,0.947059
189.720,259.710,0.938935
189.730,261.831,0.908989
189.740,264.891,0.890724
189.750,268.164,0.909607
189.760,269.931,0.937502
189.770,270.620,0.912450
189.780,270.711,0.831979
189.790,270.563,0.578287
189.800,334.178,0.737332
189.810,332.959,0.681730
189.820,330.018,0.541414
189.830,329.938,0.279905
189.840,292.621,0.196818
189.850,291.122,0.669771
189.860,291.380,0.585097
189.870,290.987,0.471593
189.880,288.409,0.490928
189.890,284.995,0.400772
189.900,270.948,0.336078
189.910,268.383,0.541732
189.920,268.092,0.519429
189.930,268.704,0.520964
189.940,268.217,0.567735
189.950,267.465,0.489530
189.960,334.305,0.265618
189.970,295.536,0.296919
189.980,267.931,0.281686
189.990,266.687,0.413845
190.000,269.728,0.581993
190.010,275.059,0.473347
190.020,269.424,0.258261
190.030,133.316,0.200071
190.040,133.052,0.165682
190.050,132.670,0.150299
190.060,32.527,0.328206
190.070,32.338,0.099009
190.080,42.214,0.025717
190.090,438.561,0.018633
190.100,449.860,0.064914
190.110,446.947,0.072958
190.120,1973.740,0.020651
190.130,1974.969,0.023628
190.140,1982.983,0.032605
190.150,290.925,0.082799
190.160,314.009,0.387257
190.170,315.577,0.505356
190.180,321.816,0.702781
190.190,323.221,0.732418
190.200,326.019,0.741683
190.210,330.635,0.851120
190.220,335.140,0.853390
190.230,342.210,0.796384
190.240,347.777,0.875912
190.250,349.658,0.954853
190.260,351.935,0.934647
190.270,356.357,0.889105
190.280,360.915,0.890860
190.290,365.081,0.896687
190.300,367.905,0.893067
190.310,367.190,0.852775
190.320,362.136,0.681372
190.330,353.806,0.739487
190.340,348.505,0.710620
190.350,342.619,0.673835
190.360,339.645,0.675678
190.370,335.380,0.630288
190.380,334.431,0.702460
190.390,335.244,0.810937
190.400,337.665,0.690324
190.410,340.274,0.738611
190.420,340.469,0.802462
190.430,341.913,0.897547
190.440,343.584,0.927099
190.450,345.715,0.943152
190.460,345.579,0.941624
190.470,342.796,0.887973
190.480,334.920,0.871536
190.490,326.348,0.636689
190.500,312.471,0.784999
190.510,306.164,0.925693
190.520,302.390,0.926788
190.530,299.713,0.925731
190.540,299.854,0.925103
190.550,300.602,0.938096
190.560,300.645,0.917320
190.570,299.018,0.851302
190.580,298.669,0.618123
190.590,1803.120,0.061226
190.600,35.265,0.025152
190.610,35.719,0.135811
190.620,251.381,0.442542
190.630,253.927,0.673281
190.640,249.111,0.734047
190.650,253.748,0.678242
190.660,284.373,0.447857
190.670,297.001,0.512428
190.680,297.792,0.672932
190.690,299.666,0.792150
190.700,300.446,0.792340
190.710,298.984,0.754788
190.720,296.944,0.770063
190.730,295.376,0.816449
190.740,293.031,0.814443
190.750,294.017,0.886594
190.760,296.934,0.835617
190.770,301.032,0.880569
190.780,304.734,0.892168
190.790,306.420,0.925647
190.800,305.669,0.938417
190.810,304.993,0.936135
190.820,304.233,0.872836
190.830,302.179,0.667728
190.840,1832.401,0.190094
190.850,253.405,0.710100
190.860,253.863,0.896935
190.870,253.701,0.902071
190.880,252.214,0.865359
190.890,250.727,0.663115
190.900,322.055,0.334169
190.910,322.502,0.630094
190.920,324.527,0.792222
190.930,325.912,0.836172
190.940,328.550,0.871931
190.950,332.302,0.823402
190.960,339.008,0.725636
190.970,346.288,0.808069
190.980,347.431,0.895292
190.990,346.153,0.797209
191.000,335.975,0.550965
191.010,332.280,0.751147
191.020,331.792,0.858084
191.030,329.544,0.767603
191.040,323.099,0.813820
191.050,321.282,0.879642
191.060,320.133,0.819748
191.070,316.592,0.366526
191.080,310.172,0.357297
191.090,306.047,0.683844
191.100,303.406,0.739004
191.110,303.505,0.842305
191.120,304.443,0.863950
191.130,307.322,0.855441
191.140,311.229,0.844616
191.150,315.966,0.673881
191.160,322.959,0.801258
191.170,321.248,0.759226
191.180,314.143,0.710455
191.190,308.114,0.830817
191.200,301.459,0.840315
191.210,294.074,0.729614
191.220,282.850,0.635174
191.230,268.036,0.696986
191.240,253.947,0.760122
191.250,246.688,0.862835
191.260,243.874,0.921640
191.270,241.153,0.942175
191.280,239.518,0.955991
191.290,239.823,0.905492
191.300,241.841,0.784585
191.310,243.504,0.574812
191.320,243.041,0.096392
191.330,351.045,0.193818
191.340,345.807,0.172698
191.350,335.332,0.395238
191.360,267.391,0.352484
191.370,334.448,0.678108
191.380,330.186,0.679100
191.390,275.478,0.506300
191.400,271.986,0.534748
191.410,270.677,0.619078
191.420,269.106,0.877628
191.430,267.968,0.880120
191.440,263.399,0.763732
191.450,258.886,0.861294
191.460,257.724,0.847886
191.470,256.927,0.752982
191.480,253.100,0.621534
191.490,249.600,0.364348
191.500,400.516,0.426988
191.510,401.833,0.424008
191.520,200.313,0.518170
191.530,200.012,0.422673
191.540,200.884,0.528266
191.550,201.750,0.450076
191.560,134.993,0.252640
191.570,596.607,0.079531
191.580,792.087,0.024294
191.590,51.008,0.255560
191.600,297.464,0.492632
191.610,297.058,0.566377
191.620,297.490,0.570584
191.630,298.650,0.587329
191.640,299.498,0.542588
191.650,302.656,0.228401
191.660,33.265,0.022645
191.670,32.826,0.067394
191.680,32.242,0.088816
191.690,32.286,0.021642
191.700,32.378,0.057691
191.710,42.397,0.074090
191.720,299.701,0.308851
191.730,298.667,0.527285
191.740,298.836,0.170595
191.750,297.849,0.238988
191.760,49.876,0.172617
191.770,296.144,0.116922
191.780,42.549,0.291986
191.790,42.789,0.320406
191.800,33.824,0.030990
191.810,32.817,0.044241
191.820,32.729,0.019109
191.830,36.179,0.080500
191.840,49.147,0.068294
191.850,37.760,0.069299
191.860,32.698,0.031823
191.870,48.934,0.043826
191.880,49.812,0.308541
191.890,49.916,0.187700
191.900,50.002,0.478219
191.910,51.222,0.078880
191.920,55.543,0.065394
191.930,406.634,0.094603
191.940,253.164,0.147510
191.950,50.168,0.276763
191.960,299.258,0.161246
191.970,297.770,0.235009
191.980,298.655,0.276789
191.990,299.355,0.333600
192.000,298.232,0.340899
192.010,198.855,0.412930
192.020,199.762,0.553985
192.030,201.491,0.532113
192.040,604.610,0.168182
192.050,1210.002,0.020048
192.060,555.858,0.098354
192.070,578.850,0.100110
192.080,584.964,0.033598
192.090,1171.977,0.024834
192.100,1187.664,0.052914
192.110,1184.813,0.087419
192.120,589.816,0.149768
192.130,588.970,0.179255
192.140,440.523,0.203468
192.150,442.496,0.580476
192.160,447.086,0.388122
192.170,459.610,0.367387
192.180,262.228,0.318996
192.190,266.106,0.517429
192.200,276.363,0.455809
192.210,284.105,0.342387
192.220,299.335,0.580172
192.230,303.459,0.311406
192.240,401.756,0.162877
192.250,199.484,0.363358
192.260,398.542,0.329701
192.270,200.985,0.463618
192.280,201.784,0.530205
192.290,599.528,0.254762
192.300,589.048,0.317197
192.310,331.242,0.045527
192.320,332.800,0.560916
192.330,334.473,0.843533
192.340,335.867,0.848385
192.350,335.641,0.752820
192.360,335.300,0.854593
192.370,334.240,0.598869
192.380,448.085,0.373296
192.390,447.938,0.764246
192.400,447.576,0.893504
192.410,446.267,0.913483
192.420,445.484,0.869560
192.430,445.771,0.856359
192.440,448.443,0.844002
192.450,451.882,0.868957
192.460,454.177,0.885658
192.470,455.578,0.912764
192.480,458.790,0.886232
192.490,459.946,0.833423
192.500,455.519,0.788513
192.510,448.026,0.723428
192.520,441.774,0.797133
192.530,438.100,0.687908
192.540,438.710,0.471572
192.550,405.183,0.363609
192.560,398.409,0.567061
192.570,402.999,0.567905
192.580,151.593,0.268638
192.590,416.839,0.216749
192.600,417.224,0.513754
192.610,411.806,0.623538
192.620,409.261,0.814397
192.630,409.037,0.857408
192.640,410.499,0.849847
192.650,411.273,0.906008
192.660,411.972,0.924066
192.670,410.936,0.876906
192.680,407.627,0.850544
192.690,401.139,0.798611
192.700,396.518,0.852539
192.710,393.261,0.938808
192.720,392.977,0.947592
192.730,395.657,0.911560
192.740,398.475,0.956584
192.750,400.091,0.933407
192.760,400.923,0.937023
192.770,400.818,0.929665
192.780,399.145,0.944109
192.790,396.632,0.945116
192.800,394.044,0.948733
192.810,392.422,0.917547
192.820,392.867,0.762040
192.830,391.177,0.446868
192.840,365.852,0.699834
192.850,372.765,0.507817
192.860,381.855,0.604443
192.870,383.953,0.782836
192.880,383.662,0.862111
192.890,383.539,0.891816
192.900,382.180,0.914470
192.910,382.858,0.866864
192.920,382.627,0.836870
192.930,381.905,0.795082
192.940,380.066,0.539448
192.950,392.925,0.240000
192.960,402.025,0.566004
192.970,397.068,0.369004
192.980,397.500,0.275296
192.990,251.015,0.309423
193.000,253.608,0.389833
193.010,395.503,0.276359
193.020,404.747,0.374052
193.030,436.803,0.559116
193.040,435.675,0.709459
193.050,432.644,0.780088
193.060,429.864,0.892289
193.070,427.723,0.880164
193.080,424.166,0.867720
193.090,421.235,0.908065
193.100,417.911,0.910860
193.110,415.546,0.906167
193.120,414.548,0.853124
193.130,412.743,0.915642
193.140,410.319,0.901093
193.150,408.003,0.892321
193.160,405.536,0.868498
193.170,404.069,0.777598
193.180,401.767,0.588852
193.190,338.589,0.348614
193.200,336.890,0.827206
193.210,336.325,0.887927
193.220,333.145,0.908626
193.230,333.383,0.913918
193.240,332.450,0.907595
193.250,331.699,0.871848
193.260,331.942,0.731548
193.270,404.894,0.399245
193.280,405.958,0.686295
193.290,405.368,0.820225
193.300,404.809,0.860935
193.310,402.178,0.853768
193.320,398.042,0.764365
193.330,392.280,0.740532
193.340,380.582,0.656223
193.350,369.100,0.714703
193.360,355.536,0.804610
193.370,349.417,0.916466
193.380,345.925,0.918375
193.390,342.372,0.907052
193.400,339.312,0.834639
193.410,337.131,0.829337
193.420,336.283,0.632051
193.430,336.949,0.701159
193.440,340.168,0.737472
193.450,341.048,0.770638
193.460,342.426,0.841946
193.470,340.710,0.860651
193.480,338.093,0.895779
193.490,334.216,0.909597
193.500,330.866,0.878053
193.510,328.314,0.900448
193.520,327.509,0.890275
193.530,326.404,0.866534
193.540,326.679,0.889903
193.550,327.303,0.923615
193.560,329.509,0.901074
193.570,332.811,0.917519
193.580,335.997,0.952141
193.590,337.451,0.965521
193.600,337.489,0.948136
193.610,338.571,0.924151
193.620,338.920,0.851314
193.630,332.704,0.579288
193.640,328.877,0.371871
193.650,299.133,0.450587
193.660,330.185,0.392532
193.670,330.453,0.522237
193.680,331.458,0.810862
193.690,330.708,0.906787
193.700,327.494,0.903332
193.710,326.792,0.930717
193.720,330.669,0.889922
193.730,347.180,0.693787
193.740,357.019,0.797451
193.750,368.497,0.776683
193.760,377.369,0.875883
193.770,381.208,0.939796
193.780,383.648,0.930504
193.790,386.575,0.887067
193.800,390.045,0.890006
193.810,395.569,0.849910
193.820,401.113,0.875971
193.830,402.523,0.881462
193.840,401.929,0.854866
193.850,399.733,0.690577
193.860,393.527,0.628033
193.870,387.724,0.315286
193.880,339.066,0.272522
193.890,366.058,0.215453
193.900,341.146,0.456789
193.910,339.697,0.751410
193.920,340.286,0.834202
193.930,341.098,0.905375
193.940,339.889,0.887805
193.950,339.624,0.890975
193.960,339.111,0.891157
193.970,342.347,0.857036
193.980,347.281,0.928585
193.990,350.323,0.951592
194.000,353.450,0.890068
194.010,359.138,0.789357
194.020,364.927,0.584842
194.030,371.062,0.532902
194.040,371.731,0.829834
194.050,370.356,0.796711
194.060,366.330,0.648162
194.070,355.867,0.553853
194.080,350.826,0.629985
194.090,349.057,0.637143
194.100,347.639,0.545224
194.110,346.779,0.053717
194.120,337.697,0.024202
194.130,325.322,0.220033
194.140,331.994,0.569132
194.150,334.656,0.681737
194.160,334.238,0.773920
194.170,335.663,0.817714
194.180,340.613,0.758057
194.190,349.432,0.886250
194.200,352.806,0.943459
194.210,351.814,0.943814
194.220,350.021,0.953469
194.230,346.277,0.944803
194.240,341.897,0.925978
194.250,336.678,0.853778
194.260,330.852,0.855666
194.270,320.763,0.578209
194.280,307.570,0.682255
194.290,301.684,0.859760
194.300,297.760,0.746343
194.310,334.913,0.316788
194.320,330.388,0.449540
194.330,323.219,0.408865
194.340,304.500,0.424438
194.350,305.973,0.687326
194.360,306.881,0.877711
194.370,307.131,0.939211
194.380,307.573,0.962943
194.390,306.835,0.945067
194.400,305.133,0.959413
194.410,302.421,0.930641
194.420,297.864,0.895926
194.430,294.165,0.943360
194.440,294.394,0.947382
194.450,298.519,0.865842
194.460,305.312,0.787668
194.470,311.558,0.874922
194.480,316.335,0.908101
194.490,320.574,0.881676
194.500,326.842,0.861830
194.510,332.758,0.871627
194.520,337.964,0.923413
194.530,339.637,0.938352
194.540,340.126,0.911452
194.550,339.741,0.874584
194.560,338.403,0.879366
194.570,337.125,0.801435
194.580,333.908,0.697940
194.590,330.460,0.604838
194.600,330.013,0.537709
194.610,660.747,0.106454
194.620,292.180,0.116793
194.630,263.782,0.298807
194.640,247.997,0.514163
194.650,251.656,0.640037
194.660,342.509,0.369392
194.670,341.212,0.602113
194.680,341.269,0.729131
194.690,340.115,0.814787
194.700,339.022,0.820327
194.710,335.944,0.843699
194.720,334.534,0.916110
194.730,334.841,0.932007
194.740,338.866,0.914991
194.750,345.663,0.918006
194.760,348.930,0.930436
194.770,346.228,0.949108
194.780,341.372,0.887829
194.790,334.178,0.814170
194.800,329.259,0.766772
194.810,330.452,0.602650
194.820,333.586,0.539821
194.830,266.901,0.186454
194.840,251.836,0.345954
194.850,251.825,0.235956
194.860,223.718,0.044216
194.870,1465.329,0.069677
194.880,264.929,0.234962
194.890,250.770,0.666284
194.900,256.357,0.441439
194.910,304.105,0.371307
194.920,306.548,0.631982
194.930,308.277,0.834170
194.940,307.877,0.905468
194.950,307.686,0.913084
194.960,304.430,0.902119
194.970,300.151,0.867177
194.980,296.511,0.875897
194.990,293.841,0.838565
195.000,293.240,0.548423
195.010,295.667,0.359446
195.020,281.916,0.346992
195.030,276.287,0.390302
195.040,273.498,0.330761
195.050,269.274,0.629102
195.060,264.772,0.384819
195.070,263.748,0.233979
195.080,270.172,0.511183
195.090,270.401,0.540415
195.100,269.978,0.668364
195.110,270.320,0.884224
195.120,273.121,0.864322
195.130,274.898,0.822749
195.140,273.652,0.773368
195.150,271.934,0.832029
195.160,271.027,0.718582
195.170,267.952,0.290457
195.180,290.329,0.333501
195.190,295.341,0.392093
195.200,300.430,0.117054
195.210,42.424,0.124593
195.220,300.886,0.243658
195.230,300.746,0.213265
195.240,277.940,0.478793
195.250,273.264,0.572907
195.260,276.801,0.620238
195.270,274.715,0.782358
195.280,269.270,0.753509
195.290,262.349,0.700152
195.300,259.211,0.747548
195.310,254.115,0.801799
195.320,250.568,0.863744
195.330,247.901,0.861664
195.340,246.733,0.852812
195.350,246.012,0.800462
195.360,245.801,0.784889
195.370,246.267,0.842862
195.380,246.612,0.903391
195.390,247.632,0.937947
195.400,248.476,0.937424
195.410,248.851,0.922744
195.420,248.926,0.915806
195.430,248.214,0.938548
195.440,247.224,0.939425
195.450,245.844,0.937262
195.460,244.553,0.953267
195.470,244.287,0.938458
195.480,244.615,0.901256
195.490,245.526,0.715598
195.500,251.640,0.698091
195.510,256.691,0.603784
195.520,259.841,0.441670
195.530,262.379,0.577560
195.540,266.061,0.755687
195.550,262.771,0.666733
195.560,256.523,0.761365
195.570,252.627,0.813361
195.580,250.411,0.860021
195.590,247.289,0.887436
195.600,245.280,0.893363
195.610,241.359,0.883944
195.620,238.753,0.872089
195.630,235.422,0.811954
195.640,232.221,0.837164
195.650,229.854,0.857489
195.660,226.928,0.889985
195.670,223.608,0.905205
195.680,220.359,0.885822
195.690,215.249,0.872600
195.700,210.048,0.874528
195.710,205.477,0.876681
195.720,202.136,0.807947
195.730,200.428,0.664195
195.740,201.160,0.606859
195.750,204.123,0.769382
195.760,205.413,0.856431
195.770,206.073,0.844228
195.780,208.231,0.653563
195.790,218.666,0.259396
195.800,246.527,0.078571
195.810,301.229,0.054426
195.820,250.169,0.085975
195.830,796.953,0.122675
195.840,792.992,0.228565
195.850,795.454,0.090097
195.860,50.324,0.060394
195.870,60.977,0.232894
195.880,61.022,0.429304
195.890,60.657,0.368074
195.900,247.460,0.148295
195.910,247.961,0.414271
195.920,248.885,0.432323
195.930,247.886,0.371354
195.940,248.444,0.164430
195.950,991.106,0.094153
195.960,48.628,0.078547
195.970,194.226,0.157163
195.980,197.006,0.184447
195.990,594.205,0.253085
196.000,593.322,0.144358
196.010,302.690,0.042617
196.020,1177.261,0.042661
196.030,331.365,0.033460
196.040,1465.745,0.016122
196.050,339.417,0.033114
196.060,195.337,0.170346
196.070,426.747,0.241948
196.080,433.341,0.465079
196.090,441.457,0.392302
196.100,445.923,0.486370
196.110,458.750,0.671715
196.120,459.845,0.824330
196.130,460.672,0.871918
196.140,461.546,0.911265
196.150,463.664,0.871277
196.160,466.779,0.882211
196.170,469.971,0.882092
196.180,471.374,0.863226
196.190,471.029,0.841838
196.200,469.015,0.792934
196.210,463.071,0.738909
196.220,457.196,0.635186
196.230,452.975,0.467482
196.240,334.931,0.316900
196.250,337.228,0.488685
196.260,168.941,0.507827
196.270,168.169,0.475347
196.280,168.272,0.344927
196.290,168.259,0.200355
196.300,1194.999,0.087235
196.310,1187.728,0.069281
196.320,304.091,0.095793
196.330,442.156,0.475479
196.340,443.008,0.598518
196.350,442.903,0.620061
196.360,446.186,0.673953
196.370,447.861,0.589532
196.380,149.379,0.537967
196.390,148.951,0.520997
196.400,147.631,0.650126
196.410,436.051,0.684381
196.420,426.688,0.723669
196.430,417.377,0.781194
196.440,410.448,0.798852
196.450,404.426,0.872485
196.460,400.782,0.882423
196.470,397.073,0.903507
196.480,395.339,0.923682
196.490,396.079,0.915492
196.500,397.253,0.936831
196.510,398.197,0.918179
196.520,397.882,0.887618
196.530,395.860,0.845035
196.540,393.813,0.766276
196.550,393.406,0.710304
196.560,396.689,0.768844
196.570,397.278,0.821424
196.580,396.327,0.864097
196.590,391.399,0.884424
196.600,388.263,0.868545
196.610,382.251,0.798117
196.620,378.328,0.702792
196.630,367.815,0.532166
196.640,357.191,0.645051
196.650,346.885,0.713766
196.660,335.283,0.711261
196.670,325.754,0.636811
196.680,310.115,0.618415
196.690,300.896,0.793942
196.700,295.057,0.900710
196.710,294.326,0.930049
196.720,296.596,0.875709
196.730,301.198,0.855994
196.740,307.423,0.784470
196.750,312.329,0.907946
196.760,316.393,0.920089
196.770,320.175,0.901087
196.780,325.722,0.753445
196.790,332.633,0.909374
196.800,333.971,0.953168
196.810,333.146,0.929098
196.820,332.516,0.916734
196.830,331.830,0.926643
196.840,330.818,0.952709
196.850,330.569,0.956871
196.860,330.033,0.940850
196.870,329.779,0.940200
196.880,330.480,0.950350
196.890,331.465,0.937400
196.900,331.700,0.930290
196.910,331.739,0.941827
196.920,332.724,0.942365
196.930,334.088,0.953803
196.940,336.820,0.922948
196.950,337.400,0.876066
196.960,335.231,0.753568
196.970,332.265,0.567939
196.980,333.595,0.527890
196.990,1977.311,0.153230
197.000,1976.926,0.160261
197.010,322.636,0.121310
197.020,302.208,0.307596
197.030,328.903,0.209632
197.040,274.488,0.350287
197.050,350.062,0.180325
197.060,344.389,0.390436
197.070,340.563,0.572692
197.080,337.355,0.770569
197.090,336.026,0.920726
197.100,334.959,0.956003
197.110,334.435,0.965286
197.120,334.543,0.955662
197.130,334.702,0.946042
197.140,335.314,0.932578
197.150,336.012,0.914474
197.160,336.692,0.906649
197.170,337.414,0.915203
197.180,338.250,0.928505
197.190,339.398,0.915990
197.200,339.759,0.909239
197.210,339.900,0.908835
197.220,338.169,0.913846
197.230,337.928,0.924594
197.240,335.901,0.883085
197.250,332.860,0.790588
197.260,328.414,0.576877
197.270,309.678,0.588901
197.280,306.058,0.672407
197.290,302.596,0.633311
197.300,297.635,0.665112
197.310,333.301,0.547406
197.320,302.768,0.625790
197.330,298.996,0.743667
197.340,297.794,0.715668
197.350,297.439,0.600464
197.360,293.812,0.647557
197.370,294.972,0.550784
197.380,298.879,0.447636
197.390,308.297,0.414842
197.400,309.671,0.673751
197.410,309.662,0.793541
197.420,308.295,0.843501
197.430,307.841,0.753071
197.440,303.402,0.636929
197.450,300.134,0.307673
197.460,271.027,0.499643
197.470,263.178,0.654200
197.480,265.880,0.592616
197.490,269.437,0.691276
197.500,272.281,0.823766
197.510,276.524,0.851693
197.520,278.752,0.818699
197.530,282.242,0.758231
197.540,284.695,0.724982
197.550,285.996,0.501502
197.560,279.943,0.325979
197.570,301.283,0.320528
197.580,298.672,0.588138
197.590,297.234,0.544644
197.600,290.558,0.548962
197.610,290.261,0.665583
197.620,289.901,0.574989
197.630,293.943,0.422010
197.640,302.524,0.479236
197.650,322.373,0.345239
197.660,332.701,0.520151
197.670,332.684,0.566262
197.680,330.879,0.398431
197.690,329.468,0.204406
197.700,302.011,0.594193
197.710,297.474,0.505273
197.720,295.820,0.479465
197.730,290.867,0.586988
197.740,290.615,0.429515
197.750,270.080,0.356518
197.760,297.639,0.366031
197.770,290.654,0.402069
197.780,271.636,0.291650
197.790,266.996,0.393005
197.800,266.535,0.567273
197.810,132.864,0.293608
197.820,132.769,0.420949
197.830,131.966,0.391691
197.840,132.767,0.232432
197.850,134.165,0.378895
197.860,533.046,0.460952
197.870,534.703,0.587037
197.880,535.881,0.609120
197.890,536.431,0.370765
197.900,536.187,0.231800
197.910,291.459,0.153963
197.920,72.882,0.123831
197.930,810.323,0.101184
197.940,803.831,0.062668
197.950,434.468,0.195926
197.960,433.155,0.400748
197.970,429.385,0.548136
197.980,428.445,0.441859
197.990,425.673,0.457987
198.000,275.927,0.258404
198.010,279.508,0.576036
198.020,285.294,0.641406
198.030,290.573,0.456868
198.040,329.551,0.359039
198.050,309.930,0.352834
198.060,317.173,0.348283
198.070,351.850,0.466472
198.080,360.168,0.876635
198.090,362.010,0.911390
198.100,359.329,0.918057
198.110,356.022,0.943237
198.120,354.154,0.965598
198.130,353.678,0.957308
198.140,353.878,0.963652
198.150,354.053,0.964475
198.160,353.588,0.961693
198.170,353.648,0.963139
198.180,353.343,0.958356
198.190,352.450,0.933379
198.200,351.119,0.929529
198.210,347.135,0.756611
198.220,338.931,0.468711
198.230,330.151,0.513937
198.240,327.999,0.271924
198.250,1058.456,0.053440
198.260,350.699,0.341361
198.270,365.170,0.305245
198.280,372.743,0.529260
198.290,372.321,0.759979
198.300,372.155,0.851904
198.310,369.945,0.877364
198.320,366.901,0.903217
198.330,365.814,0.903346
198.340,366.053,0.912085
198.350,366.034,0.901272
198.360,366.524,0.917253
198.370,367.284,0.931211
198.380,366.648,0.915853
198.390,363.329,0.835335
198.400,358.174,0.847195
198.410,354.414,0.750249
198.420,350.307,0.387816
198.430,339.310,0.334648
198.440,331.850,0.115529
198.450,265.084,0.146488
198.460,249.631,0.294564
198.470,249.911,0.406838
198.480,250.762,0.534899
198.490,250.539,0.416486
198.500,252.161,0.391250
198.510,251.093,0.429047
198.520,250.570,0.577311
198.530,302.293,0.293011
198.540,320.945,0.451949
198.550,322.082,0.671867
198.560,323.169,0.793318
198.570,321.075,0.576396
198.580,305.937,0.675633
198.590,301.034,0.854823
198.600,293.520,0.793823
198.610,288.625,0.897258
198.620,287.477,0.947761
198.630,288.212,0.959517
198.640,290.618,0.911810
198.650,294.775,0.945395
198.660,297.496,0.944693
198.670,299.229,0.956146
198.680,300.060,0.925761
198.690,299.517,0.901507
198.700,295.988,0.725091
198.710,282.546,0.508881
198.720,275.944,0.610540
198.730,281.104,0.647269
198.740,280.727,0.751487
198.750,281.765,0.768710
198.760,280.504,0.800201
198.770,278.030,0.821929
198.780,277.182,0.854508
198.790,277.474,0.864691
198.800,279.680,0.816207
198.810,282.232,0.835749
198.820,285.146,0.892747
198.830,285.207,0.895535
198.840,281.230,0.822781
198.850,277.276,0.783409
198.860,272.935,0.856875
198.870,270.815,0.893101
198.880,271.632,0.911725
198.890,272.064,0.933626
198.900,272.990,0.899498
198.910,272.615,0.844226
198.920,272.029,0.828234
198.930,270.393,0.786557
198.940,268.827,0.457391
198.950,263.563,0.224855
198.960,266.901,0.606605
198.970,261.389,0.791940
198.980,261.599,0.840662
198.990,259.917,0.805398
199.000,259.709,0.841646
199.010,262.473,0.844366
199.020,263.325,0.845118
199.030,264.614,0.812648
199.040,265.424,0.841375
199.050,263.617,0.824917
199.060,260.034,0.784033
199.070,254.860,0.706119
199.080,250.138,0.517227
199.090,242.084,0.619493
199.100,241.538,0.725726
199.110,243.970,0.679772
199.120,248.727,0.652205
199.130,249.974,0.593290
199.140,250.385,0.515422
199.150,244.699,0.446796
199.160,239.095,0.250673
199.170,223.056,0.246318
199.180,191.795,0.077433
199.190,181.080,0.108607
199.200,330.180,0.232617
199.210,1335.037,0.024812
199.220,1341.712,0.111882
199.230,1343.221,0.151377
199.240,1339.937,0.137251
199.250,1337.721,0.073744
199.260,1337.814,0.035456
199.270,333.951,0.135072
199.280,326.507,0.482355
199.290,322.177,0.620285
199.300,308.726,0.601400
199.310,305.373,0.683747
199.320,305.045,0.748353
199.330,299.928,0.744489
199.340,295.996,0.803225
199.350,292.979,0.690031
199.360,287.306,0.633442
199.370,287.982,0.630083
199.380,287.615,0.651653
199.390,280.187,0.728861
199.400,280.388,0.767530
199.410,284.010,0.760960
199.420,289.717,0.798920
199.430,294.577,0.875298
199.440,298.868,0.943090
199.450,299.768,0.933558
199.460,297.677,0.889760
199.470,291.911,0.696181
199.480,284.745,0.614511
199.490,272.967,0.564978
199.500,266.340,0.772831
199.510,262.011,0.824984
199.520,263.656,0.799022
199.530,263.114,0.778523
199.540,261.912,0.707934
199.550,261.575,0.648906
199.560,259.244,0.580766
199.570,255.124,0.789969
199.580,251.534,0.816640
199.590,247.913,0.797991
199.600,247.751,0.791656
199.610,246.459,0.816622
199.620,248.620,0.742429
199.630,250.481,0.722187
199.640,251.201,0.600919
199.650,253.321,0.279368
199.660,254.341,0.375741
199.670,252.467,0.263220
199.680,274.306,0.281887
199.690,259.934,0.303143
199.700,258.066,0.498421
199.710,255.227,0.496063
199.720,254.765,0.426733
199.730,251.580,0.310207
199.740,249.542,0.075669
199.750,253.497,0.170428
199.760,50.496,0.251659
199.770,100.107,0.247259
199.780,99.589,0.225187
199.790,49.699,0.348366
199.800,49.780,0.508291
199.810,296.506,0.176674
199.820,199.337,0.240905
199.830,299.574,0.472146
199.840,199.185,0.503336
199.850,200.760,0.490549
199.860,200.532,0.471778
199.870,303.240,0.247547
199.880,333.481,0.575411
199.890,33.011,0.075671
199.900,32.536,0.135062
199.910,328.676,0.317598
199.920,324.453,0.364981
199.930,323.536,0.055928
199.940,400.332,0.314100
199.950,400.555,0.397407
199.960,402.456,0.184567
199.970,400.197,0.137025
199.980,199.257,0.204035
199.990,199.228,0.280835
200.000,197.904,0.327580
200.010,197.700,0.314030
200.020,299.694,0.277869
200.030,299.877,0.597029
200.040,300.937,0.735656
200.050,300.612,0.828651
200.060,302.388,0.886316
200.070,305.561,0.902461
200.080,307.157,0.885182
200.090,306.972,0.856617
200.100,303.337,0.844585
200.110,299.742,0.904617
200.120,299.561,0.917475
200.130,300.333,0.911851
200.140,299.642,0.901066
200.150,297.877,0.884777
200.160,298.890,0.845726
200.170,301.022,0.824072
200.180,303.263,0.670627
200.190,303.173,0.455460
200.200,332.712,0.710283
200.210,333.350,0.606046
200.220,302.555,0.540054
200.230,306.109,0.568684
200.240,309.636,0.640506
200.250,313.605,0.832675
200.260,315.771,0.833341
200.270,314.375,0.738032
200.280,309.412,0.586874
200.290,341.413,0.653845
200.300,340.960,0.852164
200.310,340.968,0.893276
200.320,341.139,0.892331
200.330,342.550,0.898697
200.340,341.538,0.908615
200.350,340.123,0.881691
200.360,336.880,0.837866
200.370,331.620,0.716008
200.380,327.773,0.619669
200.390,321.624,0.429975
200.400,298.266,0.267257
200.410,265.197,0.376543
200.420,299.040,0.115591
200.430,296.181,0.130145
200.440,302.144,0.282548
200.450,147.760,0.382787
200.460,147.723,0.360044
200.470,149.204,0.300384
200.480,305.296,0.436130
200.490,323.262,0.631139
200.500,326.629,0.785418
200.510,329.181,0.863081
200.520,332.377,0.876933
200.530,335.876,0.889873
200.540,340.460,0.820719
200.550,346.177,0.847954
200.560,350.431,0.868174
200.570,355.424,0.877510
200.580,358.857,0.915833
200.590,359.395,0.909780
200.600,358.504,0.905618
200.610,357.835,0.909905
200.620,357.054,0.904790
200.630,356.202,0.885994
200.640,354.130,0.886916
200.650,351.956,0.740949
200.660,333.739,0.451188
200.670,332.602,0.708729
200.680,331.511,0.742090
200.690,332.512,0.718941
200.700,333.494,0.815388
200.710,335.073,0.801829
200.720,339.164,0.647473
200.730,345.385,0.579288
200.740,350.192,0.847241
200.750,350.038,0.905501
200.760,349.711,0.937182
200.770,349.005,0.944350
200.780,348.499,0.932300
200.790,346.411,0.914898
200.800,342.469,0.882029
200.810,338.467,0.871605
200.820,333.866,0.840683
200.830,328.396,0.793971
200.840,326.438,0.906752
200.850,324.459,0.847646
200.860,319.984,0.753030
200.870,314.990,0.856584
200.880,312.477,0.918901
200.890,311.464,0.888216
200.900,310.416,0.826308
200.910,309.813,0.754787
200.920,303.917,0.581249
200.930,300.774,0.659492
200.940,252.881,0.539147
200.950,251.361,0.741790
200.960,251.691,0.763156
200.970,256.485,0.665215
200.980,253.085,0.561533
200.990,250.524,0.673814
201.000,250.212,0.592740
201.010,282.146,0.446485
201.020,283.892,0.598435
201.030,286.621,0.632244
201.040,287.566,0.678745
201.050,288.642,0.692492
201.060,581.856,0.660085
201.070,291.810,0.686363
201.080,585.559,0.676949
201.090,294.790,0.663968
201.100,296.398,0.695628
201.110,297.862,0.885992
201.120,298.251,0.916231
201.130,295.763,0.899831
201.140,291.358,0.822497
201.150,285.000,0.674399
201.160,273.772,0.808825
201.170,267.653,0.905615
201.180,263.875,0.904264
201.190,262.419,0.959450
201.200,262.144,0.947343
201.210,262.741,0.927189
201.220,262.533,0.910905
201.230,262.180,0.874213
201.240,261.326,0.874846
201.250,260.742,0.908131
201.260,260.895,0.880621
201.270,260.934,0.864467
201.280,260.556,0.811997
201.290,262.529,0.620027
201.300,264.004,0.560427
201.310,266.109,0.530639
201.320,273.343,0.601130
201.330,272.001,0.626698
201.340,267.361,0.544013
201.350,225.592,0.463110
201.360,224.849,0.555562
201.370,219.773,0.365015
201.380,205.069,0.551053
201.390,205.103,0.514544
201.400,204.460,0.227787
201.410,266.965,0.291554
201.420,270.981,0.504296
201.430,271.261,0.758026
201.440,268.663,0.706569
201.450,269.591,0.618059
201.460,269.041,0.696664
201.470,268.257,0.813241
201.480,267.992,0.857400
201.490,266.955,0.588502
201.500,295.623,0.392660
201.510,287.243,0.491038
201.520,287.908,0.511542
201.530,291.529,0.643025
201.540,293.842,0.676909
201.550,294.825,0.684500
201.560,294.413,0.572683
201.570,288.496,0.305627
201.580,295.097,0.320015
201.590,268.360,0.520808
201.600,268.303,0.541932
201.610,269.400,0.795690
201.620,268.125,0.747618
201.630,266.787,0.621294
201.640,253.305,0.245873
201.650,270.530,0.279959
201.660,283.591,0.494175
201.670,285.879,0.540596
201.680,289.536,0.530569
201.690,293.874,0.355573
201.700,297.367,0.430054
201.710,295.889,0.302976
201.720,294.806,0.564140
201.730,295.060,0.454586
201.740,225.920,0.319578
201.750,334.850,0.226565
201.760,336.660,0.239684
201.770,337.017,0.256516
201.780,336.708,0.201231
201.790,271.196,0.279501
201.800,271.226,0.596230
201.810,268.768,0.635809
201.820,267.650,0.448057
201.830,133.608,0.548662
201.840,267.041,0.340633
201.850,268.416,0.377955
201.860,268.496,0.507696
201.870,672.859,0.414900
201.880,672.259,0.465908
201.890,526.703,0.102749
201.900,177.331,0.005205
201.910,176.474,0.011408
201.920,535.347,0.025868
201.930,543.728,0.198374
201.940,541.936,0.215252
201.950,538.088,0.058186
201.960,530.081,0.042443
201.970,525.430,0.088705
201.980,527.597,0.302230
201.990,527.494,0.233608
202.000,530.272,0.159590
202.010,345.538,0.174719
202.020,350.942,0.328667
202.030,177.251,0.370541
202.040,189.430,0.197035
202.050,237.401,0.132219
202.060,240.367,0.502866
202.070,243.049,0.572563
202.080,246.714,0.576075
202.090,251.186,0.277286
202.100,244.055,0.298282
202.110,274.952,0.518276
202.120,273.898,0.598388
202.130,275.512,0.369294
202.140,302.603,0.605152
202.150,305.757,0.637968
202.160,305.596,0.854935
202.170,304.005,0.908787
202.180,303.622,0.917554
202.190,302.889,0.920515
202.200,299.716,0.913587
202.210,297.765,0.947947
202.220,297.156,0.935759
202.230,298.261,0.941058
202.240,301.122,0.938294
202.250,303.817,0.932818
202.260,304.896,0.950243
202.270,304.865,0.945013
202.280,305.335,0.951804
202.290,305.294,0.967705
202.300,303.744,0.939548
202.310,300.382,0.906094
202.320,298.054,0.956713
202.330,298.007,0.945501
202.340,299.974,0.920269
202.350,301.842,0.964073
202.360,301.803,0.949822
202.370,299.480,0.875185
202.380,297.010,0.734288
202.390,297.285,0.381633
202.400,253.320,0.258763
202.410,251.110,0.581877
202.420,250.556,0.576829
202.430,250.164,0.230767
202.440,251.166,0.131909
202.450,298.460,0.112405
202.460,247.390,0.183122
202.470,245.846,0.167563
202.480,270.237,0.364112
202.490,279.894,0.526832
202.500,283.352,0.592386
202.510,286.415,0.780037
202.520,286.102,0.845693
202.530,285.596,0.868870
202.540,282.576,0.855604
202.550,275.813,0.682931
202.560,262.936,0.623801
202.570,253.325,0.768390
202.580,245.578,0.780929
202.590,239.108,0.864560
202.600,235.650,0.852791
202.610,232.487,0.874743
202.620,230.549,0.899516
202.630,230.198,0.845180
202.640,228.221,0.621878
202.650,247.650,0.434928
202.660,248.065,0.541059
202.670,249.562,0.622607
202.680,252.535,0.752455
202.690,254.167,0.531582
202.700,250.816,0.546960
202.710,250.252,0.554786
202.720,245.690,0.526988
202.730,242.718,0.559032
202.740,244.687,0.521637
202.750,248.922,0.430529
202.760,248.362,0.430424
202.770,257.930,0.479929
202.780,256.134,0.443022
202.790,255.748,0.610523
202.800,254.757,0.669466
202.810,255.749,0.552709
202.820,125.691,0.551219
202.830,125.488,0.516494
202.840,125.603,0.470717
202.850,125.319,0.343666
202.860,124.258,0.280224
202.870,270.170,0.155288
202.880,274.464,0.103683
202.890,34.312,0.034048
202.900,34.475,0.018790
202.910,1237.099,0.009095
202.920,659.549,0.024075
202.930,665.181,0.022224
202.940,666.552,0.067709
202.950,1961.687,0.026851
202.960,1966.041,0.039621
202.970,1974.147,0.045313
202.980,1972.615,0.048932
202.990,224.790,0.304727
203.000,223.342,0.567852
203.010,223.446,0.641108
203.020,223.850,0.728481
203.030,224.246,0.752311
203.040,225.060,0.710252
203.050,224.682,0.653111
203.060,223.883,0.660842
203.070,223.616,0.539701
203.080,223.043,0.478363
203.090,220.210,0.472488
203.100,220.402,0.372668
203.110,449.781,0.079179
203.120,220.304,0.034939
203.130,40.046,0.013612
203.140,1355.291,0.038933
203.150,332.091,0.449929
203.160,332.718,0.260037
203.170,274.635,0.339976
203.180,272.746,0.418710
203.190,270.278,0.367117
203.200,330.448,0.193985
203.210,83.454,0.029428
203.220,1712.671,0.057470
203.230,33.129,0.298436
203.240,222.372,0.121079
203.250,219.956,0.266751
203.260,218.576,0.231199
203.270,206.003,0.295373
203.280,204.527,0.442107
203.290,204.401,0.389455
203.300,204.520,0.371681
203.310,200.477,0.583016
203.320,200.624,0.764100
203.330,199.745,0.822630
203.340,199.832,0.758779
203.350,200.264,0.651837
203.360,199.344,0.538845
203.370,401.669,0.313717
203.380,399.393,0.335145
203.390,398.859,0.523881
203.400,398.444,0.480210
203.410,1183.515,0.129538
203.420,249.706,0.314662
203.430,253.531,0.513616
203.440,255.817,0.275673
203.450,253.834,0.540520
203.460,257.046,0.401979
203.470,293.541,0.503637
203.480,291.475,0.615703
203.490,293.822,0.840930
203.500,294.702,0.894499
203.510,295.822,0.903349
203.520,298.426,0.924897
203.530,301.133,0.926081
203.540,302.443,0.919488
203.550,302.620,0.918571
203.560,301.103,0.917980
203.570,299.105,0.911896
203.580,298.001,0.930759
203.590,298.034,0.930011
203.600,299.133,0.887264
203.610,300.384,0.915636
203.620,301.832,0.954145
203.630,303.526,0.945479
203.640,306.400,0.924274
203.650,310.187,0.910700
203.660,310.346,0.914804
203.670,307.235,0.916685
203.680,303.367,0.933175
203.690,301.748,0.966641
203.700,300.786,0.957047
203.710,300.053,0.934092
203.720,299.262,0.958039
203.730,298.295,0.968704
203.740,297.531,0.962350
203.750,297.165,0.952414
203.760,296.953,0.946195
203.770,296.904,0.945146
203.780,296.726,0.942149
203.790,295.950,0.967343
203.800,293.445,0.930443
203.810,288.566,0.854802
203.820,281.030,0.781976
203.830,271.701,0.864629
203.840,265.369,0.927919
203.850,262.723,0.930905
203.860,262.051,0.899814
203.870,262.767,0.899233
203.880,263.534,0.893583
203.890,264.647,0.880951
203.900,267.263,0.890046
203.910,269.476,0.937896
203.920,270.611,0.939137
203.930,270.012,0.953964
203.940,267.193,0.897448
203.950,261.406,0.847379
203.960,256.631,0.938793
203.970,254.773,0.945521
203.980,253.097,0.947149
203.990,251.377,0.943478
204.000,250.099,0.934190
204.010,248.010,0.929459
204.020,246.461,0.916305
204.030,245.237,0.957712
204.040,244.527,0.957673
204.050,244.346,0.951702
204.060,243.725,0.934120
204.070,242.863,0.942569
204.080,243.365,0.908545
204.090,246.773,0.838649
204.100,253.215,0.858934
204.110,255.824,0.762643
204.120,255.856,0.410778
204.130,337.900,0.587631
204.140,334.569,0.768292
204.150,331.632,0.722826
204.160,275.997,0.499482
204.170,278.556,0.636150
204.180,279.190,0.706713
204.190,275.623,0.807045
204.200,270.721,0.789234
204.210,267.608,0.582136
204.220,254.381,0.544003
204.230,252.383,0.408641
204.240,215.965,0.386230
204.250,300.828,0.452909
204.260,214.525,0.635291
204.270,216.229,0.718115
204.280,219.112,0.734280
204.290,221.679,0.629049
204.300,223.282,0.553825
204.310,226.542,0.573394
204.320,227.279,0.557602
204.330,230.044,0.413815
204.340,230.498,0.416973
204.350,230.612,0.222469
204.360,292.184,0.155215
204.370,291.222,0.339075
204.380,297.789,0.478665
204.390,216.356,0.188491
204.400,297.291,0.414385
204.410,199.778,0.357888
204.420,198.091,0.305521
204.430,197.962,0.572077
204.440,198.665,0.756994
204.450,199.406,0.643321
204.460,202.456,0.470021
204.470,244.300,0.413836
204.480,256.371,0.471995
204.490,251.558,0.349410
204.500,269.835,0.397037
204.510,270.752,0.743563
204.520,272.308,0.856495
204.530,270.881,0.842761
204.540,269.602,0.877883
204.550,269.641,0.850216
204.560,269.376,0.789863
204.570,269.443,0.771195
204.580,269.116,0.898490
204.590,267.425,0.842143
204.600,267.349,0.815425
204.610,269.839,0.888740
204.620,270.670,0.813419
204.630,268.815,0.807994
204.640,263.634,0.806659
204.650,262.921,0.874068
204.660,262.753,0.883215
204.670,265.705,0.887582
204.680,267.723,0.848906
204.690,270.838,0.839184
204.700,270.445,0.898493
204.710,267.437,0.845198
204.720,261.964,0.824146
204.730,259.041,0.858609
204.740,255.552,0.781295
204.750,252.718,0.841782
204.760,250.215,0.872480
204.770,249.884,0.885648
204.780,249.492,0.898424
204.790,249.900,0.926612
204.800,249.458,0.925122
204.810,250.029,0.926591
204.820,250.958,0.887552
204.830,250.767,0.741345
204.840,250.451,0.566983
204.850,256.046,0.334894
204.860,262.148,0.356868
204.870,262.898,0.608897
204.880,265.439,0.791746
204.890,269.598,0.860408
204.900,273.815,0.839769
204.910,279.772,0.873071
204.920,283.319,0.855965
204.930,290.398,0.746054
204.940,295.678,0.861269
204.950,298.552,0.901281
204.960,298.109,0.906202
204.970,296.889,0.899251
204.980,297.780,0.927212
204.990,298.700,0.945584
205.000,299.524,0.940823
205.010,299.557,0.944316
205.020,299.420,0.949891
205.030,298.657,0.958292
205.040,297.677,0.956462
205.050,297.204,0.951334
205.060,297.559,0.953892
205.070,297.049,0.913036
205.080,293.739,0.842315
205.090,287.912,0.777092
205.100,280.989,0.567492
205.110,265.437,0.746483
205.120,260.751,0.865462
205.130,259.094,0.932675
205.140,260.118,0.923616
205.150,262.694,0.899211
205.160,264.569,0.872965
205.170,266.588,0.927804
205.180,268.160,0.949610
205.190,269.444,0.925933
205.200,270.347,0.904404
205.210,269.530,0.875079
205.220,265.101,0.786224
205.230,260.936,0.723383
205.240,260.424,0.700483
205.250,261.544,0.700446
205.260,258.131,0.570277
205.270,253.712,0.604260
205.280,260.244,0.627138
205.290,258.028,0.727385
205.300,258.910,0.831751
205.310,259.418,0.815457
205.320,259.742,0.647952
205.330,261.670,0.527378
205.340,267.345,0.517674
205.350,269.005,0.639464
205.360,266.974,0.418965
205.370,332.082,0.685865
205.380,333.036,0.662507
205.390,268.440,0.638818
205.400,334.037,0.772700
205.410,334.129,0.670065
205.420,267.023,0.534339
205.430,320.915,0.395999
205.440,289.814,0.412608
205.450,292.428,0.614426
205.460,295.141,0.673190
205.470,294.748,0.747468
205.480,294.165,0.727474
205.490,294.437,0.680328
205.500,295.080,0.501397
205.510,298.380,0.546587
205.520,298.858,0.482439
205.530,293.557,0.343040
205.540,295.101,0.391973
205.550,275.146,0.448654
205.560,295.597,0.279286
205.570,302.492,0.198134
205.580,445.906,0.150801
205.590,967.040,0.068534
205.600,56.813,0.027842
205.610,293.339,0.491321
205.620,290.246,0.385067
205.630,271.385,0.451065
205.640,281.669,0.502729
205.650,284.332,0.481035
205.660,332.224,0.239646
205.670,332.799,0.374928
205.680,334.268,0.635630
205.690,335.782,0.753029
205.700,335.696,0.693473
205.710,333.196,0.319687
205.720,276.063,0.480624
205.730,276.675,0.426332
205.740,267.959,0.387253
205.750,266.271,0.454089
205.760,263.312,0.514395
205.770,264.339,0.383087
205.780,264.362,0.539966
205.790,265.724,0.271047
205.800,673.020,0.082434
205.810,167.800,0.086831
205.820,166.443,0.212248
205.830,83.556,0.026472
205.840,32.746,0.012612
205.850,163.979,0.010500
205.860,163.508,0.031796
205.870,546.005,0.056761
205.880,552.476,0.060971
205.890,1108.528,0.023648
205.900,1034.965,0.013987
205.910,1976.058,0.025633
205.920,527.873,0.098978
205.930,531.643,0.280010
205.940,531.344,0.374675
205.950,528.875,0.271642
205.960,532.336,0.291470
205.970,532.076,0.442966
205.980,535.241,0.422998
205.990,269.563,0.430985
206.000,269.481,0.253206
206.010,531.444,0.522661
206.020,530.604,0.639498
206.030,530.566,0.705260
206.040,544.273,0.177300
206.050,297.617,0.166844
206.060,297.366,0.309035
206.070,224.117,0.502385
206.080,221.473,0.817481
206.090,219.872,0.826388
206.100,217.301,0.876534
206.110,213.081,0.842534
206.120,210.105,0.848465
206.130,208.375,0.877105
206.140,207.033,0.884230
206.150,206.876,0.866002
206.160,206.610,0.813151
206.170,207.763,0.350968
206.180,408.785,0.238966
206.190,669.240,0.270813
206.200,335.029,0.367263
206.210,542.814,0.342402
206.220,542.623,0.425150
206.230,546.239,0.334537
206.240,95.769,0.264972
206.250,568.665,0.182124
206.260,575.056,0.240818
206.270,580.217,0.143981
206.280,665.805,0.408122
206.290,670.135,0.476296
206.300,670.550,0.590895
206.310,666.549,0.502000
206.320,283.196,0.105913
206.330,266.539,0.272756
206.340,255.997,0.445450
206.350,254.305,0.675113
206.360,249.474,0.476943
206.370,253.033,0.323713
206.380,250.994,0.381198
206.390,252.425,0.495546
206.400,250.686,0.269027
206.410,255.557,0.237200
206.420,251.364,0.180117
206.430,257.074,0.210770
206.440,264.597,0.247553
206.450,255.157,0.520592
206.460,253.308,0.670320
206.470,253.534,0.527783
206.480,254.565,0.452907
206.490,250.489,0.372887
206.500,259.225,0.370977
206.510,268.315,0.085143
206.520,125.668,0.013976
206.530,125.049,0.210106
206.540,125.949,0.159886
206.550,127.926,0.052140
206.560,33.550,0.136567
206.570,33.281,0.065484
206.580,33.945,0.103192
206.590,34.498,0.169174
206.600,252.568,0.335097
206.610,251.922,0.736233
206.620,252.228,0.205153
206.630,35.726,0.832105
206.640,35.678,0.121368
206.650,252.877,0.310114
206.660,253.883,0.376707
206.670,245.725,0.457799
206.680,245.602,0.392090
206.690,241.075,0.149184
206.700,1795.912,0.013544
206.710,32.891,0.017348
206.720,124.318,0.147872
206.730,36.955,0.085586
206.740,36.972,0.351931
206.750,36.388,0.222135
206.760,32.277,0.038633
206.770,48.866,0.123569
206.780,1218.429,0.068184
206.790,260.221,0.140211
206.800,253.238,0.081668
206.810,129.846,0.050536
206.820,1972.748,0.019001
206.830,128.706,0.016536
206.840,1973.230,0.020064
206.850,330.443,0.025738
206.860,325.926,0.081880
206.870,1335.854,0.013029
206.880,1787.123,0.013083
206.890,982.610,0.014534
206.900,985.017,0.014005
206.910,964.888,0.018159
206.920,221.533,0.023767
206.930,220.123,0.063566
206.940,216.432,0.029542
206.950,219.701,0.075333
206.960,382.522,0.114681
206.970,381.242,0.437927
206.980,75.357,0.273838
206.990,74.963,0.581493
207.000,74.748,0.633426
207.010,75.445,0.204040
207.020,219.734,0.078320
207.030,217.295,0.147727
207.040,666.161,0.046978
207.050,41.692,0.096293
207.060,32.285,0.003534
207.070,33.536,0.012440
207.080,32.140,0.034933
207.090,32.295,0.071273
207.100,332.783,0.212780
207.110,333.751,0.466132
207.120,268.890,0.255938
207.130,332.844,0.448528
207.140,265.238,0.583062
207.150,266.099,0.379770
207.160,268.557,0.075155
207.170,32.327,0.038280
207.180,32.139,0.012821
207.190,204.314,0.033381
207.200,201.034,0.112625
207.210,199.075,0.492084
207.220,66.122,0.320693
207.230,202.215,0.601167
207.240,203.918,0.556939
207.250,202.076,0.534479
207.260,199.658,0.654581
207.270,198.110,0.498240
207.280,197.377,0.452451
207.290,195.717,0.148028
207.300,195.969,0.018835
207.310,880.955,0.026223
207.320,1229.799,0.028323
207.330,50.346,0.127876
207.340,34.807,0.193206
207.350,50.368,0.148629
207.360,301.433,0.279637
207.370,301.033,0.088047
207.380,1193.564,0.158515
207.390,1176.134,0.065740
207.400,1196.546,0.035673
207.410,33.153,0.461733
207.420,33.117,0.388152
207.430,33.226,0.045049
207.440,1182.574,0.015762
207.450,198.991,0.126900
207.460,198.656,0.487784
207.470,297.194,0.165612
207.480,299.730,0.383646
207.490,295.418,0.720351
207.500,294.857,0.788052
207.510,296.326,0.690052
207.520,294.965,0.506390
207.530,291.416,0.306563
207.540,293.077,0.146007
207.550,32.817,0.073012
207.560,299.602,0.265967
207.570,36.591,0.342896
207.580,299.025,0.220304
207.590,300.532,0.528770
207.600,300.816,0.452708
207.610,300.780,0.022762
207.620,49.906,0.018764
207.630,50.646,0.076649
207.640,51.108,0.185320
207.650,43.962,0.041611
207.660,50.222,0.062923
207.670,49.661,0.098212
207.680,49.835,0.378344
207.690,50.165,0.474078
207.700,50.158,0.713475
207.710,50.373,0.441544
207.720,50.139,0.317655
207.730,298.887,0.288721
207.740,300.532,0.424868
207.750,299.761,0.574278
207.760,300.784,0.239874
207.770,298.785,0.077102
207.780,1230.161,0.030103
207.790,1245.331,0.026417
207.800,1311.643,0.012825
207.810,34.381,0.006739
207.820,33.048,0.010844
207.830,33.043,0.005892
207.840,554.349,0.150026
207.850,577.758,0.133838
207.860,586.571,0.038671
207.870,1973.088,0.011211
207.880,1977.290,0.010693
207.890,1770.909,0.031612
207.900,444.211,0.162235
207.910,448.987,0.165822
207.920,99.941,0.178567
207.930,198.425,0.552188
207.940,200.149,0.504672
207.950,202.743,0.410933
207.960,204.526,0.698798
207.970,204.954,0.752821
207.980,204.861,0.353680
207.990,413.937,0.267978
208.000,264.138,0.146832
208.010,255.100,0.218252
208.020,299.141,0.336354
208.030,302.602,0.180133
208.040,341.842,0.486476
208.050,338.898,0.423783
208.060,168.272,0.528179
208.070,168.238,0.793739
208.080,168.107,0.854517
208.090,167.489,0.857209
208.100,166.374,0.770974
208.110,167.417,0.595950
208.120,170.611,0.359852
208.130,506.429,0.506130
208.140,502.956,0.851819
208.150,500.081,0.902909
208.160,497.132,0.922356
208.170,495.330,0.935574
208.180,494.928,0.887190
208.190,496.756,0.792912
208.200,500.690,0.680945
208.210,502.761,0.706735
208.220,505.418,0.458553
208.230,299.129,0.405815
208.240,299.380,0.433947
208.250,299.073,0.428728
208.260,524.138,0.580864
208.270,520.749,0.581632
208.280,515.326,0.796851
208.290,507.885,0.589174
208.300,494.290,0.664379
208.310,483.382,0.624214
208.320,472.520,0.688410
208.330,461.061,0.722187
208.340,453.191,0.581916
208.350,437.265,0.641303
208.360,425.878,0.602819
208.370,409.097,0.820918
208.380,403.127,0.927224
208.390,401.158,0.926588
208.400,399.854,0.888733
208.410,397.320,0.908408
208.420,393.623,0.913406
208.430,389.759,0.925267
208.440,388.588,0.946297
208.450,389.476,0.951083
208.460,391.865,0.930944
208.470,395.578,0.920678
208.480,399.486,0.935070
208.490,401.867,0.948095
208.500,401.798,0.937321
208.510,399.852,0.912899
208.520,398.082,0.954359
208.530,397.791,0.952407
208.540,397.681,0.948684
208.550,397.916,0.954157
208.560,399.151,0.916683
208.570,402.742,0.875506
208.580,404.030,0.753073
208.590,401.117,0.653714
208.600,399.250,0.316506
208.610,149.538,0.555365
208.620,301.294,0.316009
208.630,466.384,0.275258
208.640,470.853,0.491810
208.650,470.654,0.801224
208.660,464.593,0.890958
208.670,458.118,0.935532
208.680,451.883,0.941650
208.690,448.504,0.938377
208.700,447.575,0.947455
208.710,447.464,0.947833
208.720,446.400,0.944184
208.730,445.369,0.940211
208.740,445.046,0.931328
208.750,445.151,0.932340
208.760,445.532,0.924690
208.770,445.758,0.906605
208.780,444.517,0.856305
208.790,441.069,0.657382
208.800,431.070,0.548529
208.810,429.567,0.399698
208.820,251.333,0.390839
208.830,253.170,0.713921
208.840,254.586,0.799175
208.850,254.952,0.716609
208.860,256.744,0.466888
208.870,400.169,0.313955
208.880,398.584,0.865313
208.890,397.464,0.936511
208.900,396.338,0.943855
208.910,396.995,0.949363
208.920,400.433,0.884626
208.930,404.795,0.890793
208.940,408.104,0.900450
208.950,411.453,0.922805
208.960,411.379,0.935563
208.970,408.652,0.882614
208.980,403.512,0.874770
208.990,398.338,0.857263
209.000,393.628,0.871268
209.010,391.307,0.802406
209.020,387.724,0.521975
209.030,351.083,0.309800
209.040,304.108,0.210610
209.050,294.155,0.366316
209.060,300.744,0.543648
209.070,298.474,0.572779
209.080,300.912,0.390868
209.090,376.223,0.523579
209.100,376.147,0.737362
209.110,374.311,0.681181
209.120,372.651,0.894444
209.130,370.554,0.875118
209.140,368.551,0.825647
209.150,364.060,0.702892
209.160,356.898,0.727127
209.170,349.225,0.601064
209.180,336.896,0.624785
209.190,327.688,0.693073
209.200,322.294,0.875772
209.210,321.003,0.909987
209.220,321.020,0.903004
209.230,322.574,0.923693
209.240,325.178,0.903221
209.250,327.124,0.946159
209.260,328.359,0.938975
209.270,329.409,0.923636
209.280,330.303,0.903924
209.290,332.451,0.767776
209.300,335.704,0.614297
209.310,268.346,0.799734
209.320,330.319,0.655217
209.330,327.639,0.649554
209.340,326.372,0.831753
209.350,324.827,0.887806
209.360,328.228,0.824460
209.370,328.428,0.633321
209.380,327.664,0.600630
209.390,295.386,0.593190
209.400,296.088,0.678084
209.410,293.296,0.677522
209.420,290.459,0.598124
209.430,289.621,0.440654
209.440,296.637,0.390105
209.450,330.505,0.522248
209.460,329.615,0.617701
209.470,334.218,0.647901
209.480,333.054,0.447666
209.490,331.154,0.202652
209.500,33.028,0.072764
209.510,37.927,0.280140
209.520,297.201,0.194556
209.530,292.465,0.549516
209.540,291.514,0.840322
209.550,293.185,0.785647
209.560,297.027,0.670059
209.570,301.591,0.551880
209.580,302.762,0.441683
209.590,329.244,0.318614
209.600,267.443,0.151232
209.610,334.032,0.331685
209.620,335.733,0.339605
209.630,336.137,0.349014
209.640,335.210,0.347906
209.650,334.293,0.296994
209.660,301.875,0.391861
209.670,301.904,0.224750
209.680,336.028,0.245264
209.690,336.547,0.263795
209.700,336.049,0.128829
209.710,222.575,0.206000
209.720,222.493,0.365242
209.730,222.384,0.307399
209.740,917.245,0.096607
209.750,349.485,0.046196
209.760,345.319,0.083168
209.770,332.215,0.112471
209.780,273.607,0.399435
209.790,266.753,0.609999
209.800,274.708,0.686980
209.810,283.778,0.311218
209.820,302.802,0.241575
209.830,317.376,0.511259
209.840,319.687,0.781177
209.850,325.852,0.878414
209.860,330.684,0.919491
209.870,334.127,0.914780
209.880,336.927,0.907298
209.890,337.339,0.880728
209.900,334.960,0.793212
209.910,328.824,0.873863
209.920,326.431,0.943217
209.930,327.983,0.934148
209.940,329.557,0.941339
209.950,331.272,0.956567
209.960,330.977,0.907929
209.970,329.298,0.698462
209.980,323.510,0.537225
209.990,320.421,0.325753
210.000,269.349,0.406908
210.010,264.310,0.061295
210.020,1648.847,0.065730
210.030,403.081,0.100677
210.040,388.928,0.476315
210.050,382.925,0.672531
210.060,380.632,0.746247
210.070,376.519,0.797577
210.080,371.590,0.809719
210.090,368.476,0.848317
210.100,369.894,0.890969
210.110,371.719,0.903286
210.120,368.910,0.818577
210.130,359.141,0.774199
210.140,352.146,0.903301
210.150,347.674,0.924002
210.160,345.575,0.948434
210.170,344.958,0.937233
210.180,344.822,0.941088
210.190,344.226,0.936672
210.200,343.550,0.932517
210.210,342.245,0.859840
210.220,341.301,0.699627
210.230,341.312,0.559247
210.240,341.621,0.515361
210.250,328.016,0.233106
210.260,309.201,0.094541
210.270,265.360,0.059637
210.280,1728.404,0.033524
210.290,1838.191,0.027712
210.300,1114.017,0.042712
210.310,274.338,0.147685
210.320,251.461,0.419332
210.330,284.800,0.292582
210.340,301.255,0.585869
210.350,302.733,0.781142
210.360,303.209,0.844098
210.370,301.541,0.921673
210.380,298.319,0.904898
210.390,293.300,0.874405
210.400,292.071,0.923302
210.410,294.765,0.930537
210.420,298.553,0.928250
210.430,300.251,0.910073
210.440,300.352,0.912627
210.450,299.126,0.920230
210.460,297.486,0.900063
210.470,295.295,0.930999
210.480,294.097,0.929351
210.490,293.291,0.893463
210.500,292.838,0.822084
210.510,290.136,0.622869
210.520,278.496,0.313625
210.530,269.852,0.379529
210.540,270.558,0.635825
210.550,268.020,0.670834
210.560,259.853,0.430721
210.570,259.810,0.698786
210.580,256.467,0.828550
210.590,256.381,0.794878
210.600,259.169,0.544755
210.610,263.650,0.609232
210.620,264.003,0.674271
210.630,262.821,0.743631
210.640,261.776,0.802762
210.650,262.510,0.575093
210.660,264.010,0.361784
210.670,267.079,0.260857
210.680,267.648,0.475971
210.690,263.824,0.115100
210.700,251.931,0.467546
210.710,251.172,0.467493
210.720,253.324,0.459336
210.730,248.747,0.366685
210.740,254.220,0.357264
210.750,312.169,0.088942
210.760,663.473,0.030956
210.770,1968.878,0.010627
210.780,1974.437,0.031173
210.790,1977.251,0.030409
210.800,1979.682,0.042053
210.810,1966.876,0.029725
210.820,1966.446,0.015963
210.830,302.354,0.322976
210.840,300.724,0.547084
210.850,298.812,0.742074
210.860,300.440,0.887639
210.870,301.555,0.947592
210.880,301.474,0.958241
210.890,301.740,0.952424
210.900,302.185,0.917796
210.910,304.216,0.903302
210.920,305.517,0.931658
210.930,305.403,0.921416
210.940,303.321,0.882540
210.950,302.033,0.871089
210.960,301.651,0.774355
210.970,303.946,0.387709
210.980,302.575,0.578096
210.990,300.385,0.690408
211.000,301.743,0.482312
211.010,33.680,0.323680
211.020,271.629,0.146633
211.030,33.665,0.156647
211.040,270.030,0.290320
211.050,273.264,0.360180
211.060,301.261,0.409328
211.070,304.208,0.591011
211.080,308.283,0.856149
211.090,309.293,0.926432
211.100,308.446,0.920092
211.110,307.270,0.931898
211.120,307.594,0.953681
211.130,309.115,0.958199
211.140,309.291,0.961877
211.150,307.293,0.926375
211.160,303.067,0.906711
211.170,297.262,0.840125
211.180,289.109,0.683091
211.190,280.887,0.846430
211.200,277.377,0.884658
211.210,276.352,0.837887
211.220,275.110,0.891140
211.230,272.690,0.847768
211.240,268.516,0.743294
211.250,262.228,0.731875
211.260,256.673,0.702213
211.270,254.369,0.653458
211.280,252.664,0.485253
211.290,249.610,0.452288
211.300,250.013,0.564355
211.310,249.076,0.267423
211.320,254.236,0.342723
211.330,264.369,0.269673
211.340,254.428,0.381837
211.350,267.954,0.189868
211.360,281.140,0.163790
211.370,257.630,0.145738
211.380,253.574,0.382044
211.390,254.121,0.553753
211.400,253.670,0.851803
211.410,252.138,0.833974
211.420,251.872,0.829662
211.430,253.025,0.816354
211.440,252.641,0.815987
211.450,251.777,0.788636
211.460,250.726,0.677166
211.470,250.800,0.462407
211.480,251.242,0.109366
211.490,294.462,0.120722
211.500,394.523,0.432947
211.510,297.085,0.441258
211.520,297.198,0.489414
211.530,296.750,0.264202
211.540,59.035,0.136209
211.550,59.547,0.145864
211.560,299.610,0.122042
211.570,32.881,0.086704
211.580,32.991,0.142930
211.590,50.829,0.117938
211.600,50.473,0.251457
211.610,50.375,0.748133
211.620,50.230,0.792224
211.630,50.124,0.155897
211.640,302.564,0.261196
211.650,298.292,0.289219
211.660,292.511,0.212671
211.670,33.246,0.189369
211.680,33.484,0.155027
211.690,269.066,0.235463
211.700,201.868,0.102944
211.710,201.026,0.171177
211.720,201.710,0.052193
211.730,49.830,0.031198
211.740,43.984,0.005113
211.750,401.793,0.165873
211.760,398.844,0.328688
211.770,399.207,0.464857
211.780,401.237,0.567746
211.790,401.633,0.590146
211.800,401.227,0.416119
211.810,398.338,0.412012
211.820,396.888,0.542041
211.830,397.678,0.469293
211.840,404.620,0.528264
211.850,407.014,0.586731
211.860,405.753,0.498846
211.870,199.283,0.412675
211.880,198.678,0.777628
211.890,198.719,0.700123
211.900,398.074,0.507343
211.910,398.724,0.539833
211.920,201.696,0.257502
211.930,201.623,0.349938
211.940,203.892,0.208670
211.950,211.894,0.290938
211.960,340.709,0.254576
211.970,332.192,0.610069
211.980,334.325,0.656579
211.990,335.044,0.764843
212.000,334.534,0.867703
212.010,336.212,0.831868
212.020,336.005,0.669913
212.030,398.996,0.760994
212.040,399.508,0.864093
212.050,399.109,0.873918
212.060,397.616,0.902185
212.070,395.558,0.899521
212.080,393.502,0.945415
212.090,394.059,0.947639
212.100,396.994,0.925881
212.110,401.273,0.922001
212.120,404.024,0.890453
212.130,406.678,0.873326
212.140,411.816,0.836365
212.150,418.790,0.808610
212.160,427.113,0.860995
212.170,437.143,0.859284
212.180,450.365,0.699082
212.190,462.104,0.728595
212.200,468.298,0.872436
212.210,471.320,0.844816
212.220,474.480,0.750833
212.230,476.785,0.672877
212.240,475.639,0.717421
212.250,472.433,0.725374
212.260,466.304,0.714060
212.270,459.457,0.604136
212.280,454.135,0.331417
212.290,425.968,0.364085
212.300,420.024,0.524840
212.310,423.708,0.623119
212.320,430.042,0.713664
212.330,434.354,0.748620
212.340,434.618,0.652415
212.350,439.896,0.762410
212.360,442.775,0.785874
212.370,442.850,0.841661
212.380,442.281,0.875520
212.390,440.160,0.881854
212.400,436.306,0.897007
212.410,430.372,0.909175
212.420,426.596,0.934917
212.430,422.713,0.924639
212.440,418.146,0.914005
212.450,415.154,0.923827
212.460,414.276,0.896189
212.470,414.474,0.883194
212.480,414.455,0.886605
212.490,415.060,0.911260
212.500,416.563,0.902214
212.510,417.146,0.777088
212.520,414.714,0.617632
212.530,412.520,0.690569
212.540,408.383,0.743887
212.550,406.420,0.673637
212.560,406.452,0.704567
212.570,382.504,0.496473
212.580,383.064,0.811318
212.590,384.540,0.907344
212.600,386.736,0.903562
212.610,390.722,0.890598
212.620,393.599,0.919394
212.630,393.962,0.913333
212.640,393.227,0.918523
212.650,392.919,0.921403
212.660,393.548,0.933349
212.670,394.505,0.920378
212.680,394.265,0.917120
212.690,391.760,0.901645
212.700,387.066,0.809644
212.710,380.920,0.803775
212.720,376.825,0.690812
212.730,376.626,0.338050
212.740,373.666,0.338377
212.750,357.367,0.274071
212.760,331.763,0.058201
212.770,380.669,0.119491
212.780,379.982,0.081851
212.790,379.117,0.198419
212.800,378.362,0.248411
212.810,367.777,0.480099
212.820,364.039,0.756167
212.830,361.743,0.921301
212.840,360.062,0.936751
212.850,359.085,0.940286
212.860,358.779,0.931072
212.870,358.828,0.930236
212.880,359.689,0.879040
212.890,361.605,0.895398
212.900,362.256,0.925283
212.910,361.342,0.919046
212.920,359.111,0.918682
212.930,358.183,0.917918
212.940,358.099,0.883764
212.950,356.324,0.830445
212.960,353.240,0.335444
212.970,1749.436,0.125626
212.980,292.677,0.551912
212.990,257.357,0.557716
213.000,255.902,0.658750
213.010,298.085,0.734553
213.020,302.098,0.562378
213.030,300.574,0.400095
213.040,341.059,0.600288
213.050,345.858,0.666663
213.060,344.507,0.736134
213.070,345.523,0.573148
213.080,345.309,0.672230
213.090,346.949,0.544865
213.100,298.954,0.448455
213.110,296.614,0.447022
213.120,346.402,0.636224
213.130,347.686,0.697614
213.140,342.775,0.686923
213.150,340.796,0.871508
213.160,338.791,0.907887
213.170,337.440,0.924438
213.180,338.395,0.912231
213.190,343.583,0.849759
213.200,348.049,0.898277
213.210,347.098,0.926885
213.220,343.093,0.930999
213.230,341.620,0.920393
213.240,339.359,0.772139
213.250,329.351,0.708474
213.260,319.409,0.634624
213.270,310.310,0.820361
213.280,305.912,0.937810
213.290,305.079,0.961608
213.300,304.861,0.947363
213.310,305.770,0.938813
213.320,305.800,0.932053
213.330,302.120,0.851609
213.340,295.764,0.817074
213.350,290.522,0.683626
213.360,278.879,0.575560
213.370,272.641,0.686618
213.380,271.006,0.700859
213.390,270.331,0.719117
213.400,267.643,0.777975
213.410,265.785,0.791326
213.420,262.818,0.808015
213.430,263.084,0.691315
213.440,267.330,0.535806
213.450,295.251,0.374295
213.460,291.655,0.482482
213.470,288.256,0.540879
213.480,287.658,0.393587
213.490,267.974,0.390619
213.500,295.945,0.458779
213.510,287.998,0.341483
213.520,276.381,0.299691
213.530,270.357,0.431682
213.540,273.231,0.458028
213.550,273.990,0.305857
213.560,269.883,0.450473
213.570,270.348,0.269563
213.580,289.345,0.206433
213.590,291.467,0.304157
213.600,288.442,0.457295
213.610,289.409,0.432842
213.620,267.678,0.408601
213.630,266.581,0.606860
213.640,264.328,0.566750
213.650,260.084,0.438344
213.660,323.037,0.258473
213.670,325.353,0.249448
213.680,328.983,0.281620
213.690,330.769,0.303814
213.700,252.656,0.273935
213.710,253.784,0.455248
213.720,259.053,0.512280
213.730,302.756,0.203297
213.740,309.796,0.485580
213.750,335.747,0.380784
213.760,347.936,0.461342
213.770,365.466,0.723479
213.780,376.631,0.781265
213.790,385.686,0.804605
213.800,391.993,0.868354
213.810,395.474,0.766483
213.820,393.173,0.773723
213.830,391.450,0.670421
213.840,367.628,0.278722
213.850,350.674,0.503922
213.860,351.499,0.253996
213.870,320.625,0.271859
213.880,323.584,0.094461
213.890,387.199,0.182782
213.900,392.543,0.297403
213.910,395.241,0.268683
213.920,517.250,0.042393
213.930,1975.906,0.041496
213.940,1972.821,0.032778
213.950,1950.707,0.058634
213.960,333.305,0.099426
213.970,336.321,0.753702
213.980,335.983,0.749608
213.990,334.082,0.768625
214.000,334.199,0.856113
214.010,336.032,0.894507
214.020,335.726,0.915240
214.030,333.401,0.937398
214.040,330.798,0.931656
214.050,328.113,0.909268
214.060,325.032,0.916771
214.070,323.636,0.952012
214.080,321.367,0.907368
214.090,319.334,0.942344
214.100,319.138,0.942978
214.110,320.819,0.898405
214.120,324.808,0.843340
214.130,330.473,0.843848
214.140,339.037,0.814897
214.150,343.218,0.912920
214.160,339.881,0.919467
214.170,335.348,0.940541
214.180,336.630,0.881401
214.190,344.679,0.812140
214.200,350.623,0.914146
214.210,354.805,0.914306
214.220,356.242,0.926974
214.230,353.799,0.927402
214.240,349.708,0.874874
214.250,341.841,0.566296
214.260,311.396,0.373111
214.270,304.560,0.750171
214.280,296.804,0.636855
214.290,293.992,0.648074
214.300,286.348,0.682979
214.310,283.815,0.685161
214.320,283.583,0.627761
214.330,290.035,0.647787
214.340,293.719,0.788608
214.350,296.069,0.874718
214.360,297.518,0.938034
214.370,297.049,0.907159
214.380,296.939,0.896778
214.390,297.949,0.912177
214.400,299.635,0.896563
214.410,301.447,0.935208
214.420,302.813,0.938977
214.430,302.324,0.908646
214.440,298.901,0.744134
214.450,294.499,0.628952
214.460,295.695,0.389962
214.470,247.917,0.840835
214.480,249.621,0.863623
214.490,250.082,0.860936
214.500,250.779,0.759034
214.510,258.723,0.229984
214.520,322.739,0.258878
214.530,327.398,0.512175
214.540,329.371,0.775594
214.550,332.870,0.847949
214.560,333.872,0.815553
214.570,333.793,0.787453
214.580,332.950,0.839101
214.590,333.334,0.855724
214.600,331.830,0.882162
214.610,330.559,0.894349
214.620,330.116,0.909256
214.630,329.242,0.908398
214.640,327.932,0.850740
214.650,325.791,0.647342
214.660,322.078,0.532723
214.670,321.700,0.377167
214.680,303.593,0.410477
214.690,320.527,0.070771
214.700,327.228,0.014894
214.710,330.030,0.018859
214.720,330.382,0.035401
214.730,1024.274,0.038662
214.740,1025.542,0.045789
214.750,1981.997,0.045924
214.760,1980.270,0.044654
214.770,291.826,0.196145
214.780,321.627,0.473187
214.790,312.730,0.528002
214.800,311.251,0.677081
214.810,308.607,0.827226
214.820,303.485,0.605488
214.830,289.490,0.654630
214.840,280.917,0.599758
214.850,271.814,0.825275
214.860,267.504,0.908406
214.870,266.054,0.885136
214.880,267.080,0.865589
214.890,268.507,0.955603
214.900,269.872,0.961926
214.910,270.768,0.944323
214.920,272.354,0.946062
214.930,273.386,0.899819
214.940,272.557,0.942664
214.950,269.804,0.918421
214.960,267.019,0.874453
214.970,263.423,0.733364
214.980,253.863,0.603747
214.990,249.190,0.687809
215.000,248.660,0.715425
215.010,250.925,0.697369
215.020,251.438,0.834596
215.030,250.162,0.810217
215.040,246.631,0.772387
215.050,244.562,0.815789
215.060,244.476,0.804724
215.070,245.845,0.745036
215.080,247.251,0.795104
215.090,247.611,0.820095
215.100,250.349,0.721745
215.110,252.918,0.735012
215.120,253.675,0.817426
215.130,253.562,0.813365
215.140,251.639,0.702633
215.150,249.639,0.552058
215.160,243.559,0.411174
215.170,243.571,0.265790
215.180,1194.018,0.061562
215.190,1212.414,0.050952
215.200,1216.943,0.150771
215.210,125.291,0.091027
215.220,1176.572,0.148185
215.230,252.864,0.153457
215.240,251.907,0.331435
215.250,251.736,0.463013
215.260,250.797,0.439266
215.270,126.113,0.099954
215.280,250.762,0.210705
215.290,989.678,0.092331
215.300,1963.683,0.016796
215.310,1185.953,0.022470
215.320,51.420,0.046626
215.330,51.086,0.861523
215.340,50.961,0.547598
215.350,251.780,0.484435
215.360,252.227,0.506117
215.370,251.618,0.655854
215.380,252.778,0.447286
215.390,253.557,0.205620
215.400,51.684,0.245751
215.410,32.364,0.170582
215.420,32.686,0.139376
215.430,32.864,0.202590
215.440,880.950,0.073796
215.450,39.825,0.039098
215.460,32.611,0.074308
215.470,598.702,0.225681
215.480,50.751,0.262907
215.490,50.059,0.420979
215.500,48.998,0.300202
215.510,47.824,0.072267
215.520,38.697,0.101504
215.530,50.372,0.158038
215.540,257.743,0.221996
215.550,257.959,0.509806
215.560,298.180,0.288358
215.570,299.470,0.276637
215.580,403.188,0.148081
215.590,99.625,0.182985
215.600,299.890,0.259754
215.610,331.962,0.443785
215.620,350.135,0.347443
215.630,353.166,0.571072
215.640,355.529,0.489610
215.650,180.509,0.364324
215.660,182.637,0.201269
215.670,582.552,0.208663
215.680,647.234,0.229236
215.690,656.229,0.046613
215.700,405.954,0.096646
215.710,404.466,0.103705
215.720,403.211,0.043303
215.730,986.327,0.027542
215.740,1183.056,0.021376
215.750,1182.569,0.022089
215.760,396.577,0.045316
215.770,395.367,0.163870
215.780,396.625,0.279151
215.790,398.553,0.309150
215.800,393.117,0.350631
215.810,369.040,0.353148
215.820,378.431,0.673644
215.830,379.702,0.858261
215.840,380.988,0.898583
215.850,381.572,0.906512
215.860,381.433,0.905600
215.870,381.041,0.905833
215.880,380.279,0.899992
215.890,380.432,0.899305
215.900,380.099,0.913349
215.910,382.219,0.840887
215.920,383.058,0.723371
215.930,385.137,0.711719
215.940,386.834,0.600014
215.950,387.007,0.429452
215.960,335.893,0.440828
215.970,397.475,0.533544
215.980,398.245,0.643573
215.990,400.620,0.764047
216.000,405.466,0.647845
216.010,410.968,0.801727
216.020,413.851,0.852768
216.030,414.078,0.878194
216.040,414.726,0.801341
216.050,415.322,0.653651
216.060,414.784,0.403229
216.070,411.723,0.368403
216.080,407.842,0.629975
216.090,404.427,0.700517
216.100,403.349,0.712398
216.110,399.560,0.660064
216.120,391.603,0.190594
216.130,301.025,0.243516
216.140,300.945,0.563083
216.150,302.836,0.400926
216.160,298.812,0.260021
216.170,298.120,0.172848
216.180,297.826,0.203723
216.190,298.592,0.216620
216.200,402.971,0.126348
216.210,296.979,0.202255
216.220,401.174,0.461259
216.230,403.589,0.684283
216.240,407.663,0.784072
216.250,411.549,0.755162
216.260,419.424,0.759241
216.270,421.665,0.864392
216.280,419.853,0.769786
216.290,409.208,0.655451
216.300,401.477,0.862980
216.310,401.259,0.877889
216.320,401.990,0.884604
216.330,402.645,0.903680
216.340,403.563,0.915286
216.350,403.062,0.927023
216.360,399.882,0.885459
216.370,394.877,0.892060
216.380,389.546,0.850219
216.390,384.454,0.780540
216.400,380.746,0.544875
216.410,355.541,0.189765
216.420,301.568,0.317674
216.430,299.494,0.650672
216.440,298.578,0.781287
216.450,299.136,0.817467
216.460,298.801,0.839024
216.470,298.558,0.909202
216.480,300.425,0.917982
216.490,301.961,0.960357
216.500,303.918,0.958072
216.510,306.209,0.959823
216.520,308.581,0.940862
216.530,309.221,0.803299
216.540,307.796,0.631696
216.550,302.795,0.575539
216.560,249.191,0.253610
216.570,251.203,0.727144
216.580,249.205,0.717440
216.590,330.335,0.213638
216.600,339.215,0.561300
216.610,335.785,0.521496
216.620,334.580,0.677540
216.630,335.945,0.838862
216.640,336.460,0.848496
216.650,335.677,0.808960
216.660,333.749,0.786686
216.670,332.208,0.851117
216.680,332.784,0.907713
216.690,334.259,0.933114
216.700,336.121,0.898862
216.710,335.438,0.870823
216.720,333.844,0.759586
216.730,330.129,0.512953
216.740,250.431,0.357642
216.750,254.036,0.375084
216.760,251.382,0.551090
216.770,316.833,0.296979
216.780,324.289,0.529064
216.790,329.146,0.579020
216.800,324.775,0.508102
216.810,323.659,0.572021
216.820,331.297,0.701826
216.830,332.432,0.800177
216.840,330.703,0.901173
216.850,330.395,0.916783
216.860,328.854,0.777207
216.870,322.439,0.468157
216.880,310.632,0.351119
216.890,276.079,0.309035
216.900,264.881,0.256558
216.910,250.083,0.267156
216.920,251.791,0.141906
216.930,301.979,0.263509
216.940,297.473,0.289847
216.950,301.518,0.340066
216.960,259.463,0.495794
216.970,349.295,0.403011
216.980,352.226,0.618894
216.990,348.520,0.725425
217.000,305.782,0.481091
217.010,322.759,0.425665
217.020,316.132,0.767052
217.030,315.514,0.880070
217.040,314.022,0.779264
217.050,308.296,0.560053
217.060,298.595,0.507627
217.070,292.166,0.575880
217.080,287.177,0.667714
217.090,285.980,0.833251
217.100,286.234,0.899231
217.110,285.850,0.905921
217.120,284.323,0.953430
217.130,281.551,0.913994
217.140,276.270,0.866064
217.150,269.775,0.911655
217.160,263.203,0.859698
217.170,258.149,0.854287
217.180,254.466,0.884501
217.190,249.469,0.740337
217.200,239.265,0.636685
217.210,231.122,0.695922
217.220,225.806,0.831732
217.230,222.781,0.792670
217.240,300.260,0.340192
217.250,300.019,0.496050
217.260,295.947,0.462881
217.270,291.060,0.628690
217.280,291.258,0.719066
217.290,291.279,0.571123
217.300,293.249,0.562151
217.310,295.730,0.518656
217.320,328.682,0.470142
217.330,300.186,0.264634
217.340,275.688,0.273576
217.350,266.508,0.647747
217.360,266.398,0.509749
217.370,267.434,0.759275
217.380,269.963,0.628657
217.390,276.192,0.097510
217.400,293.239,0.490912
217.410,291.393,0.685863
217.420,290.552,0.406711
217.430,296.501,0.318052
217.440,293.368,0.378323
217.450,293.879,0.384170
217.460,296.647,0.393494
217.470,298.641,0.507595
217.480,297.085,0.466313
217.490,299.995,0.317667
217.500,267.118,0.165148
217.510,209.077,0.237828
217.520,234.093,0.238766
217.530,256.759,0.349587
217.540,268.829,0.485346
217.550,274.711,0.507843
217.560,315.169,0.598013
217.570,316.478,0.752269
217.580,315.148,0.576220
217.590,310.756,0.438418
217.600,327.826,0.380646
217.610,329.525,0.545164
217.620,328.431,0.291521
217.630,328.038,0.140048
217.640,946.575,0.023509
217.650,1967.219,0.018240
217.660,133.731,0.010365
217.670,1852.938,0.014386
217.680,1846.147,0.017556
217.690,1962.848,0.006803
217.700,1962.497,0.007738
217.710,1904.223,0.012755
217.720,1781.671,0.028746
217.730,350.060,0.454002
217.740,350.490,0.710204
217.750,354.021,0.829690
217.760,358.423,0.876420
217.770,361.317,0.878523
217.780,363.298,0.897169
217.790,365.919,0.917534
217.800,367.679,0.926424
217.810,368.564,0.909175
217.820,368.567,0.918828
217.830,368.802,0.909973
217.840,368.553,0.922570
217.850,367.763,0.923252
217.860,365.608,0.864403
217.870,362.305,0.845558
217.880,359.090,0.802561
217.890,354.692,0.725666
217.900,349.099,0.584868
217.910,343.476,0.348323
217.920,330.887,0.547336
217.930,668.061,0.137295
217.940,670.915,0.224936
217.950,666.054,0.285864
217.960,265.579,0.353297
217.970,330.868,0.407244
217.980,337.553,0.636221
217.990,339.312,0.625706
218.000,340.632,0.698827
218.010,345.123,0.886312
218.020,348.105,0.891461
218.030,351.014,0.893563
218.040,352.781,0.921625
218.050,350.570,0.913105
218.060,344.111,0.835568
218.070,338.380,0.900997
218.080,332.461,0.871672
218.090,320.629,0.698811
218.100,313.071,0.899141
218.110,308.787,0.955821
218.120,305.870,0.960999
218.130,304.178,0.953356
218.140,302.827,0.931034
218.150,300.853,0.878952
218.160,298.583,0.759732
218.170,294.528,0.824264
218.180,296.093,0.735407
218.190,298.679,0.786947
218.200,303.279,0.790144
218.210,304.477,0.908909
218.220,305.569,0.940815
218.230,305.524,0.961726
218.240,305.375,0.957322
218.250,305.934,0.953550
218.260,306.479,0.932722
218.270,306.352,0.917109
218.280,305.555,0.913238
218.290,304.911,0.936966
218.300,306.097,0.960997
218.310,307.531,0.944011
218.320,306.882,0.899421
218.330,304.783,0.911975
218.340,302.907,0.916157
218.350,301.783,0.946718
218.360,301.769,0.953047
218.370,302.165,0.954442
218.380,302.682,0.952555
218.390,303.429,0.931422
218.400,304.765,0.962574
218.410,305.729,0.956419
218.420,305.604,0.912302
218.430,306.344,0.788722
218.440,328.541,0.358977
218.450,333.532,0.777541
218.460,334.728,0.901924
218.470,336.347,0.866088
218.480,339.315,0.899314
218.490,340.530,0.910926
218.500,338.911,0.875704
218.510,329.869,0.622523
218.520,316.105,0.729774
218.530,309.610,0.838281
218.540,306.070,0.896886
218.550,304.661,0.939620
218.560,304.261,0.951899
218.570,305.135,0.971517
218.580,306.295,0.964375
218.590,306.884,0.954914
218.600,307.030,0.941640
218.610,305.802,0.931462
218.620,302.294,0.891689
218.630,295.953,0.821672
218.640,291.739,0.862215
218.650,291.039,0.867269
218.660,291.654,0.827798
218.670,292.816,0.654702
218.680,294.344,0.739499
218.690,294.612,0.618706
218.700,293.861,0.312682
218.710,290.194,0.306579
218.720,279.188,0.651239
218.730,278.078,0.734410
218.740,275.787,0.656474
218.750,272.722,0.726904
218.760,272.098,0.779568
218.770,272.509,0.784899
218.780,274.050,0.725287
218.790,275.545,0.734329
218.800,275.798,0.665848
218.810,275.384,0.684332
218.820,274.107,0.874026
218.830,272.509,0.922003
218.840,271.712,0.942447
218.850,272.070,0.917321
218.860,272.348,0.914272
218.870,270.694,0.904074
218.880,269.348,0.931447
218.890,268.585,0.946380
218.900,267.917,0.943007
218.910,266.837,0.901147
218.920,265.811,0.924394
218.930,262.470,0.848725
218.940,256.182,0.833996
218.950,250.187,0.882833
218.960,246.928,0.888289
218.970,244.011,0.916681
218.980,241.714,0.957454
218.990,240.205,0.943958
219.000,239.715,0.936831
219.010,240.331,0.921251
219.020,242.074,0.953754
219.030,244.557,0.950246
219.040,245.830,0.943579
219.050,246.669,0.899700
219.060,246.998,0.914388
219.070,246.552,0.893835
219.080,246.412,0.905933
219.090,246.812,0.887277
219.100,247.292,0.838649
219.110,248.187,0.679145
219.120,246.629,0.477214
219.130,991.090,0.397082
219.140,49.754,0.289871
219.150,249.328,0.260134
219.160,250.724,0.495343
219.170,251.415,0.508405
219.180,250.688,0.307121
219.190,251.244,0.366785
219.200,251.486,0.256496
219.210,253.890,0.347563
219.220,251.258,0.201615
219.230,266.656,0.216767
219.240,296.728,0.304487
219.250,302.627,0.749644
219.260,304.761,0.742525
219.270,301.539,0.580090
219.280,295.787,0.264733
219.290,253.642,0.378882
219.300,42.330,0.456950
219.310,42.193,0.503958
219.320,42.370,0.401482
219.330,251.353,0.401491
219.340,251.737,0.430739
219.350,273.014,0.355366
219.360,264.785,0.289799
219.370,251.735,0.092984
219.380,36.690,0.107531
219.390,50.017,0.197724
219.400,49.428,0.392459
219.410,50.348,0.084785
219.420,304.589,0.208226
219.430,402.982,0.195207
219.440,129.088,0.078240
219.450,300.686,0.150550
219.460,303.614,0.165510
219.470,37.493,0.142530
219.480,60.479,0.101241
219.490,60.528,0.111501
219.500,49.405,0.341501
219.510,247.956,0.265952
219.520,246.906,0.315749
219.530,248.821,0.303336
219.540,248.831,0.279274
219.550,49.545,0.165661
219.560,49.136,0.083659
219.570,33.954,0.074799
219.580,33.759,0.142390
219.590,54.594,0.036774
219.600,447.625,0.032047
219.610,32.666,0.096976
219.620,32.829,0.027449
219.630,398.929,0.279525
219.640,398.339,0.274200
219.650,196.012,0.057194
219.660,197.706,0.078344
219.670,202.557,0.063595
219.680,220.109,0.190897
219.690,220.375,0.330443
219.700,201.813,0.269824
219.710,300.255,0.524990
219.720,303.341,0.655268
219.730,307.554,0.661453
219.740,308.208,0.839126
219.750,308.084,0.925306
219.760,306.664,0.919170
219.770,303.894,0.944059
219.780,301.762,0.959128
219.790,301.108,0.961884
219.800,301.491,0.967817
219.810,302.043,0.968392
219.820,302.384,0.963704
219.830,301.719,0.965407
219.840,300.713,0.940198
219.850,301.328,0.931782
219.860,302.583,0.900501
219.870,302.935,0.857859
219.880,303.230,0.799851
219.890,305.611,0.683858
219.900,307.893,0.537119
219.910,312.770,0.463427
219.920,320.774,0.579789
219.930,321.767,0.860231
219.940,324.254,0.851278
219.950,329.642,0.781013
219.960,338.017,0.805371
219.970,339.849,0.900645
219.980,340.937,0.927055
219.990,341.175,0.923863
220.000,341.956,0.921194
220.010,342.453,0.928881
220.020,342.816,0.931641
220.030,341.586,0.885198
220.040,338.246,0.824717
220.050,335.547,0.783420
220.060,333.236,0.589889
220.070,307.701,0.433757
220.080,301.301,0.688569
220.090,298.890,0.708005
220.100,299.091,0.635183
220.110,294.908,0.597280
220.120,297.616,0.741896
220.130,297.230,0.692072
220.140,297.692,0.553587
220.150,298.039,0.524467
220.160,297.755,0.542390
220.170,297.928,0.547486
220.180,297.620,0.362043
220.190,296.458,0.391126
220.200,363.299,0.506658
220.210,364.570,0.720007
220.220,367.111,0.893619
220.230,369.618,0.896390
220.240,372.693,0.912657
220.250,374.079,0.897979
220.260,373.255,0.907157
220.270,371.438,0.940918
220.280,370.436,0.933288
220.290,370.099,0.934650
220.300,369.336,0.905105
220.310,368.206,0.932482
220.320,366.845,0.911244
220.330,365.267,0.820855
220.340,363.134,0.667457
220.350,358.799,0.497084
220.360,353.460,0.198259
220.370,362.401,0.423050
220.380,359.087,0.702087
220.390,362.021,0.780696
220.400,364.302,0.813235
220.410,365.840,0.707019
220.420,364.478,0.754575
220.430,363.147,0.872664
220.440,360.905,0.890415
220.450,358.904,0.933218
220.460,357.265,0.911630
220.470,355.255,0.906349
220.480,351.959,0.867863
220.490,348.630,0.865693
220.500,344.611,0.860081
220.510,340.471,0.819371
220.520,336.544,0.848495
220.530,333.277,0.922979
220.540,329.707,0.885422
220.550,328.113,0.866015
220.560,327.988,0.832555
220.570,326.558,0.824656
220.580,325.978,0.768135
220.590,326.247,0.801264
220.600,324.461,0.835039
220.610,322.017,0.866914
220.620,318.997,0.798307
220.630,315.160,0.849037
220.640,313.717,0.833482
220.650,311.801,0.767005
220.660,313.126,0.693334
220.670,311.493,0.614048
220.680,305.150,0.654484
220.690,302.532,0.710545
220.700,299.054,0.839034
220.710,298.622,0.862430
220.720,298.199,0.839263
220.730,297.641,0.750956
220.740,299.281,0.835091
220.750,302.432,0.737241
220.760,305.315,0.759437
220.770,307.669,0.740322
220.780,309.671,0.815255
220.790,310.527,0.785205
220.800,310.071,0.823106
220.810,308.961,0.831592
220.820,306.340,0.841534
220.830,303.849,0.801431
220.840,301.580,0.842729
220.850,298.613,0.743811
220.860,296.358,0.440367
220.870,294.105,0.481811
220.880,293.060,0.577415
220.890,292.326,0.623407
220.900,290.859,0.499500
220.910,580.392,0.414962
220.920,287.237,0.488201
220.930,285.860,0.221115
220.940,562.318,0.270827
220.950,557.405,0.459996
220.960,548.467,0.405372
220.970,135.177,0.417489
220.980,534.618,0.435728
220.990,527.270,0.559117
221.000,516.227,0.448180
221.010,502.873,0.316701
221.020,246.103,0.424259
221.030,239.940,0.598712
221.040,236.452,0.733747
221.050,234.555,0.749590
221.060,232.239,0.628128
221.070,228.667,0.652064
221.080,226.164,0.296936
221.090,225.294,0.214564
221.100,224.410,0.210930
221.110,333.477,0.267985
221.120,55.758,0.196635
221.130,55.756,0.193399
221.140,55.458,0.188876
221.150,111.878,0.269215
221.160,111.890,0.371764
221.170,111.993,0.516281
221.180,222.896,0.272430
221.190,331.892,0.447878
221.200,332.213,0.472894
221.210,329.240,0.290799
221.220,297.678,0.289198
221.230,332.517,0.333073
221.240,450.937,0.472827
221.250,335.999,0.403475
221.260,336.733,0.412388
221.270,456.569,0.362827
221.280,340.797,0.190604
221.290,344.640,0.512560
221.300,342.738,0.675719
221.310,340.325,0.460133
221.320,297.178,0.322100
221.330,296.842,0.344255
221.340,296.386,0.514590
221.350,297.390,0.568583
221.360,298.440,0.535209
221.370,133.656,0.202797
221.380,133.489,0.344400
221.390,133.207,0.271159
221.400,267.296,0.261209
221.410,268.516,0.318090
221.420,453.058,0.426287
221.430,452.363,0.342572
221.440,451.137,0.450115
221.450,449.335,0.584713
221.460,448.504,0.657883
221.470,449.195,0.573824
221.480,449.484,0.458828
221.490,449.833,0.535733
221.500,449.525,0.267909
221.510,266.771,0.279588
221.520,132.222,0.574283
221.530,132.534,0.387837
221.540,334.969,0.438934
221.550,334.016,0.450104
221.560,176.687,0.148451
221.570,33.291,0.036904
221.580,33.168,0.419718
221.590,168.304,0.298514
221.600,171.801,0.157114
221.610,332.088,0.078581
221.620,33.858,0.305884
221.630,33.027,0.194845
221.640,134.749,0.383720
221.650,136.580,0.166683
221.660,244.850,0.316825
221.670,446.229,0.087376
221.680,449.437,0.111003
221.690,64.438,0.100403
221.700,54.694,0.123841
221.710,64.766,0.126257
221.720,32.971,0.152629
221.730,267.599,0.138882
221.740,266.933,0.155131
221.750,265.148,0.136551
221.760,330.596,0.082003
221.770,332.417,0.217989
221.780,333.512,0.570037
221.790,333.605,0.398353
221.800,335.062,0.408872
221.810,341.077,0.193744
221.820,471.851,0.377862
221.830,520.607,0.233009
221.840,531.130,0.240681
221.850,532.909,0.401685
221.860,531.183,0.320281
221.870,267.663,0.238340
221.880,268.256,0.291349
221.890,267.958,0.119562
221.900,1337.902,0.250786
221.910,1338.137,0.140674
221.920,1335.117,0.091902
221.930,1333.206,0.192282
221.940,1330.704,0.159716
221.950,1331.259,0.239665
221.960,1338.490,0.397820
221.970,1338.389,0.516195
221.980,1338.035,0.535967
221.990,1333.330,0.569814
222.000,268.761,0.503942
222.010,268.677,0.525502
222.020,1336.095,0.321353
222.030,270.245,0.178787
222.040,1336.095,0.177207
222.050,1330.439,0.207160
222.060,1372.927,0.043403
222.070,247.126,0.425132
222.080,251.221,0.511802
222.090,255.172,0.574828
222.100,252.400,0.671133
222.110,249.487,0.779877
222.120,250.105,0.844314
222.130,249.656,0.796214
222.140,249.752,0.635901
222.150,250.662,0.421524
222.160,375.981,0.205262
222.170,372.970,0.622084
222.180,376.711,0.794577
222.190,381.758,0.866107
222.200,383.551,0.791300
222.210,388.606,0.601529
222.220,391.107,0.464450
222.230,395.932,0.297415
222.240,439.337,0.738850
222.250,442.239,0.856537
222.260,444.148,0.832172
222.270,441.456,0.874362
222.280,438.494,0.830167
222.290,436.705,0.767692
222.300,436.480,0.804065
222.310,439.249,0.799695
222.320,441.060,0.852560
222.330,441.395,0.749394
222.340,440.491,0.638301
222.350,250.802,0.371913
222.360,252.400,0.634015
222.370,253.040,0.773028
222.380,253.040,0.748534
222.390,254.412,0.695907
222.400,253.130,0.541319
222.410,131.885,0.296817
222.420,397.776,0.271758
222.430,393.498,0.726354
222.440,390.764,0.742161
222.450,387.851,0.772857
222.460,387.107,0.701668
222.470,385.054,0.736927
222.480,384.964,0.607596
222.490,383.224,0.362480
222.500,383.762,0.519006
222.510,382.732,0.737336
222.520,382.669,0.839264
222.530,381.377,0.795776
222.540,380.366,0.764697
222.550,380.933,0.647006
222.560,384.803,0.426256
222.570,385.210,0.594914
222.580,385.517,0.718030
222.590,388.188,0.792063
222.600,388.795,0.865580
222.610,390.733,0.842730
222.620,393.036,0.840758
222.630,396.294,0.859717
222.640,397.630,0.897365
222.650,400.217,0.877735
222.660,400.241,0.868518
222.670,401.932,0.853601
222.680,402.103,0.730443
222.690,400.997,0.642815
222.700,397.571,0.529651
222.710,394.004,0.665378
222.720,389.109,0.651977
222.730,383.508,0.841138
222.740,379.371,0.885466
222.750,375.512,0.875653
222.760,372.417,0.661830
222.770,375.316,0.703876
222.780,379.928,0.788334
222.790,383.768,0.858381
222.800,387.913,0.841441
222.810,393.733,0.662680
222.820,266.403,0.692424
222.830,264.339,0.661424
222.840,395.009,0.478503
222.850,395.111,0.761693
222.860,392.467,0.817968
222.870,384.908,0.799262
222.880,379.724,0.836895
222.890,370.976,0.837900
222.900,362.160,0.869651
222.910,358.329,0.937985
222.920,356.411,0.920691
222.930,354.868,0.941955
222.940,352.257,0.904668
222.950,348.566,0.901760
222.960,344.859,0.910405
222.970,341.365,0.900971
222.980,335.627,0.884757
222.990,331.301,0.886073
223.000,326.230,0.814353
223.010,325.368,0.844067
223.020,327.098,0.797172
223.030,329.758,0.387347
223.040,373.091,0.222146
223.050,305.350,0.205814
223.060,299.424,0.469240
223.070,299.957,0.686777
223.080,300.814,0.681409
223.090,301.258,0.606598
223.100,301.731,0.801032
223.110,302.059,0.613240
223.120,297.426,0.240680
223.130,293.000,0.396706
223.140,295.361,0.412334
223.150,296.681,0.497938
223.160,300.158,0.519123
223.170,303.608,0.373147
223.180,301.565,0.594302
223.190,302.142,0.796677
223.200,301.594,0.776112
223.210,301.237,0.846600
223.220,302.777,0.856240
223.230,302.555,0.851983
223.240,301.330,0.774139
223.250,301.325,0.862258
223.260,299.575,0.847577
223.270,298.355,0.892816
223.280,298.501,0.899554
223.290,298.603,0.753338
223.300,301.063,0.374589
223.310,250.299,0.335367
223.320,249.812,0.383032
223.330,300.959,0.394361
223.340,299.501,0.291496
223.350,298.988,0.378461
223.360,302.042,0.693866
223.370,302.706,0.883796
223.380,302.566,0.924615
223.390,303.141,0.911174
223.400,303.199,0.901944
223.410,302.369,0.835189
223.420,302.233,0.759406
223.430,301.319,0.709074
223.440,301.138,0.501971
223.450,301.439,0.335901
223.460,302.663,0.245207
223.470,502.543,0.365844
223.480,500.012,0.526998
223.490,498.125,0.577941
223.500,497.722,0.558741
223.510,498.480,0.507068
223.520,497.420,0.269921
223.530,495.890,0.158301
223.540,352.409,0.455975
223.550,299.119,0.254726
223.560,304.083,0.211596
223.570,309.281,0.294417
223.580,306.899,0.189044
223.590,963.410,0.077392
223.600,949.783,0.054640
223.610,405.151,0.092428
223.620,252.345,0.086577
223.630,133.582,0.175353
223.640,397.477,0.476071
223.650,302.222,0.408414
223.660,319.976,0.377333
223.670,322.011,0.642302
223.680,325.621,0.792565
223.690,329.185,0.887236
223.700,331.706,0.876287
223.710,333.378,0.876265
223.720,334.070,0.877877
223.730,333.515,0.882388
223.740,332.749,0.898155
223.750,332.689,0.905737
223.760,333.134,0.911339
223.770,334.070,0.928061
223.780,334.962,0.927497
223.790,334.653,0.940460
223.800,333.815,0.934114
223.810,332.192,0.868358
223.820,328.154,0.619040
223.830,323.218,0.652974
223.840,323.056,0.743077
223.850,323.557,0.813819
223.860,324.394,0.838517
223.870,326.564,0.907347
223.880,329.412,0.931585
223.890,331.623,0.949742
223.900,332.347,0.898246
223.910,332.668,0.852410
223.920,332.165,0.791960
223.930,330.960,0.764201
223.940,331.640,0.828855
223.950,331.835,0.896025
223.960,333.075,0.892801
223.970,333.937,0.890630
223.980,334.122,0.887171
223.990,334.181,0.883380
224.000,333.224,0.853377
224.010,331.055,0.743589
224.020,310.488,0.437419
224.030,306.401,0.588469
224.040,303.278,0.646505
224.050,302.506,0.202559
224.060,303.178,0.217467
224.070,301.633,0.507069
224.080,302.182,0.168858
224.090,100.413,0.172576
224.100,199.727,0.112212
224.110,197.572,0.316298
224.120,335.721,0.422856
224.130,346.627,0.699451
224.140,350.137,0.804749
224.150,354.364,0.805063
224.160,358.236,0.756341
224.170,362.805,0.759624
224.180,367.210,0.849476
224.190,368.348,0.866183
224.200,367.982,0.873371
224.210,367.205,0.873307
224.220,366.103,0.883184
224.230,364.948,0.858946
224.240,362.985,0.905667
224.250,361.587,0.887979
224.260,358.975,0.898770
224.270,357.176,0.862082
224.280,353.962,0.793164
224.290,343.480,0.338760
224.300,336.193,0.610241
224.310,335.944,0.729347
224.320,337.346,0.816267
224.330,338.514,0.793708
224.340,345.565,0.570115
224.350,352.863,0.572169
224.360,361.524,0.790111
224.370,364.242,0.884549
224.380,364.132,0.891824
224.390,362.429,0.880053
224.400,359.738,0.846556
224.410,358.749,0.860727
224.420,355.952,0.736387
224.430,350.931,0.678545
224.440,342.511,0.643068
224.450,334.937,0.677402
224.460,328.222,0.606522
224.470,321.937,0.741532
224.480,320.826,0.789703
224.490,318.606,0.825711
224.500,318.723,0.772407
224.510,316.466,0.705220
224.520,313.510,0.614166
224.530,313.161,0.212284
224.540,309.675,0.208652
224.550,309.230,0.462016
224.560,309.497,0.863056
224.570,308.422,0.880049
224.580,308.357,0.876825
224.590,306.683,0.850139
224.600,303.620,0.851302
224.610,300.728,0.884070
224.620,299.348,0.868613
224.630,298.917,0.917422
224.640,300.848,0.911804
224.650,302.062,0.841837
224.660,303.447,0.815125
224.670,302.813,0.837468
224.680,302.047,0.766216
224.690,299.680,0.832857
224.700,295.306,0.824762
224.710,290.801,0.760842
224.720,282.825,0.613843
224.730,274.912,0.777413
224.740,270.394,0.854721
224.750,267.858,0.860534
224.760,266.435,0.814145
224.770,264.205,0.760377
224.780,263.103,0.792527
224.790,132.277,0.649375
224.800,268.512,0.618054
224.810,273.180,0.713953
224.820,277.023,0.617330
224.830,278.547,0.491278
224.840,279.347,0.504390
224.850,279.426,0.516815
224.860,277.434,0.475196
224.870,273.046,0.479460
224.880,269.639,0.658448
224.890,267.731,0.561592
224.900,267.167,0.348009
224.910,293.035,0.451485
224.920,292.571,0.247980
224.930,400.789,0.265293
224.940,273.465,0.295255
224.950,287.999,0.431280
224.960,287.840,0.384511
224.970,288.752,0.347625
224.980,295.715,0.487315
224.990,300.453,0.558814
225.000,301.368,0.377544
225.010,303.396,0.424671
225.020,306.657,0.354786
225.030,305.862,0.207820
225.040,334.720,0.214118
225.050,55.865,0.190796
225.060,329.340,0.211868
225.070,328.741,0.585324
225.080,328.554,0.485642
225.090,329.896,0.646223
225.100,329.662,0.479796
225.110,332.183,0.493810
225.120,328.082,0.431253
225.130,299.244,0.450034
225.140,299.688,0.522029
225.150,297.391,0.568893
225.160,294.926,0.660993
225.170,296.270,0.539883
225.180,297.400,0.578196
225.190,296.920,0.531491
225.200,296.460,0.448940
225.210,270.173,0.153404
225.220,267.628,0.246146
225.230,222.695,0.239559
225.240,302.250,0.261150
225.250,296.634,0.427303
225.260,294.714,0.391489
225.270,290.388,0.621474
225.280,290.636,0.612841
225.290,293.206,0.597993
225.300,298.157,0.647916
225.310,298.981,0.566697
225.320,297.988,0.307857
225.330,333.270,0.418777
225.340,334.906,0.727521
225.350,336.905,0.595823
225.360,335.418,0.491072
225.370,333.229,0.523669
225.380,332.897,0.561270
225.390,333.246,0.448460
225.400,336.098,0.248945
225.410,56.451,0.277692
225.420,269.063,0.373728
225.430,270.100,0.403263
225.440,271.570,0.844296
225.450,271.114,0.882638
225.460,267.746,0.797186
225.470,263.025,0.589670
225.480,250.822,0.324291
225.490,666.839,0.287713
225.500,665.433,0.091042
225.510,1324.654,0.046229
225.520,553.285,0.123508
225.530,1102.772,0.073538
225.540,1086.654,0.033478
225.550,1074.828,0.047962
225.560,348.526,0.079326
225.570,350.041,0.170026
225.580,388.822,0.177255
225.590,397.659,0.172465
225.600,394.472,0.167695
225.610,322.635,0.479433
225.620,325.809,0.567661
225.630,326.830,0.420731
225.640,332.564,0.495770
225.650,338.804,0.389629
225.660,353.807,0.257517
225.670,393.969,0.227939
225.680,272.841,0.336050
225.690,274.919,0.355456
225.700,281.400,0.252058
225.710,330.494,0.515720
225.720,333.546,0.681643
225.730,332.997,0.685351
225.740,329.144,0.600784
225.750,323.141,0.751264
225.760,324.183,0.858435
225.770,322.736,0.811670
225.780,320.490,0.576747
225.790,312.375,0.672113
225.800,309.281,0.949167
225.810,308.980,0.959773
225.820,309.895,0.934969
225.830,310.990,0.930109
225.840,311.739,0.936841
225.850,312.125,0.940744
225.860,312.375,0.942455
225.870,312.388,0.938994
225.880,312.206,0.942761
225.890,312.698,0.938348
225.900,312.913,0.943569
225.910,312.141,0.939712
225.920,310.065,0.938398
225.930,307.389,0.940250
225.940,305.159,0.931283
225.950,304.349,0.903302
225.960,305.331,0.952605
225.970,306.582,0.953323
225.980,306.846,0.943811
225.990,305.940,0.823665
226.000,303.130,0.605451
226.010,299.771,0.362209
226.020,257.987,0.372919
226.030,250.624,0.629229
226.040,249.031,0.579880
226.050,249.471,0.525493
226.060,249.341,0.356675
226.070,246.695,0.143217
226.080,296.819,0.088937
226.090,269.416,0.278477
226.100,301.002,0.293892
226.110,289.661,0.452715
226.120,294.068,0.544588
226.130,294.696,0.622844
226.140,293.630,0.669555
226.150,292.007,0.680284
226.160,291.725,0.720040
226.170,291.632,0.805850
226.180,291.793,0.873539
226.190,290.493,0.694717
226.200,275.922,0.537282
226.210,268.206,0.732290
226.220,263.700,0.632189
226.230,253.221,0.745785
226.240,250.305,0.726724
226.250,249.301,0.525048
226.260,248.830,0.413263
226.270,252.650,0.623959
226.280,252.731,0.679544
226.290,253.739,0.593339
226.300,255.414,0.371841
226.310,231.328,0.318328
226.320,229.572,0.595173
226.330,232.657,0.257824
226.340,249.726,0.505126
226.350,249.421,0.614705
226.360,255.491,0.601827
226.370,251.240,0.586857
226.380,250.069,0.690204
226.390,49.481,0.318663
226.400,250.784,0.551052
226.410,251.917,0.161693
226.420,252.736,0.263356
226.430,300.173,0.201699
226.440,297.548,0.405011
226.450,250.584,0.225007
226.460,246.265,0.256057
226.470,221.561,0.262767
226.480,236.860,0.401136
226.490,230.835,0.547970
226.500,227.687,0.807310
226.510,226.155,0.773763
226.520,224.702,0.396067
226.530,149.613,0.461651
226.540,150.211,0.309365
226.550,886.597,0.227041
226.560,220.874,0.251578
226.570,220.452,0.400389
226.580,73.710,0.234150
226.590,794.800,0.105055
226.600,98.937,0.087304
226.610,353.718,0.116039
226.620,244.576,0.121267
226.630,129.848,0.309290
226.640,130.870,0.546145
226.650,262.425,0.437577
226.660,261.731,0.487655
226.670,262.692,0.326579
226.680,267.735,0.606460
226.690,265.901,0.503576
226.700,263.216,0.539578
226.710,258.559,0.320230
226.720,453.743,0.161122
226.730,453.912,0.045688
226.740,55.648,0.113535
226.750,54.760,0.076031
226.760,329.858,0.155292
226.770,268.313,0.173755
226.780,266.651,0.333782
226.790,363.456,0.087805
226.800,265.918,0.170347
226.810,132.337,0.181529
226.820,132.494,0.255593
226.830,133.086,0.243962
226.840,55.065,0.199319
226.850,398.842,0.214817
226.860,400.951,0.177153
226.870,324.231,0.261933
226.880,330.429,0.230968
226.890,357.260,0.068574
226.900,354.466,0.271573
226.910,299.999,0.171903
226.920,393.946,0.495712
226.930,130.277,0.218780
226.940,249.693,0.336731
226.950,251.478,0.509086
226.960,252.965,0.632149
226.970,254.028,0.544775
226.980,254.379,0.379680
226.990,404.174,0.245409
227.000,401.455,0.602068
227.010,402.074,0.755048
227.020,402.873,0.732599
227.030,402.109,0.796981
227.040,403.144,0.740660
227.050,402.594,0.746586
227.060,401.767,0.419225
227.070,400.869,0.409291
227.080,400.827,0.436804
227.090,299.538,0.223504
227.100,295.726,0.658744
227.110,296.996,0.881360
227.120,298.964,0.907033
227.130,301.971,0.955580
227.140,303.338,0.960011
227.150,302.641,0.964842
227.160,301.158,0.967643
227.170,300.908,0.964668
227.180,302.350,0.964248
227.190,303.632,0.968357
227.200,305.053,0.979527
227.210,306.175,0.963062
227.220,305.741,0.947414
227.230,303.060,0.832602
227.240,299.197,0.724596
227.250,297.763,0.609170
227.260,274.591,0.445807
227.270,275.594,0.455364
227.280,284.131,0.641692
227.290,286.750,0.766681
227.300,289.683,0.578590
227.310,300.012,0.373992
227.320,330.079,0.339958
227.330,333.875,0.806757
227.340,336.909,0.914859
227.350,339.800,0.862657
227.360,347.368,0.893229
227.370,353.098,0.915043
227.380,359.581,0.874102
227.390,365.166,0.932188
227.400,366.128,0.958494
227.410,364.200,0.936014
227.420,359.963,0.910780
227.430,355.842,0.875833
227.440,356.133,0.752106
227.450,355.586,0.591702
227.460,350.257,0.481598
227.470,325.545,0.024239
227.480,1200.352,0.063209
227.490,402.374,0.021302
227.500,400.414,0.106563
227.510,397.563,0.515187
227.520,398.987,0.366246
227.530,400.041,0.209451
227.540,394.849,0.226484
227.550,344.635,0.525591
227.560,347.392,0.747171
227.570,349.715,0.828789
227.580,350.960,0.900910
227.590,350.014,0.939622
227.600,349.502,0.933324
227.610,349.081,0.862044
227.620,351.331,0.786949
227.630,354.275,0.868326
227.640,355.004,0.952787
227.650,354.305,0.968807
227.660,353.920,0.970342
227.670,353.080,0.958183
227.680,353.115,0.948874
227.690,354.150,0.955216
227.700,354.546,0.949916
227.710,353.194,0.913056
227.720,349.758,0.888529
227.730,346.075,0.778292
227.740,342.573,0.797309
227.750,337.523,0.729532
227.760,331.386,0.747716
227.770,329.043,0.791906
227.780,327.905,0.887662
227.790,325.203,0.813266
227.800,322.738,0.715268
227.810,324.280,0.680394
227.820,330.381,0.854958
227.830,332.139,0.940476
227.840,332.627,0.950501
227.850,332.220,0.956505
227.860,331.624,0.965222
227.870,332.274,0.945554
227.880,333.314,0.949544
227.890,333.637,0.961917
227.900,333.920,0.965476
227.910,334.212,0.965727
227.920,334.331,0.964138
227.930,334.655,0.959024
227.940,334.055,0.942734
227.950,333.667,0.870787
227.960,331.760,0.593129
227.970,329.816,0.102924
227.980,401.268,0.142461
227.990,401.391,0.182035
228.000,401.621,0.196055
228.010,399.620,0.322105
228.020,400.754,0.247975
228.030,397.938,0.385719
228.040,346.705,0.682214
228.050,350.142,0.737252
228.060,353.259,0.750841
228.070,360.122,0.764216
228.080,364.755,0.788846
228.090,365.769,0.868314
228.100,362.105,0.818106
228.110,356.271,0.858937
228.120,349.304,0.864369
228.130,344.218,0.866861
228.140,338.833,0.913469
228.150,336.018,0.934147
228.160,335.991,0.947192
228.170,336.291,0.944490
228.180,336.539,0.945256
228.190,336.521,0.942407
228.200,335.977,0.950470
228.210,334.994,0.950320
228.220,333.562,0.902391
228.230,330.288,0.786997
228.240,323.740,0.709326
228.250,319.879,0.863192
228.260,318.628,0.867328
228.270,318.214,0.874584
228.280,320.344,0.845200
228.290,326.543,0.862681
228.300,332.122,0.863104
228.310,335.948,0.894537
228.320,337.368,0.929857
228.330,336.629,0.919112
228.340,334.818,0.916301
228.350,330.950,0.899446
228.360,326.485,0.817864
228.370,320.366,0.754760
228.380,312.730,0.780173
228.390,306.208,0.799661
228.400,303.443,0.856614
228.410,300.753,0.917700
228.420,299.730,0.915496
228.430,299.326,0.898762
228.440,299.217,0.831887
228.450,300.561,0.750307
228.460,303.189,0.629971
228.470,303.625,0.513382
228.480,303.972,0.627256
228.490,302.998,0.774433
228.500,301.358,0.795393
228.510,301.060,0.860200
228.520,300.742,0.902910
228.530,299.399,0.929321
228.540,299.868,0.926992
228.550,299.861,0.924661
228.560,301.323,0.942520
228.570,302.623,0.906819
228.580,302.792,0.834634
228.590,302.255,0.696998
228.600,300.236,0.665817
228.610,297.761,0.552649
228.620,294.558,0.639511
228.630,291.957,0.619708
228.640,284.004,0.689045
228.650,276.608,0.766532
228.660,270.229,0.826835
228.670,266.277,0.865406
228.680,264.518,0.877315
228.690,263.177,0.852571
228.700,131.506,0.680109
228.710,262.585,0.719184
228.720,262.176,0.645649
228.730,131.327,0.716321
228.740,262.891,0.768807
228.750,264.199,0.711628
228.760,264.922,0.729022
228.770,264.493,0.707619
228.780,263.597,0.739327
228.790,263.151,0.718162
228.800,263.490,0.767533
228.810,265.353,0.671807
228.820,270.029,0.368140
228.830,285.521,0.544299
228.840,287.264,0.699975
228.850,290.159,0.363728
228.860,268.822,0.236234
228.870,401.619,0.439993
228.880,222.953,0.566841
228.890,220.168,0.589844
228.900,219.281,0.589833
228.910,219.495,0.433221
228.920,205.084,0.201218
228.930,457.308,0.422210
228.940,463.911,0.225712
228.950,464.447,0.131620
228.960,531.382,0.163928
228.970,535.926,0.233447
228.980,54.889,0.152580
228.990,55.096,0.567677
229.000,54.820,0.350946
229.010,54.931,0.383656
229.020,273.471,0.165479
229.030,67.280,0.089481
229.040,323.879,0.112175
229.050,327.084,0.283032
229.060,302.678,0.428250
229.070,298.404,0.601275
229.080,294.773,0.638289
229.090,292.820,0.688588
229.100,293.188,0.576081
229.110,298.144,0.439203
229.120,301.599,0.675036
229.130,301.418,0.430350
229.140,335.538,0.406166
229.150,337.425,0.410069
229.160,341.733,0.747989
229.170,341.620,0.788790
229.180,341.035,0.585715
229.190,301.383,0.264458
229.200,286.581,0.454011
229.210,290.887,0.558456
229.220,294.084,0.595622
229.230,297.133,0.559074
229.240,298.430,0.333613
229.250,268.350,0.282843
229.260,132.981,0.638402
229.270,133.194,0.645781
229.280,133.944,0.539276
229.290,133.878,0.263482
229.300,336.829,0.235689
229.310,451.972,0.231690
229.320,335.353,0.397230
229.330,450.023,0.632115
229.340,450.059,0.690957
229.350,449.091,0.440633
229.360,448.881,0.309196
229.370,268.455,0.373376
229.380,334.260,0.261982
229.390,333.481,0.261671
229.400,335.921,0.462859
229.410,336.813,0.460637
229.420,335.953,0.596415
229.430,335.337,0.284231
229.440,332.450,0.120012
229.450,33.494,0.205925
229.460,33.182,0.105563
229.470,1064.608,0.138837
229.480,445.051,0.139450
229.490,342.226,0.131360
229.500,133.321,0.241694
229.510,134.032,0.422014
229.520,134.575,0.530022
229.530,132.699,0.119225
229.540,132.250,0.088793
229.550,131.904,0.099624
229.560,462.578,0.209356
229.570,459.258,0.175373
229.580,532.918,0.647925
229.590,531.662,0.808745
229.600,528.882,0.829865
229.610,526.831,0.724880
229.620,525.301,0.471204
229.630,267.705,0.091089
229.640,269.597,0.161814
229.650,333.876,0.365916
229.660,337.156,0.327125
229.670,337.194,0.331916
229.680,458.567,0.313435
229.690,479.866,0.115543
229.700,936.522,0.042505
229.710,272.105,0.045424
229.720,334.508,0.112825
229.730,329.136,0.112720
229.740,332.881,0.261406
229.750,222.947,0.190317
229.760,222.763,0.690163
229.770,226.674,0.363348
229.780,272.764,0.496605
229.790,279.128,0.466048
229.800,300.050,0.309743
229.810,300.651,0.278611
229.820,303.637,0.351945
229.830,329.058,0.483996
229.840,337.674,0.471963
229.850,350.015,0.455504
229.860,393.068,0.501256
229.870,403.005,0.523502
229.880,415.444,0.487708
229.890,443.261,0.535568
229.900,459.604,0.715093
229.910,464.341,0.579714
229.920,256.938,0.137776
229.930,255.275,0.519503
229.940,255.151,0.654792
229.950,253.921,0.837142
229.960,250.406,0.773801
229.970,250.214,0.764230
229.980,250.151,0.829901
229.990,251.443,0.758280
230.000,251.223,0.685629
230.010,252.979,0.568024
230.020,254.088,0.489411
230.030,251.956,0.212711
230.040,381.720,0.282643
230.050,389.681,0.752680
230.060,392.257,0.692959
230.070,396.683,0.694826
230.080,399.191,0.734789
230.090,400.831,0.690119
230.100,201.945,0.575171
230.110,405.523,0.698730
230.120,404.530,0.658834
230.130,404.850,0.734779
230.140,405.904,0.700503
230.150,406.667,0.780131
230.160,408.013,0.846947
230.170,408.202,0.753677
230.180,407.466,0.580349
230.190,405.068,0.321282
230.200,404.128,0.507619
230.210,401.780,0.293645
230.220,129.871,0.337069
230.230,255.813,0.401007
230.240,253.504,0.631295
230.250,250.984,0.561775
230.260,250.583,0.327957
230.270,258.974,0.179204
230.280,263.611,0.245375
230.290,265.051,0.143068
230.300,402.746,0.341839
230.310,394.198,0.561557
230.320,392.791,0.724637
230.330,390.813,0.805475
230.340,388.739,0.895934
230.350,386.157,0.866118
230.360,381.710,0.766730
230.370,375.730,0.682050
230.380,123.214,0.534937
230.390,366.511,0.664976
230.400,361.327,0.745756
230.410,356.153,0.750941
230.420,353.646,0.632760
230.430,348.918,0.316963
230.440,342.479,0.482533
230.450,341.266,0.744550
230.460,337.814,0.866042
230.470,336.719,0.897059
230.480,336.618,0.920545
230.490,334.833,0.919701
230.500,332.917,0.906427
230.510,330.388,0.907016
230.520,330.110,0.857201
230.530,330.466,0.879705
230.540,332.487,0.869177
230.550,333.215,0.809632
230.560,330.933,0.809167
230.570,330.281,0.855803
230.580,327.362,0.896432
230.590,326.367,0.922552
230.600,326.003,0.921763
230.610,324.339,0.873833
230.620,319.910,0.804391
230.630,308.958,0.669282
230.640,301.319,0.891418
230.650,296.210,0.909166
230.660,293.138,0.926755
230.670,293.159,0.914312
230.680,294.404,0.924892
230.690,298.244,0.919920
230.700,301.006,0.947468
230.710,302.641,0.951523
230.720,304.039,0.960092
230.730,305.684,0.974124
230.740,305.929,0.970619
230.750,304.220,0.971729
230.760,302.746,0.958262
230.770,302.254,0.947255
230.780,302.347,0.909884
230.790,302.249,0.768537
230.800,301.468,0.576206
230.810,303.678,0.107241
230.820,99.913,0.292632
230.830,198.542,0.266918
230.840,298.259,0.254807
230.850,303.419,0.304023
230.860,328.437,0.540247
230.870,333.346,0.229124
230.880,338.260,0.189692
230.890,340.549,0.231218
230.900,336.532,0.288861
230.910,277.883,0.356937
230.920,279.646,0.650885
230.930,287.176,0.633613
230.940,296.109,0.570949
230.950,302.173,0.825625
230.960,304.046,0.889629
230.970,304.597,0.858445
230.980,305.490,0.853975
230.990,304.605,0.637850
231.000,305.897,0.282840
231.010,314.575,0.177383
231.020,328.348,0.123217
231.030,296.951,0.333452
231.040,298.361,0.439966
231.050,298.798,0.501394
231.060,297.574,0.468204
231.070,146.977,0.295704
231.080,298.450,0.477666
231.090,299.699,0.742694
231.100,298.107,0.825096
231.110,299.643,0.790976
231.120,300.987,0.860094
231.130,299.679,0.862447
231.140,298.839,0.856313
231.150,299.001,0.803423
231.160,299.374,0.570900
231.170,147.696,0.459535
231.180,50.565,0.175083
231.190,304.891,0.338919
231.200,302.758,0.580997
231.210,300.431,0.612510
231.220,297.648,0.692937
231.230,300.720,0.837021
231.240,303.276,0.884567
231.250,304.949,0.939526
231.260,306.263,0.878527
231.270,305.580,0.704898
231.280,231.373,0.241750
231.290,235.384,0.527114
231.300,244.946,0.466683
231.310,259.554,0.537363
231.320,274.470,0.328557
231.330,301.521,0.521214
231.340,330.558,0.669820
231.350,335.442,0.853924
231.360,338.914,0.916290
231.370,341.076,0.917325
231.380,340.263,0.869103
231.390,338.167,0.790487
231.400,336.605,0.512521
231.410,336.940,0.399826
231.420,334.996,0.516656
231.430,332.171,0.444206
231.440,328.523,0.334041
231.450,324.711,0.552255
231.460,326.332,0.694212
231.470,327.042,0.721407
231.480,332.254,0.452370
231.490,347.619,0.554183
231.500,352.744,0.820810
231.510,354.479,0.913163
231.520,354.531,0.917434
231.530,354.411,0.914722
231.540,354.789,0.898246
231.550,355.178,0.886642
231.560,355.235,0.911927
231.570,354.919,0.913476
231.580,355.646,0.911053
231.590,356.529,0.918407
231.600,358.319,0.949379
231.610,358.655,0.951327
231.620,360.094,0.934325
231.630,360.215,0.921309
231.640,357.539,0.926144
231.650,353.229,0.910767
231.660,349.973,0.878458
231.670,347.698,0.353166
231.680,404.963,0.147137
231.690,340.396,0.652941
231.700,335.494,0.850308
231.710,334.297,0.880438
231.720,332.501,0.873307
231.730,332.179,0.896435
231.740,332.447,0.928548
231.750,333.118,0.943322
231.760,333.077,0.940332
231.770,334.330,0.947167
231.780,334.655,0.938433
231.790,334.103,0.929870
231.800,332.756,0.911840
231.810,332.177,0.937228
231.820,333.249,0.952439
231.830,334.121,0.965848
231.840,334.155,0.965193
231.850,334.560,0.966150
231.860,334.085,0.965397
231.870,333.335,0.953821
231.880,331.787,0.941644
231.890,328.942,0.851084
231.900,325.848,0.691278
231.910,324.804,0.467319
231.920,310.784,0.342217
231.930,399.544,0.321326
231.940,200.860,0.732719
231.950,200.477,0.696498
231.960,199.639,0.659397
231.970,198.306,0.490174
231.980,196.711,0.284467
231.990,336.388,0.526043
232.000,342.767,0.626098
232.010,349.436,0.513121
232.020,365.953,0.390338
232.030,372.183,0.723485
232.040,377.151,0.841551
232.050,376.983,0.880240
232.060,373.334,0.787739
232.070,367.421,0.776314
232.080,358.525,0.850659
232.090,353.121,0.922043
232.100,348.361,0.908569
232.110,344.321,0.911658
232.120,341.214,0.940437
232.130,339.260,0.948043
232.140,338.103,0.959160
232.150,336.822,0.945988
232.160,335.178,0.957378
232.170,334.802,0.953645
232.180,333.985,0.939802
232.190,331.705,0.893094
232.200,325.632,0.781175
232.210,324.333,0.894410
232.220,325.142,0.901380
232.230,326.839,0.946819
232.240,328.120,0.944476
232.250,330.317,0.938306
232.260,333.157,0.918234
232.270,335.107,0.917738
232.280,334.961,0.928246
232.290,333.846,0.886092
232.300,330.313,0.812641
232.310,325.992,0.811434
232.320,323.544,0.816658
232.330,317.622,0.613793
232.340,309.330,0.830506
232.350,306.165,0.893410
232.360,302.779,0.900273
232.370,300.910,0.863379
232.380,301.127,0.817875
232.390,303.001,0.716644
232.400,303.091,0.521410
232.410,298.362,0.519437
232.420,297.325,0.481341
232.430,297.466,0.653741
232.440,297.168,0.716996
232.450,295.763,0.705080
232.460,294.174,0.674704
232.470,294.447,0.626454
232.480,295.735,0.670884
232.490,295.640,0.870264
232.500,297.319,0.860438
232.510,297.381,0.843935
232.520,299.243,0.752626
232.530,300.348,0.611360
232.540,299.607,0.534729
232.550,335.204,0.505946
232.560,332.564,0.427196
232.570,277.185,0.481404
232.580,265.758,0.528549
232.590,256.526,0.785365
232.600,253.161,0.953254
232.610,253.081,0.960117
232.620,253.759,0.958018
232.630,255.513,0.883060
232.640,260.251,0.870672
232.650,263.452,0.849865
232.660,265.774,0.817193
232.670,268.879,0.805945
232.680,270.713,0.809285
232.690,271.044,0.789628
232.700,270.012,0.642959
232.710,267.481,0.572865
232.720,265.636,0.617682
232.730,265.088,0.663280
232.740,264.066,0.675319
232.750,264.716,0.586105
232.760,265.630,0.456905
232.770,534.945,0.624328
232.780,537.768,0.423478
232.790,542.145,0.443492
232.800,545.411,0.319868
232.810,547.453,0.302937
232.820,549.978,0.403633
232.830,549.428,0.122503
232.840,229.248,0.235862
232.850,243.700,0.279065
232.860,259.142,0.175297
232.870,261.748,0.175529
232.880,303.331,0.275859
232.890,305.558,0.436033
232.900,313.208,0.470312
232.910,323.981,0.385414
232.920,330.357,0.330176
232.930,329.484,0.255872
232.940,326.654,0.247396
232.950,327.130,0.246844
232.960,331.533,0.448136
232.970,331.839,0.588279
232.980,330.659,0.541921
232.990,331.452,0.392742
233.000,298.826,0.460680
233.010,298.098,0.633558
233.020,296.083,0.511428
233.030,296.070,0.390253
233.040,224.594,0.226454
233.050,223.875,0.406682
233.060,223.693,0.436522
233.070,335.929,0.193294
233.080,266.946,0.270958
233.090,447.907,0.254182
233.100,333.763,0.245694
233.110,331.353,0.268552
233.120,303.403,0.390703
233.130,300.989,0.343500
233.140,291.352,0.533926
233.150,291.242,0.661430
233.160,291.486,0.302740
233.170,298.061,0.240386
233.180,298.934,0.288065
233.190,264.299,0.442562
233.200,264.946,0.638100
233.210,265.496,0.775448
233.220,266.079,0.875190
233.230,266.012,0.879183
233.240,267.271,0.873861
233.250,267.207,0.851283
233.260,267.793,0.841488
233.270,267.833,0.778500
233.280,269.428,0.791616
233.290,271.246,0.806379
233.300,272.617,0.888923
233.310,272.340,0.878812
233.320,271.433,0.689824
233.330,270.233,0.506548
233.340,32.574,0.066311
233.350,448.896,0.021398
233.360,886.322,0.026252
233.370,980.231,0.021300
233.380,961.310,0.019811
233.390,548.087,0.025801
233.400,1084.141,0.022501
233.410,1083.658,0.016405
233.420,1064.234,0.025809
233.430,1054.899,0.018134
233.440,348.719,0.070470
233.450,332.676,0.096173
233.460,331.701,0.141827
233.470,303.501,0.302280
233.480,321.907,0.229343
233.490,320.967,0.167495
233.500,322.499,0.255007
233.510,330.045,0.249511
233.520,345.555,0.135751
233.530,294.567,0.215462
233.540,261.798,0.336778
233.550,265.820,0.285251
233.560,311.260,0.406237
233.570,315.894,0.563696
233.580,325.241,0.497412
233.590,337.833,0.630873
233.600,342.440,0.689077
233.610,344.331,0.368214
233.620,322.231,0.414298
233.630,310.665,0.492139
233.640,314.926,0.796054
233.650,313.988,0.793887
233.660,309.531,0.633101
233.670,301.949,0.644672
233.680,297.181,0.824567
233.690,297.528,0.896087
233.700,299.535,0.907620
233.710,302.073,0.901712
233.720,304.885,0.921878
233.730,307.058,0.909523
233.740,307.495,0.924189
233.750,309.044,0.913919
233.760,312.212,0.884072
233.770,314.516,0.887151
233.780,315.103,0.876041
233.790,312.170,0.794701
233.800,307.192,0.807080
233.810,302.004,0.841785
233.820,296.157,0.908851
233.830,295.550,0.940710
233.840,297.363,0.941536
233.850,298.832,0.948147
233.860,298.666,0.911045
233.870,297.239,0.779013
233.880,293.747,0.234071
233.890,252.728,0.552615
233.900,251.030,0.809603
233.910,249.143,0.837301
233.920,248.051,0.831821
233.930,248.650,0.754939
233.940,250.151,0.646352
233.950,251.569,0.330173
233.960,253.714,0.514398
233.970,286.922,0.469502
233.980,285.493,0.586344
233.990,286.454,0.770857
234.000,287.770,0.890166
234.010,288.693,0.910735
234.020,291.045,0.883617
234.030,293.081,0.828394
234.040,293.669,0.733970
234.050,295.447,0.356075
234.060,274.568,0.718148
234.070,273.080,0.761929
234.080,270.218,0.745007
234.090,265.710,0.749489
234.100,261.814,0.810889
234.110,259.651,0.662669
234.120,253.592,0.651453
234.130,248.451,0.505053
234.140,243.974,0.270975
234.150,240.051,0.576884
234.160,240.896,0.601826
234.170,238.878,0.645379
234.180,236.877,0.733650
234.190,235.390,0.760842
234.200,233.338,0.672495
234.210,230.508,0.634882
234.220,233.677,0.653810
234.230,236.697,0.449776
234.240,226.958,0.226101
234.250,255.500,0.490307
234.260,250.097,0.588562
234.270,250.421,0.643789
234.280,248.506,0.475679
234.290,251.676,0.668854
234.300,250.210,0.518200
234.310,252.391,0.630896
234.320,250.738,0.643568
234.330,247.578,0.588399
234.340,242.617,0.515142
234.350,241.248,0.580803
234.360,234.637,0.623607
234.370,231.299,0.750800
234.380,229.146,0.762632
234.390,229.172,0.665288
234.400,227.143,0.447515
234.410,223.803,0.489980
234.420,223.880,0.315050
234.430,225.011,0.539030
234.440,225.427,0.644243
234.450,227.543,0.356453
234.460,227.803,0.304065
234.470,300.181,0.542049
234.480,299.250,0.567591
234.490,226.464,0.282730
234.500,224.460,0.479988
234.510,224.026,0.667846
234.520,223.291,0.706959
234.530,223.036,0.748473
234.540,223.475,0.671856
234.550,224.060,0.621039
234.560,221.268,0.481584
234.570,220.451,0.244470
234.580,884.781,0.139721
234.590,885.564,0.245355
234.600,224.883,0.334529
234.610,226.817,0.491797
234.620,226.124,0.758529
234.630,225.454,0.803912
234.640,225.794,0.843359
234.650,226.085,0.813943
234.660,225.066,0.799822
234.670,224.532,0.792785
234.680,223.349,0.816021
234.690,222.772,0.737209
234.700,448.366,0.367793
234.710,214.518,0.299948
234.720,217.386,0.547135
234.730,209.550,0.437882
234.740,203.269,0.493628
234.750,200.576,0.634953
234.760,200.563,0.754763
234.770,199.218,0.838811
234.780,199.545,0.808768
234.790,199.082,0.765295
234.800,200.593,0.717789
234.810,201.587,0.789744
234.820,203.490,0.726872
234.830,207.033,0.685813
234.840,210.773,0.620477
234.850,222.172,0.460740
234.860,236.579,0.289543
234.870,247.934,0.591631
234.880,252.327,0.356154
234.890,268.712,0.623140
234.900,268.042,0.727401
234.910,267.836,0.807825
234.920,264.774,0.626083
234.930,254.697,0.476910
234.940,247.951,0.325950
234.950,249.558,0.337093
234.960,249.691,0.430113
234.970,251.050,0.464084
234.980,250.148,0.607791
234.990,249.641,0.778923
235.000,250.691,0.820817
235.010,251.261,0.863994
235.020,250.896,0.876948
235.030,250.697,0.885432
235.040,251.088,0.858189
235.050,250.571,0.894889
235.060,250.734,0.905362
235.070,251.802,0.907068
235.080,252.741,0.935208
235.090,253.516,0.930419
235.100,254.076,0.917268
235.110,253.454,0.901879
235.120,251.418,0.892467
235.130,250.090,0.914632
235.140,250.421,0.914984
235.150,250.737,0.884034
235.160,250.726,0.830158
235.170,250.561,0.833712
235.180,250.259,0.863421
235.190,249.442,0.882132
235.200,248.735,0.885995
235.210,246.773,0.842414
235.220,242.632,0.746473
235.230,235.625,0.573815
235.240,233.998,0.508487
235.250,235.653,0.602616
235.260,232.333,0.516089
235.270,226.867,0.568493
235.280,224.565,0.693672
235.290,222.719,0.706030
235.300,220.318,0.678708
235.310,217.382,0.687591
235.320,215.730,0.630581
235.330,214.235,0.468810
235.340,215.546,0.521008
235.350,219.271,0.210893
235.360,1171.107,0.022403
235.370,43.152,0.040868
235.380,82.917,0.055698
235.390,1974.855,0.028229
235.400,98.198,0.021381
235.410,199.391,0.201397
235.420,198.830,0.624676
235.430,199.990,0.673708
235.440,200.539,0.493095
235.450,132.690,0.429333
235.460,135.778,0.141322
235.470,202.390,0.614804
235.480,201.235,0.790035
235.490,200.948,0.741511
235.500,200.269,0.652210
235.510,200.778,0.632291
235.520,200.839,0.604219
235.530,202.586,0.320590
235.540,100.149,0.055545
235.550,198.172,0.244616
235.560,196.045,0.207604
235.570,585.777,0.191618
235.580,35.908,0.129901
235.590,34.579,0.253958
235.600,46.951,0.141040
235.610,46.760,0.068957
235.620,48.516,0.038619
235.630,165.536,0.400918
235.640,338.162,0.179452
235.650,164.059,0.170586
235.660,194.279,0.226155
235.670,195.250,0.400773
235.680,195.750,0.254425
235.690,1004.123,0.388737
235.700,1005.407,0.447351
235.710,1003.974,0.349259
235.720,993.846,0.277184
235.730,994.772,0.087490
235.740,37.092,0.064041
235.750,32.689,0.249869
235.760,1001.166,0.110856
235.770,996.174,0.105619
235.780,997.754,0.236805
235.790,997.358,0.414225
235.800,999.176,0.362539
235.810,1005.168,0.118969
235.820,1981.420,0.026916
235.830,979.071,0.010405
235.840,983.923,0.008223
235.850,99.805,0.008300
235.860,99.319,0.011714
235.870,1298.265,0.014614
235.880,49.400,0.349815
235.890,50.400,0.127115
235.900,50.161,0.041393
235.910,133.749,0.045425
235.920,49.562,0.060450
235.930,49.795,0.210828
235.940,995.394,0.099775
235.950,994.001,0.543434
235.960,996.097,0.712411
235.970,998.883,0.592366
235.980,999.720,0.558536
235.990,996.788,0.428057
236.000,995.595,0.522621
236.010,992.702,0.473853
236.020,246.995,0.319621
236.030,244.355,0.446884
236.040,994.355,0.320351
236.050,998.872,0.296214
236.060,992.636,0.393306
236.070,1964.247,0.091018
236.080,1217.479,0.117105
236.090,990.080,0.076172
236.100,197.671,0.115929
236.110,251.519,0.180902
236.120,501.095,0.254374
236.130,499.960,0.302825
236.140,498.552,0.262156
236.150,499.128,0.349134
236.160,994.273,0.385054
236.170,990.832,0.276465
236.180,991.080,0.098053
236.190,394.278,0.187175
236.200,140.173,0.044464
236.210,197.064,0.280092
236.220,98.628,0.306664
236.230,99.366,0.562585
236.240,99.569,0.742983
236.250,99.426,0.788746
236.260,99.313,0.715995
236.270,99.469,0.569583
236.280,99.520,0.198095
236.290,142.620,0.075002
236.300,291.695,0.186728
236.310,290.165,0.166578
236.320,1183.857,0.042466
236.330,1024.441,0.010438
236.340,1218.628,0.020966
236.350,1311.229,0.021580
236.360,552.682,0.189300
236.370,553.361,0.047642
236.380,1968.695,0.013688
236.390,1970.300,0.026148
236.400,1968.871,0.025976
236.410,1478.206,0.030276
236.420,1458.755,0.014293
236.430,194.208,0.309170
236.440,331.028,0.360321
236.450,333.649,0.435346
236.460,338.022,0.386657
236.470,336.995,0.388723
236.480,335.431,0.356072
236.490,167.146,0.375355
236.500,400.488,0.377055
236.510,56.381,0.189887
236.520,399.837,0.213823
236.530,196.538,0.285647
236.540,197.645,0.532391
236.550,198.060,0.556298
236.560,400.951,0.479590
236.570,401.526,0.592676
236.580,402.122,0.324073
236.590,133.089,0.255689
236.600,49.082,0.022415
236.610,55.895,0.052438
236.620,398.002,0.047828
236.630,33.180,0.132448
236.640,33.570,0.090065
236.650,34.044,0.039021
236.660,35.910,0.031292
236.670,133.093,0.043984
236.680,132.390,0.069341
236.690,32.415,0.115419
236.700,32.982,0.047462
236.710,35.162,0.014420
236.720,35.074,0.029834
236.730,34.495,0.095135
236.740,33.558,0.030104
236.750,33.332,0.014751
236.760,33.328,0.018493
236.770,33.322,0.008212
236.780,1804.406,0.007493
236.790,138.572,0.013384
236.800,403.046,0.025682
236.810,32.287,0.027132
236.820,32.234,0.208781
236.830,32.373,0.160393
236.840,34.399,0.053894
236.850,35.460,0.055582
236.860,1325.962,0.045390
236.870,1324.816,0.029083
236.880,1974.519,0.011395
236.890,48.111,0.010268
236.900,47.451,0.011324
236.910,55.358,0.035908
236.920,1224.228,0.032857
236.930,1229.010,0.063144
236.940,1171.599,0.061552
236.950,295.162,0.189566
236.960,36.485,0.153309
236.970,36.475,0.147435
236.980,36.412,0.190309
236.990,33.350,0.107386
237.000,32.463,0.029764
237.010,32.271,0.006700
237.020,32.205,0.007842
237.030,1186.985,0.027683
237.040,217.735,0.070853
237.050,47.492,0.030238
237.060,35.054,0.037837
237.070,32.565,0.012894
237.080,42.788,0.008518
237.090,1451.162,0.015771
237.100,32.432,0.095243
237.110,289.696,0.237108
237.120,291.091,0.196003
237.130,292.094,0.038669
237.140,290.557,0.039619
237.150,287.439,0.048924
237.160,56.925,0.009290
237.170,1321.175,0.097783
237.180,1318.327,0.088455
237.190,32.588,0.084191
237.200,32.476,0.136099
237.210,32.865,0.063206
237.220,452.583,0.068704
237.230,451.312,0.071473
237.240,448.695,0.046598
237.250,48.893,0.115277
237.260,48.904,0.025457
237.270,1318.305,0.011006
237.280,580.567,0.319662
237.290,591.613,0.138775
237.300,187.263,0.103316
237.310,35.481,0.063108
237.320,32.332,0.010491
237.330,55.267,0.024924
237.340,33.007,0.031625
237.350,33.675,0.042475
237.360,1875.681,0.069542
237.370,1871.631,0.116019
237.380,32.886,0.016092
237.390,33.091,0.010173
237.400,33.521,0.027562
237.410,33.956,0.226477
237.420,35.251,0.034676
237.430,535.813,0.042830
237.440,538.675,0.048010
237.450,1164.692,0.023948
237.460,809.390,0.012879
237.470,814.592,0.018492
237.480,1310.769,0.005225
237.490,1231.173,0.010045
237.500,1322.718,0.015662
237.510,1340.526,0.021454
237.520,1052.302,0.061488
237.530,591.033,0.067844
237.540,180.312,0.022472
237.550,32.313,0.004440
237.560,33.075,0.012717
237.570,33.441,0.081874
237.580,33.211,0.124381
237.590,33.001,0.016378
237.600,1043.677,0.011674
237.610,1038.734,0.021826
237.620,892.038,0.029913
237.630,670.011,0.043325
237.640,41.826,0.019319
237.650,455.894,0.025231
237.660,282.399,0.047503
237.670,32.442,0.203256
237.680,32.432,0.077878
237.690,1197.066,0.017250
237.700,291.600,0.031034
237.710,664.661,0.023534
237.720,1048.938,0.042813
237.730,1046.136,0.049423
237.740,1790.003,0.036110
237.750,892.634,0.104446
237.760,892.388,0.066285
237.770,580.860,0.118320
237.780,266.396,0.164744
237.790,129.283,0.087750
237.800,32.486,0.028155
237.810,32.523,0.080112
237.820,45.041,0.048804
237.830,44.938,0.063912
237.840,45.091,0.042044
237.850,45.082,0.086547
237.860,1316.631,0.009822
237.870,35.394,0.134158
237.880,36.144,0.040623
237.890,1140.070,0.021298
237.900,254.664,0.040912
237.910,243.355,0.036516
237.920,33.050,0.062509
237.930,32.578,0.041586
237.940,32.460,0.027779
237.950,1970.082,0.008146
237.960,1229.876,0.021837
237.970,32.126,0.005744
237.980,50.726,0.073597
237.990,31.964,0.100120
238.000,54.374,0.048257
238.010,257.026,0.190554
238.020,254.690,0.288579
238.030,253.716,0.094519
238.040,250.727,0.056210
238.050,132.349,0.021170
238.060,131.901,0.026276
238.070,130.060,0.021246
238.080,535.678,0.017924
238.090,1095.782,0.041218
238.100,1107.789,0.021349
238.110,1094.173,0.038469
238.120,253.678,0.025096
238.130,253.580,0.115712
238.140,268.974,0.167657
238.150,269.823,0.016922
238.160,33.472,0.068314
238.170,33.245,0.074006
238.180,49.145,0.020036
238.190,49.360,0.017663
238.200,994.480,0.008663
238.210,32.248,0.012759
238.220,127.594,0.039304
238.230,125.097,0.067431
238.240,125.107,0.087980
238.250,123.640,0.175450
238.260,121.020,0.256856
238.270,275.892,0.052700
238.280,351.279,0.054536
238.290,32.466,0.437189
238.300,32.371,0.090458
238.310,33.938,0.584852
238.320,34.030,0.515012
238.330,32.385,0.009310
238.340,32.324,0.004009
238.350,36.907,0.004561
238.360,43.008,0.011808
238.370,32.897,0.008028
238.380,54.839,0.021868
238.390,1194.612,0.024928
238.400,886.731,0.024006
238.410,51.458,0.038316
238.420,32.372,0.018193
238.430,32.418,0.012290
238.440,32.964,0.018089
238.450,879.169,0.016636
238.460,1454.986,0.005754
238.470,32.193,0.013771
238.480,1751.840,0.026807
238.490,1772.380,0.038683
238.500,37.870,0.058178
238.510,930.843,0.065547
238.520,263.413,0.140419
238.530,38.258,0.063048
238.540,44.613,0.050951
238.550,35.940,0.082528
238.560,35.870,0.051655
238.570,35.983,0.046568
238.580,35.791,0.237238
238.590,36.144,0.064257
238.600,40.601,0.020934
238.610,93.118,0.078823
238.620,262.530,0.403682
238.630,262.932,0.451719
238.640,33.198,0.224631
238.650,263.787,0.392206
238.660,130.367,0.352771
238.670,527.270,0.127675
238.680,32.280,0.012398
238.690,33.476,0.012998
238.700,32.816,0.010876
238.710,32.323,0.154816
238.720,32.624,0.019690
238.730,35.060,0.010709
238.740,34.477,0.109389
238.750,100.646,0.046010
238.760,293.889,0.156444
238.770,32.543,0.028364
238.780,32.126,0.018284
238.790,32.235,0.050516
238.800,43.975,0.077028
238.810,44.518,0.014795
238.820,50.696,0.006113
238.830,33.219,0.018801
238.840,32.889,0.018742
238.850,51.061,0.012881
238.860,50.613,0.025234
238.870,51.364,0.013274
238.880,51.599,0.016377
238.890,32.557,0.022033
238.900,32.311,0.046755
238.910,32.221,0.003074
238.920,1885.164,0.003854
238.930,145.830,0.017905
238.940,33.089,0.119711
238.950,33.535,0.023686
238.960,32.317,0.017714
238.970,59.020,0.024631
238.980,32.032,0.031498
238.990,301.727,0.020816
239.000,32.329,0.012900
239.010,32.078,0.022078
239.020,52.339,0.013138
239.030,1845.965,0.013560
239.040,35.387,0.028394
239.050,46.247,0.025993
239.060,45.842,0.042839
239.070,1967.066,0.016848
239.080,1478.244,0.013666
239.090,32.230,0.014192
239.100,49.174,0.061702
239.110,50.499,0.053154
239.120,141.859,0.057091
239.130,42.941,0.020409
239.140,34.290,0.051265
239.150,54.608,0.016241
239.160,301.522,0.034477
239.170,298.900,0.272157
239.180,298.495,0.498058
239.190,299.830,0.116226
239.200,49.342,0.337435
239.210,303.442,0.231702
239.220,304.600,0.281965
239.230,303.913,0.326087
239.240,302.425,0.304774
239.250,580.984,0.178335
239.260,163.490,0.031653
239.270,32.372,0.035347
239.280,56.928,0.092539
239.290,56.711,0.022417
239.300,32.421,0.085232
239.310,32.868,0.030907
239.320,32.857,0.030015
239.330,32.561,0.008037
239.340,32.341,0.003347
239.350,1196.029,0.011651
239.360,1751.200,0.006453
239.370,1199.873,0.003378
239.380,1176.552,0.010164
239.390,1193.345,0.015938
239.400,1225.058,0.011268
239.410,32.861,0.012345
239.420,50.280,0.032261
239.430,60.253,0.043854
239.440,59.096,0.086318
239.450,57.766,0.160203
239.460,56.608,0.015380
239.470,65.838,0.014764
239.480,1860.109,0.036231
239.490,1183.432,0.021384
239.500,1183.537,0.009179
239.510,41.735,0.138718
239.520,33.125,0.015313
239.530,32.323,0.008110
239.540,348.227,0.048439
239.550,334.242,0.189904
239.560,332.139,0.281858
239.570,332.101,0.167264
239.580,169.972,0.398259
239.590,169.705,0.162016
239.600,166.837,0.075756
239.610,84.274,0.055451
239.620,1028.853,0.035606
239.630,1051.073,0.014734
239.640,287.250,0.046792
239.650,290.476,0.164858
239.660,291.930,0.516849
239.670,292.851,0.263633
239.680,293.266,0.410420
239.690,294.220,0.513002
239.700,297.639,0.443430
239.710,297.844,0.211806
239.720,293.039,0.395540
239.730,147.210,0.210632
239.740,234.576,0.066567
239.750,223.882,0.094736
239.760,311.567,0.014614
239.770,32.976,0.024652
239.780,32.771,0.562386
239.790,32.668,0.656059
239.800,32.437,0.726480
239.810,32.287,0.038651
239.820,1977.183,0.008241
239.830,54.665,0.004685
239.840,1933.965,0.018552
239.850,32.234,0.011176
239.860,51.064,0.131469
239.870,48.043,0.016326
239.880,46.492,0.027177
239.890,38.002,0.021632
239.900,39.238,0.092467
239.910,33.027,0.289347
239.920,33.118,0.426729
239.930,33.008,0.039918
239.940,33.446,0.016518
239.950,1175.966,0.007432
239.960,1224.831,0.095053
239.970,246.174,0.071751
239.980,600.123,0.143613
239.990,598.594,0.134040
240.000,600.860,0.128899
240.010,309.461,0.047016
240.020,1737.005,0.022174
240.030,1184.838,0.058566
240.040,1193.024,0.084216
240.050,1192.142,0.024941
240.060,1010.943,0.023630
240.070,49.294,0.051041
240.080,990.573,0.018947
240.090,48.802,0.038399
240.100,46.232,0.054060
240.110,44.799,0.045434
240.120,993.594,0.023005
240.130,585.894,0.128580
240.140,1119.849,0.039162
240.150,1124.798,0.005923
240.160,32.333,0.010779
240.170,1971.398,0.005586
240.180,99.635,0.018854
240.190,396.735,0.106706
240.200,395.482,0.101366
240.210,397.176,0.044416
240.220,398.864,0.061920
240.230,660.469,0.076242
240.240,268.224,0.052708
240.250,1239.045,0.041577
240.260,1237.566,0.016150
240.270,32.439,0.021568
240.280,32.466,0.030283
240.290,1187.369,0.061772
240.300,85.380,0.219829
240.310,85.252,0.520922
240.320,32.167,0.016576
240.330,31.914,0.020359
240.340,31.913,0.018289
240.350,32.248,0.011503
240.360,56.344,0.008425
240.370,1225.985,0.006598
240.380,1314.705,0.020586
240.390,323.679,0.162452
240.400,325.030,0.163588
240.410,33.098,0.123881
240.420,33.030,0.373126
240.430,32.975,0.087215
240.440,65.665,0.024697
240.450,137.550,0.032339
240.460,32.213,0.001541
240.470,33.055,0.119792
240.480,396.491,0.161755
240.490,99.100,0.123998
240.500,98.057,0.045836
240.510,33.192,0.051591
240.520,49.282,0.040881
240.530,49.248,0.232887
240.540,49.281,0.245354
240.550,44.517,0.070869
240.560,44.545,0.015219
240.570,131.497,0.026976
240.580,132.981,0.293918
240.590,134.624,0.099796
240.600,398.627,0.669990
240.610,397.967,0.607581
240.620,396.643,0.077050
240.630,1173.714,0.020427
240.640,32.999,0.147531
240.650,33.238,0.197299
240.660,33.233,0.218458
240.670,32.991,0.074715
240.680,32.272,0.008948
240.690,57.836,0.024981
240.700,1877.389,0.026185
240.710,1890.248,0.012974
240.720,585.111,0.063653
240.730,587.590,0.109323
240.740,1172.899,0.090636
240.750,145.489,0.052268
240.760,32.437,0.020809
240.770,32.307,0.018643
240.780,32.321,0.002044
240.790,54.917,0.014610
240.800,163.338,0.014739
240.810,1966.092,0.019132
240.820,1315.607,0.056888
240.830,1317.716,0.021049
240.840,449.183,0.009908
240.850,40.066,0.007940
240.860,302.563,0.016098
240.870,42.072,0.180923
240.880,299.437,0.332749
240.890,294.889,0.297111
240.900,32.284,0.023113
240.910,32.758,0.181853
240.920,32.724,0.598883
240.930,32.525,0.302399
240.940,290.497,0.235632
240.950,288.963,0.512618
240.960,287.119,0.745478
240.970,288.186,0.309659
240.980,288.214,0.090662
240.990,146.971,0.036335
241.000,1320.208,0.031523
241.010,145.768,0.014448
241.020,32.373,0.009676
241.030,35.370,0.051719
241.040,290.807,0.124960
241.050,290.797,0.527297
241.060,291.757,0.193399
241.070,1323.857,0.038824
241.080,292.000,0.164597
241.090,289.597,0.099837
241.100,56.945,0.105258
241.110,49.186,0.035087
241.120,294.339,0.071512
241.130,296.306,0.225396
241.140,296.563,0.280355
241.150,296.344,0.216578
241.160,294.138,0.130513
241.170,293.901,0.151612
241.180,36.288,0.076390
241.190,56.768,0.064192
241.200,451.384,0.072756
241.210,292.481,0.161725
241.220,585.554,0.096693
241.230,219.609,0.042197
241.240,32.445,0.171851
241.250,32.438,0.067049
241.260,32.710,0.015284
241.270,881.290,0.012755
241.280,1318.866,0.015427
241.290,1976.158,0.011374
241.300,1975.158,0.010243
241.310,1164.224,0.016520
241.320,1770.814,0.029067
241.330,32.947,0.025385
241.340,32.942,0.026373
241.350,1159.967,0.021682
241.360,32.331,0.017466
241.370,32.121,0.077264
241.380,32.150,0.046227
241.390,32.210,0.104715
241.400,32.067,0.027316
241.410,32.214,0.003278
241.420,1190.743,0.004328
241.430,1217.705,0.003911
241.440,1325.377,0.026269
241.450,1340.363,0.028826
241.460,225.946,0.048016
241.470,589.100,0.074220
241.480,594.490,0.071976
241.490,591.518,0.028367
241.500,934.585,0.046321
241.510,1780.151,0.034369
241.520,1776.960,0.012831
241.530,1767.792,0.003526
241.540,792.684,0.006902
241.550,1323.487,0.017217
241.560,989.616,0.023697
241.570,1331.752,0.057996
241.580,229.671,0.086125
241.590,232.010,0.154537
241.600,229.246,0.020331
241.610,33.002,0.022186
241.620,1970.469,0.006621
241.630,1242.560,0.002947
241.640,1309.200,0.008027
241.650,1317.906,0.025991
241.660,658.295,0.035413
241.670,940.420,0.030683
241.680,447.397,0.029656
241.690,450.422,0.022406
241.700,49.873,0.035006
241.710,578.223,0.310688
241.720,586.435,0.108220
241.730,32.433,0.011410
241.740,32.670,0.021811
241.750,54.589,0.020674
241.760,54.859,0.040150
241.770,1220.847,0.032103
241.780,32.922,0.044729
241.790,885.963,0.021782
241.800,933.210,0.037979
241.810,248.724,0.092934
241.820,254.897,0.036497
241.830,252.506,0.349264
241.840,284.585,0.255563
241.850,32.208,0.106051
241.860,32.213,0.118996
241.870,50.208,0.100095
241.880,49.625,0.056191
241.890,1229.782,0.025289
241.900,50.058,0.366677
241.910,50.371,0.100151
241.920,298.181,0.150203
241.930,298.477,0.152588
241.940,297.481,0.197825
241.950,297.301,0.374926
241.960,301.392,0.308030
241.970,391.624,0.111423
241.980,365.027,0.068246
241.990,1797.893,0.016379
242.000,1403.199,0.014168
242.010,947.847,0.028373
242.020,935.193,0.010531
242.030,1111.727,0.020321
242.040,1085.768,0.013377
242.050,44.386,0.012452
242.060,44.200,0.028777
242.070,1069.781,0.032256
242.080,232.116,0.115778
242.090,32.189,0.136938
242.100,32.636,0.562540
242.110,32.424,0.084428
242.120,48.426,0.019043
242.130,1228.895,0.049071
242.140,1236.523,0.015199
242.150,1231.018,0.013037
242.160,32.228,0.068772
242.170,46.682,0.016673
242.180,33.971,0.005205
242.190,1242.372,0.010402
242.200,269.783,0.041440
242.210,269.051,0.037636
242.220,32.476,0.031203
242.230,32.953,0.183295
242.240,33.415,0.482116
242.250,33.617,0.419946
242.260,33.352,0.024608
242.270,1185.496,0.014598
242.280,32.979,0.028158
242.290,32.973,0.179760
242.300,32.998,0.100355
242.310,38.326,0.022077
242.320,32.550,0.002892
242.330,1791.893,0.007651
242.340,1787.621,0.005317
242.350,1216.675,0.013126
242.360,32.931,0.018896
242.370,33.690,0.135316
242.380,33.637,0.712961
242.390,33.022,0.170151
242.400,33.001,0.064231
242.410,44.113,0.042175
242.420,44.133,0.093707
242.430,44.784,0.232308
242.440,268.882,0.147597
242.450,53.710,0.359902
242.460,53.152,0.657554
242.470,52.578,0.116341
242.480,52.529,0.070851
242.490,48.676,0.084655
242.500,1328.351,0.034964
242.510,48.090,0.061244
242.520,1316.699,0.038653
242.530,1315.143,0.024991
242.540,1087.696,0.022384
242.550,886.566,0.011257
242.560,124.962,0.064446
242.570,125.458,0.027289
242.580,32.220,0.136827
242.590,32.063,0.408437
242.600,32.121,0.288109
242.610,32.392,0.015186
242.620,1968.771,0.015706
242.630,1974.918,0.011639
242.640,32.627,0.043651
242.650,32.319,0.070409
242.660,32.324,0.071246
242.670,63.378,0.087885
242.680,32.311,0.063891
242.690,242.728,0.044738
242.700,880.051,0.015427
242.710,1230.840,0.012640
242.720,32.642,0.031358
242.730,32.813,0.126818
242.740,32.351,0.015414
242.750,35.418,0.007028
242.760,1968.859,0.013850
242.770,995.714,0.028563
242.780,1010.728,0.023516
242.790,1015.240,0.007215
242.800,32.351,0.014413
242.810,980.704,0.035416
242.820,32.855,0.055276
242.830,32.753,0.315561
242.840,33.010,0.499734
242.850,32.080,0.113287
242.860,31.956,0.014277
242.870,32.178,0.003102
242.880,38.567,0.029902
242.890,38.753,0.067753
242.900,32.670,0.008095
242.910,32.516,0.088652
242.920,32.352,0.098409
242.930,115.012,0.006650
242.940,35.156,0.107504
242.950,34.157,0.078760
242.960,33.646,0.316079
242.970,32.815,0.112612
242.980,1728.212,0.018904
242.990,48.760,0.016749
243.000,1892.439,0.010535
243.010,1889.533,0.004064
243.020,43.720,0.008886
243.030,250.951,0.057075
243.040,50.295,0.311535
243.050,50.674,0.579025
243.060,252.680,0.119829
243.070,253.075,0.203970
243.080,36.071,0.374271
243.090,35.918,0.164681
243.100,253.186,0.180704
243.110,50.853,0.482069
243.120,51.134,0.775161
243.130,51.384,0.449043
243.140,36.173,0.371114
243.150,35.879,0.361729
243.160,124.415,0.079243
243.170,123.870,0.280811
243.180,244.047,0.120334
243.190,269.585,0.077533
243.200,217.133,0.034247
243.210,33.351,0.208343
243.220,33.830,0.122195
243.230,33.117,0.012349
243.240,44.340,0.042630
243.250,1222.087,0.008757
243.260,1322.899,0.023145
243.270,1320.849,0.033391
243.280,32.812,0.021645
243.290,32.882,0.013950
243.300,49.705,0.016095
243.310,32.155,0.010873
243.320,32.275,0.034263
243.330,32.247,0.031234
243.340,399.625,0.011831
243.350,398.420,0.049836
243.360,32.279,0.025816
243.370,32.222,0.036086
243.380,33.164,0.025844
243.390,133.580,0.089787
243.400,135.058,0.083776
243.410,399.689,0.019165
243.420,646.387,0.094165
243.430,396.239,0.059334
243.440,588.316,0.117707
243.450,32.532,0.091713
243.460,32.629,0.575968
243.470,32.401,0.237012
243.480,32.339,0.072266
243.490,32.168,0.019364
243.500,1906.260,0.014195
243.510,1882.106,0.023876
243.520,1861.023,0.046780
243.530,1850.790,0.096977
243.540,630.652,0.034067
243.550,968.024,0.087139
243.560,1171.511,0.009499
243.570,1849.750,0.010712
243.580,1893.950,0.008362
243.590,32.629,0.010090
243.600,54.485,0.013962
243.610,51.467,0.006756
243.620,303.227,0.100418
243.630,45.607,0.179870
243.640,297.951,0.224684
243.650,296.267,0.460020
243.660,296.454,0.463463
243.670,49.604,0.326742
243.680,297.177,0.104009
243.690,268.105,0.058734
243.700,173.059,0.005780
243.710,32.190,0.020740
243.720,35.317,0.017673
243.730,35.034,0.025908
243.740,176.189,0.014143
243.750,1228.126,0.003434
243.760,152.463,0.036024
243.770,1244.077,0.032239
243.780,1239.366,0.062493
243.790,50.564,0.037893
243.800,51.199,0.026501
243.810,49.939,0.062273
243.820,995.855,0.033444
243.830,991.874,0.071336
243.840,32.928,0.023510
243.850,32.871,0.010170
243.860,1978.026,0.054357
243.870,1969.517,0.030078
243.880,34.492,0.022627
243.890,1191.891,0.028478
243.900,1216.027,0.029539
243.910,1743.872,0.016770
243.920,242.693,0.067723
243.930,598.051,0.115294
243.940,601.977,0.067565
243.950,1026.456,0.038260
243.960,1012.168,0.025700
243.970,1019.813,0.028480
243.980,38.865,0.029437
243.990,38.232,0.189092
244.000,37.494,0.049779
244.010,36.597,0.039916
244.020,35.684,0.029055
244.030,35.559,0.193844
244.040,36.802,0.052336
244.050,404.447,0.043801
244.060,585.957,0.248021
244.070,1173.067,0.037885
244.080,32.418,0.026541
244.090,32.706,0.124354
244.100,48.662,0.011171
244.110,54.532,0.019934
244.120,98.557,0.012939
244.130,35.346,0.152905
244.140,35.533,0.064675
244.150,36.349,0.010583
244.160,32.860,0.004677
244.170,32.747,0.013412
244.180,32.307,0.034394
244.190,32.398,0.161810
244.200,32.388,0.114919
244.210,45.722,0.112533
244.220,44.627,0.038248
244.230,87.492,0.079330
244.240,1182.644,0.033376
244.250,32.499,0.023366
244.260,1322.658,0.017926
244.270,1321.503,0.029199
244.280,1978.562,0.036624
244.290,1976.828,0.039689
244.300,138.931,0.030762
244.310,983.091,0.054604
244.320,1889.018,0.014875
244.330,32.384,0.013860
244.340,179.175,0.014322
244.350,177.489,0.006196
244.360,32.654,0.006176
244.370,32.843,0.023974
244.380,402.350,0.054442
244.390,400.258,0.541719
244.400,398.156,0.604427
244.410,400.035,0.476789
244.420,400.271,0.361597
244.430,35.872,0.179157
244.440,49.563,0.322953
244.450,49.193,0.729598
244.460,49.380,0.447588
244.470,57.390,0.412284
244.480,56.933,0.618305
244.490,33.303,0.171103
244.500,33.397,0.286638
244.510,34.281,0.054973
244.520,34.396,0.092156
244.530,34.324,0.370197
244.540,35.893,0.047439
244.550,36.919,0.112349
244.560,32.290,0.041737
244.570,33.340,0.036627
244.580,49.556,0.050533
244.590,50.214,0.051183
244.600,50.126,0.044169
244.610,35.270,0.040439
244.620,56.038,0.275445
244.630,56.188,0.605067
244.640,398.272,0.335294
244.650,398.805,0.498821
244.660,1177.754,0.034592
244.670,397.736,0.066873
244.680,224.579,0.052968
244.690,33.480,0.035440
244.700,33.882,0.370827
244.710,33.839,0.131622
244.720,33.476,0.193152
244.730,33.399,0.134522
244.740,33.253,0.094172
244.750,32.996,0.012738
244.760,989.760,0.009463
244.770,334.053,0.026581
244.780,334.706,0.071312
244.790,292.247,0.328045
244.800,290.038,0.233875
244.810,54.519,0.139995
244.820,54.777,0.228212
244.830,298.424,0.269984
244.840,300.594,0.344696
244.850,592.131,0.120542
244.860,306.508,0.185032
244.870,301.750,0.220835
244.880,146.820,0.192611
244.890,57.121,0.331447
244.900,289.569,0.702048
244.910,293.018,0.323152
244.920,300.597,0.155194
244.930,331.940,0.034472
244.940,32.448,0.069873
244.950,32.447,0.047625
244.960,97.484,0.040352
244.970,292.921,0.171960
244.980,290.456,0.492870
244.990,289.788,0.652699
245.000,291.693,0.556504
245.010,291.786,0.322810
245.020,891.115,0.053676
245.030,291.069,0.052192
245.040,294.173,0.043727
245.050,297.644,0.022991
245.060,441.429,0.026927
245.070,298.006,0.058890
245.080,295.902,0.103831
245.090,291.510,0.200468
245.100,289.727,0.152480
245.110,36.309,0.136795
245.120,293.407,0.349231
245.130,446.544,0.367788
245.140,299.773,0.283849
245.150,291.585,0.192070
245.160,587.943,0.065372
245.170,32.226,0.023847
245.180,32.203,0.072042
245.190,36.164,0.143067
245.200,55.454,0.018992
245.210,54.496,0.019955
245.220,1315.770,0.006757
245.230,1322.398,0.007660
245.240,1321.687,0.012649
245.250,1975.246,0.023742
245.260,942.565,0.032757
245.270,1968.698,0.024082
245.280,1968.033,0.012356
245.290,1289.416,0.003134
245.300,1832.901,0.017838
245.310,1781.438,0.025862
245.320,1775.373,0.021964
245.330,888.689,0.008630
245.340,1796.026,0.005939
245.350,1790.581,0.005324
245.360,1785.264,0.019431
245.370,1780.753,0.021955
245.380,446.323,0.016483
245.390,1062.472,0.019395
245.400,533.191,0.091473
245.410,588.801,0.055186
245.420,326.747,0.024740
245.430,1782.942,0.063534
245.440,1796.542,0.011139
245.450,1968.273,0.011608
245.460,1976.466,0.023326
245.470,1979.333,0.029798
245.480,1321.677,0.031824
245.490,1337.648,0.058677
245.500,1053.069,0.051778
245.510,37.111,0.043196
245.520,540.324,0.115599
245.530,327.700,0.075056
245.540,1164.451,0.007219
245.550,1970.609,0.019101
245.560,990.875,0.021399
245.570,1972.254,0.040684
245.580,1967.949,0.024664
245.590,660.763,0.048655
245.600,443.273,0.080048
245.610,885.912,0.110459
245.620,887.182,0.138611
245.630,888.056,0.067307
245.640,553.627,0.176341
245.650,579.637,0.223302
245.660,286.247,0.177081
245.670,32.384,0.083061
245.680,32.384,0.058630
245.690,32.242,0.023285
245.700,1181.157,0.015956
245.710,1179.917,0.021739
245.720,33.977,0.084579
245.730,35.353,0.214172
245.740,35.547,0.844425
245.750,35.552,0.800024
245.760,1164.878,0.018718
245.770,394.220,0.095316
245.780,129.654,0.455417
245.790,127.763,0.542430
245.800,125.915,0.595254
245.810,125.197,0.196602
245.820,41.436,0.662725
245.830,41.400,0.240454
245.840,32.502,0.040993
245.850,54.093,0.057634
245.860,120.709,0.139783
245.870,125.115,0.107365
245.880,129.693,0.207087
245.890,129.400,0.039630
245.900,36.012,0.268117
245.910,36.413,0.171458
245.920,50.736,0.118010
245.930,50.479,0.013946
245.940,31.885,0.208738
245.950,31.986,0.095865
245.960,32.148,0.149895
245.970,32.207,0.021124
245.980,41.263,0.063304
245.990,41.353,0.020710
246.000,41.567,0.258144
246.010,241.489,0.081658
246.020,33.737,0.091461
246.030,32.578,0.105304
246.040,46.128,0.179715
246.050,46.569,0.098587
246.060,46.670,0.057491
246.070,46.919,0.095885
246.080,54.372,0.061943
246.090,125.788,0.011886
246.100,123.698,0.328040
246.110,124.350,0.657446
246.120,124.642,0.337049
246.130,32.289,0.011111
246.140,33.062,0.314489
246.150,33.138,0.091305
246.160,32.927,0.329725
246.170,32.762,0.607311
246.180,32.719,0.302207
246.190,32.685,0.079008
246.200,1303.636,0.019520
246.210,1849.731,0.033230
246.220,1837.918,0.018899
246.230,32.375,0.033015
246.240,32.689,0.014008
246.250,32.959,0.042894
246.260,881.228,0.026080
246.270,1322.534,0.033628
246.280,32.306,0.053044
246.290,32.286,0.087594
246.300,48.723,0.069336
246.310,47.858,0.178254
246.320,33.847,0.056917
246.330,34.065,0.045477
246.340,34.073,0.233552
246.350,1858.133,0.019430
246.360,32.971,0.012043
246.370,33.020,0.049549
246.380,33.148,0.092706
246.390,34.265,0.022244
246.400,39.894,0.039795
246.410,32.895,0.012598
246.420,32.938,0.172454
246.430,33.152,0.384283
246.440,33.154,0.152713
246.450,32.707,0.022053
246.460,32.738,0.014392
246.470,1982.918,0.075576
246.480,578.997,0.118731
246.490,32.772,0.058416
246.500,33.307,0.394170
246.510,32.815,0.240954
246.520,48.963,0.082792
246.530,54.245,0.072104
246.540,584.832,0.022368
246.550,295.551,0.191164
246.560,299.903,0.467095
246.570,300.906,0.321947
246.580,303.190,0.252264
246.590,298.633,0.673822
246.600,298.438,0.494973
246.610,75.123,0.519470
246.620,75.195,0.287342
246.630,33.778,0.117772
246.640,166.263,0.203861
246.650,33.599,0.198733
246.660,33.673,0.043380
246.670,34.098,0.212527
246.680,33.961,0.057503
246.690,46.977,0.024005
246.700,1970.968,0.012505
246.710,49.237,0.033287
246.720,49.189,0.033281
246.730,49.426,0.353530
246.740,501.467,0.153993
246.750,500.410,0.139583
246.760,32.400,0.249725
246.770,33.101,0.347223
246.780,34.035,0.018429
246.790,48.606,0.014926
246.800,49.969,0.007051
246.810,33.804,0.081097
246.820,33.103,0.056135
246.830,32.737,0.014690
246.840,976.598,0.029827
246.850,32.232,0.033463
246.860,32.325,0.018552
246.870,243.601,0.032844
246.880,219.120,0.014026
246.890,32.102,0.020580
246.900,32.227,0.011576
246.910,1119.763,0.005060
246.920,1304.719,0.005800
246.930,32.284,0.013361
246.940,32.574,0.027162
246.950,39.306,0.015817
246.960,1855.508,0.006247
246.970,1250.277,0.041747
246.980,50.211,0.256774
246.990,49.938,0.272059
247.000,49.588,0.134720
247.010,48.750,0.025246
247.020,49.918,0.038144
247.030,50.384,0.583764
247.040,50.312,0.662030
247.050,50.259,0.586483
247.060,49.807,0.132531
247.070,301.256,0.225065
247.080,33.745,0.207401
247.090,295.218,0.049922
247.100,291.827,0.051049
247.110,297.933,0.154814
247.120,236.555,0.090729
247.130,179.649,0.040151
247.140,32.340,0.036683
247.150,33.482,0.215570
247.160,32.275,0.090876
247.170,32.452,0.007936
247.180,32.827,0.007573
247.190,32.636,0.040466
247.200,32.858,0.223588
247.210,32.724,0.230576
247.220,32.473,0.032782
247.230,32.191,0.025328
247.240,32.245,0.021372
247.250,32.680,0.015956
247.260,32.536,0.040400
247.270,32.130,0.106409
247.280,32.303,0.035214
247.290,32.121,0.042424
247.300,32.097,0.081890
247.310,133.437,0.019723
247.320,134.576,0.096023
247.330,134.603,0.057688
247.340,200.959,0.084771
247.350,200.526,0.134801
247.360,402.632,0.191839
247.370,401.595,0.040510
247.380,401.575,0.040467
247.390,162.971,0.006731
247.400,33.063,0.048140
247.410,166.111,0.081134
247.420,167.793,0.193103
247.430,170.711,0.259103
247.440,171.270,0.521334
247.450,171.104,0.475800
247.460,169.122,0.409554
247.470,167.881,0.566122
247.480,166.603,0.472675
247.490,166.676,0.125344
247.500,325.159,0.159828
247.510,318.757,0.054513
247.520,623.111,0.043021
247.530,32.314,0.071861
247.540,32.606,0.048581
247.550,35.232,0.170213
247.560,1107.655,0.012727
247.570,305.596,0.110220
247.580,299.022,0.176363
247.590,297.930,0.650230
247.600,298.643,0.415700
247.610,298.334,0.085828
247.620,397.273,0.102529
247.630,306.257,0.067550
247.640,32.513,0.102489
247.650,33.386,0.279063
247.660,33.650,0.554604
247.670,33.536,0.241279
247.680,32.299,0.007437
247.690,98.898,0.004676
247.700,99.142,0.009110
247.710,981.527,0.059167
247.720,1897.601,0.022291
247.730,51.431,0.008882
247.740,591.096,0.015242
247.750,1184.304,0.035704
247.760,33.297,0.061586
247.770,33.287,0.530934
247.780,32.904,0.062332
247.790,123.285,0.009032
247.800,123.836,0.040567
247.810,124.269,0.036407
247.820,1122.351,0.029784
247.830,252.057,0.162259
247.840,249.696,0.440027
247.850,245.684,0.288117
247.860,266.568,0.161986
247.870,1181.691,0.071964
247.880,32.634,0.053538
247.890,32.382,0.048001
247.900,35.556,0.018822
247.910,49.743,0.021985
247.920,1207.662,0.034983
247.930,1213.471,0.032901
247.940,1215.228,0.052684
247.950,1200.737,0.045076
247.960,1184.651,0.057017
247.970,1188.755,0.081787
247.980,1199.180,0.088187
247.990,1224.235,0.083439
248.000,1226.635,0.055681
248.010,1234.060,0.030428
248.020,1175.293,0.018709
248.030,1795.443,0.015406
248.040,1905.177,0.008612
248.050,1782.144,0.014192
248.060,99.425,0.139863
248.070,99.506,0.302798
248.080,99.867,0.156226
248.090,99.753,0.091659
248.100,590.083,0.095720
248.110,361.998,0.030050
248.120,170.199,0.067218
248.130,32.263,0.075156
248.140,47.608,0.311788
248.150,47.898,0.374995
248.160,47.540,0.039752
248.170,32.851,0.562112
248.180,32.777,0.405464
248.190,32.871,0.035753
248.200,44.207,0.036672
248.210,32.314,0.056432
248.220,32.159,0.017868
248.230,32.193,0.003470
248.240,1196.740,0.004468
248.250,1233.343,0.019049
248.260,310.932,0.014039
248.270,32.307,0.067698
248.280,33.463,0.390233
248.290,32.891,0.083284
248.300,32.817,0.013875
248.310,401.621,0.009110
248.320,398.030,0.078729
248.330,398.616,0.537757
248.340,32.767,0.260226
248.350,395.492,0.098276
248.360,33.229,0.178167
248.370,389.311,0.427106
248.380,394.901,0.382547
248.390,393.751,0.371870
248.400,396.715,0.253998
248.410,398.721,0.192560
248.420,401.936,0.217380
248.430,403.498,0.113512
248.440,399.143,0.083428
248.450,32.927,0.062868
248.460,32.821,0.302302
248.470,33.082,0.140301
248.480,268.348,0.124797
248.490,134.972,0.273195
248.500,79.061,0.224557
248.510,78.833,0.106944
248.520,33.044,0.057180
248.530,33.125,0.068970
248.540,48.756,0.035451
248.550,54.301,0.069846
248.560,33.855,0.045077
248.570,40.858,0.027279
248.580,49.577,0.040653
248.590,98.782,0.089289
248.600,97.977,0.094937
248.610,36.173,0.023160
248.620,41.689,0.016633
248.630,41.375,0.051222
248.640,33.478,0.036745
248.650,33.381,0.055956
248.660,33.470,0.006635
248.670,33.728,0.013154
248.680,34.263,0.045473
248.690,328.028,0.102316
248.700,329.456,0.086014
248.710,48.811,0.101742
248.720,323.553,0.100643
248.730,308.885,0.227444
248.740,302.005,0.263921
248.750,300.371,0.697153
248.760,297.211,0.613671
248.770,294.595,0.417512
248.780,293.649,0.396207
248.790,291.865,0.384416
248.800,291.349,0.204686
248.810,291.951,0.373614
248.820,289.723,0.303912
248.830,287.524,0.643818
248.840,290.218,0.194689
248.850,291.699,0.082342
248.860,586.580,0.070345
248.870,578.862,0.025536
248.880,288.445,0.029927
248.890,145.463,0.048547
248.900,290.470,0.138530
248.910,290.428,0.403508
248.920,291.474,0.518627
248.930,292.759,0.227607
248.940,292.432,0.078646
248.950,291.031,0.126232
248.960,289.893,0.125472
248.970,284.979,0.201911
248.980,277.652,0.128711
248.990,277.000,0.065657
249.000,134.455,0.023968
249.010,887.851,0.038608
249.020,886.584,0.022051
249.030,294.564,0.109799
249.040,36.071,0.172927
249.050,35.978,0.085871
249.060,1325.588,0.029722
249.070,1328.137,0.048451
249.080,292.641,0.146511
249.090,588.704,0.181531
249.100,195.904,0.143384
249.110,32.946,0.091848
249.120,37.780,0.333037
249.130,38.148,0.160263
249.140,44.493,0.025092
249.150,32.904,0.012935
249.160,1766.694,0.009396
249.170,1769.177,0.025047
249.180,880.483,0.047155
249.190,882.281,0.037099
249.200,882.314,0.042546
249.210,884.343,0.038038
249.220,32.321,0.014189
249.230,32.635,0.089533
249.240,55.380,0.114106
249.250,55.181,0.053218
249.260,32.893,0.022930
249.270,37.420,0.117778
249.280,35.583,0.033016
249.290,32.710,0.009717
249.300,1974.584,0.007518
249.310,452.623,0.037443
249.320,453.909,0.037612
249.330,453.959,0.054109
249.340,448.875,0.119482
249.350,444.712,0.056831
249.360,1764.132,0.029759
249.370,1763.400,0.041232
249.380,1155.783,0.012279
249.390,1735.766,0.010872
249.400,1333.859,0.013252
249.410,1848.173,0.031974
249.420,452.407,0.026014
249.430,450.808,0.050159
249.440,450.396,0.112461
249.450,453.430,0.167256
249.460,222.631,0.194606
249.470,224.121,0.019470
249.480,32.894,0.023996
249.490,32.617,0.027562
249.500,32.445,0.003085
249.510,1318.819,0.006398
249.520,1321.620,0.101207
249.530,1329.118,0.094194
249.540,885.306,0.040128
249.550,222.597,0.060682
249.560,221.721,0.113041
249.570,220.527,0.137130
249.580,577.998,0.211541
249.590,283.357,0.194900
249.600,32.603,0.068521
249.610,32.384,0.154791
249.620,32.142,0.032553
249.630,44.412,0.011203
249.640,44.854,0.029536
249.650,32.971,0.005629
249.660,1877.965,0.005359
249.670,32.308,0.014363
249.680,32.261,0.014858
249.690,38.746,0.051092
249.700,1875.308,0.035311
249.710,32.222,0.071749
249.720,35.374,0.077354
249.730,32.369,0.020593
249.740,42.012,0.063454
249.750,1962.894,0.008111
249.760,1891.609,0.010985
249.770,34.583,0.006634
249.780,1169.552,0.009502
249.790,33.139,0.055069
249.800,33.731,0.045674
249.810,988.776,0.022309
249.820,297.590,0.217573
249.830,299.629,0.156756
249.840,303.185,0.082627
249.850,1791.961,0.035359
249.860,32.181,0.027346
249.870,46.255,0.022390
249.880,1636.086,0.048001
249.890,1332.655,0.045419
249.900,1083.294,0.046365
249.910,268.979,0.055045
249.920,75.579,0.031393
249.930,76.266,0.190084
249.940,899.183,0.030783
249.950,442.440,0.274845
249.960,43.016,0.025962
249.970,35.418,0.055635
249.980,32.628,0.037811
249.990,54.189,0.013656
250.000,121.648,0.011960
250.010,1106.712,0.013444
250.020,33.759,0.102809
250.030,33.071,0.178138
250.040,32.392,0.194163
250.050,32.303,0.020396
250.060,32.177,0.008003
250.070,217.973,0.040744
250.080,217.693,0.073552
250.090,283.764,0.034017
250.100,32.449,0.154419
250.110,32.655,0.164464
250.120,33.388,0.083181
250.130,33.170,0.016671
250.140,33.006,0.014524
250.150,33.994,0.037719
250.160,35.340,0.009246
250.170,32.104,0.043563
250.180,32.058,0.087389
250.190,37.505,0.017030
250.200,75.903,0.047877
250.210,1337.601,0.024051
250.220,1854.386,0.026798
250.230,44.935,0.020189
250.240,44.336,0.014597
250.250,1850.248,0.030971
250.260,34.082,0.238797
250.270,33.708,0.132120
250.280,33.271,0.013326
250.290,33.202,0.083955
250.300,33.186,0.014716
250.310,33.389,0.303306
250.320,291.426,0.140118
250.330,114.248,0.008518
250.340,35.221,0.050219
250.350,51.652,0.033352
250.360,54.025,0.162709
250.370,54.325,0.055368
250.380,533.583,0.042006
250.390,532.820,0.183972
250.400,529.907,0.603694
250.410,529.174,0.411225
250.420,530.174,0.553993
250.430,529.962,0.641640
250.440,528.669,0.127871
250.450,38.321,0.016630
250.460,32.356,0.018701
250.470,32.417,0.022521
250.480,32.587,0.016202
250.490,32.564,0.010608
250.500,32.526,0.049173
250.510,32.394,0.187126
250.520,32.512,0.031414
250.530,124.256,0.011105
250.540,396.629,0.023716
250.550,41.330,0.162634
250.560,1163.538,0.020071
250.570,290.343,0.341880
250.580,146.975,0.262551
250.590,32.594,0.390738
250.600,32.349,0.182429
250.610,49.912,0.316010
250.620,50.365,0.129694
250.630,248.666,0.168746
250.640,250.451,0.814536
250.650,251.764,0.892172
250.660,252.262,0.890394
250.670,252.493,0.916602
250.680,254.022,0.901179
250.690,253.981,0.672240
250.700,252.948,0.474671
250.710,250.708,0.480831
250.720,250.935,0.539399
250.730,254.812,0.665364
250.740,252.994,0.889894
250.750,252.343,0.887200
250.760,252.190,0.867772
250.770,251.592,0.878181
250.780,251.946,0.868122
250.790,252.840,0.912941
250.800,251.893,0.902852
250.810,251.789,0.870972
250.820,251.052,0.837244
250.830,249.484,0.685121
250.840,249.196,0.641573
250.850,249.818,0.503860
250.860,252.429,0.193569
250.870,252.322,0.813710
250.880,252.509,0.805252
250.890,249.933,0.751167
250.900,252.973,0.824548
250.910,251.908,0.824733
250.920,252.377,0.839254
250.930,251.885,0.863682
250.940,251.949,0.881260
250.950,252.184,0.888941
250.960,252.675,0.909304
250.970,252.350,0.888266
250.980,252.286,0.899057
250.990,252.196,0.883765
251.000,252.127,0.901124
251.010,252.209,0.890913
251.020,251.623,0.864369
251.030,251.087,0.877538
251.040,250.549,0.896525
251.050,249.805,0.858112
251.060,249.781,0.654709
251.070,246.884,0.310016
251.080,266.393,0.095833
251.090,399.618,0.256901
251.100,334.946,0.263416
251.110,336.972,0.244275
251.120,266.081,0.151559
251.130,301.569,0.248812
251.140,307.281,0.289194
251.150,330.407,0.513263
251.160,337.755,0.572529
251.170,347.002,0.566486
251.180,353.338,0.427199
251.190,357.480,0.163772
251.200,391.562,0.069403
251.210,356.716,0.031201
251.220,1981.753,0.038735
251.230,1984.430,0.095743
251.240,1980.998,0.111350
251.250,995.497,0.117908
251.260,995.780,0.153445
251.270,350.973,0.306614
251.280,373.358,0.404419
251.290,383.962,0.687983
251.300,388.222,0.739910
251.310,391.667,0.794869
251.320,397.044,0.824064
251.330,403.148,0.836363
251.340,407.970,0.882956
251.350,409.484,0.842979
251.360,411.762,0.875220
251.370,415.453,0.859298
251.380,418.588,0.891262
251.390,419.883,0.873204
251.400,420.545,0.879947
251.410,424.839,0.816136
251.420,430.566,0.853375
251.430,435.944,0.887137
251.440,438.660,0.857541
251.450,437.330,0.829036
251.460,432.934,0.824089
251.470,428.663,0.855164
251.480,426.427,0.921011
251.490,424.583,0.893680
251.500,423.734,0.913310
251.510,423.322,0.911789
251.520,423.781,0.898174
251.530,425.765,0.909625
251.540,428.461,0.882263
251.550,432.067,0.911496
251.560,434.896,0.904745
251.570,436.677,0.894015
251.580,436.874,0.692430
251.590,403.922,0.416270
251.600,400.920,0.689024
251.610,399.871,0.783502
251.620,399.881,0.806994
251.630,399.756,0.787040
251.640,399.990,0.699971
251.650,403.345,0.234643
251.660,400.659,0.143723
251.670,397.693,0.433422
251.680,399.286,0.270612
251.690,284.635,0.229002
251.700,427.952,0.232246
251.710,421.607,0.501985
251.720,429.059,0.653920
251.730,432.901,0.668506
251.740,440.801,0.723047
251.750,447.805,0.612435
251.760,459.398,0.784407
251.770,464.273,0.846707
251.780,465.145,0.818027
251.790,460.892,0.828462
251.800,458.013,0.872287
251.810,456.092,0.907379
251.820,453.293,0.881321
251.830,450.541,0.842586
251.840,445.891,0.896318
251.850,445.965,0.912994
251.860,447.941,0.910836
251.870,449.964,0.870396
251.880,449.503,0.849508
251.890,447.279,0.887381
251.900,445.926,0.908677
251.910,444.828,0.879535
251.920,443.785,0.914736
251.930,442.903,0.929720
251.940,442.952,0.921760
251.950,442.167,0.917987
251.960,439.761,0.881543
251.970,436.221,0.907884
251.980,431.235,0.929553
251.990,424.455,0.813870
252.000,415.308,0.871637
252.010,409.327,0.879792
252.020,404.145,0.892790
252.030,399.050,0.914641
252.040,394.050,0.902115
252.050,388.104,0.829371
252.060,380.247,0.677153
252.070,360.407,0.403092
252.080,347.200,0.393491
252.090,401.783,0.110046
252.100,994.011,0.076675
252.110,402.688,0.206815
252.120,798.197,0.124261
252.130,1189.503,0.147239
252.140,1179.999,0.127103
252.150,984.183,0.067523
252.160,332.152,0.208715
252.170,341.824,0.599169
252.180,339.225,0.712698
252.190,339.085,0.889643
252.200,338.473,0.941607
252.210,338.878,0.946283
252.220,339.078,0.950106
252.230,340.018,0.906244
252.240,339.707,0.849624
252.250,338.606,0.806036
252.260,338.226,0.836184
252.270,338.428,0.885774
252.280,338.837,0.907597
252.290,339.545,0.916502
252.300,339.672,0.913117
252.310,339.504,0.888950
252.320,340.246,0.855084
252.330,340.349,0.881570
252.340,338.911,0.884567
252.350,335.799,0.883801
252.360,333.864,0.900802
252.370,332.495,0.885379
252.380,332.114,0.889155
252.390,332.279,0.907012
252.400,332.280,0.921684
252.410,334.507,0.916001
252.420,333.947,0.789214
252.430,333.151,0.643707
252.440,294.581,0.452294
252.450,291.988,0.646527
252.460,293.792,0.599824
252.470,335.839,0.813396
252.480,334.807,0.873291
252.490,334.404,0.934714
252.500,335.025,0.944977
252.510,337.201,0.911427
252.520,341.422,0.893430
252.530,345.297,0.926215
252.540,347.800,0.917101
252.550,348.096,0.924569
252.560,347.300,0.942381
252.570,343.400,0.892798
252.580,335.546,0.896479
252.590,325.783,0.610745
252.600,310.377,0.691049
252.610,304.529,0.908277
252.620,303.224,0.942800
252.630,302.797,0.959951
252.640,301.337,0.961531
252.650,299.286,0.918570
252.660,293.148,0.757611
252.670,286.737,0.803931
252.680,280.823,0.848315
252.690,276.886,0.790416
252.700,269.736,0.673097
252.710,262.474,0.738826
252.720,260.289,0.614349
252.730,276.315,0.379819
252.740,267.197,0.291024
252.750,266.783,0.427103
252.760,265.985,0.619156
252.770,266.390,0.628442
252.780,265.920,0.738794
252.790,266.474,0.527235
252.800,264.667,0.307209
252.810,296.496,0.565111
252.820,291.021,0.741347
252.830,288.561,0.570444
252.840,283.686,0.429089
252.850,272.111,0.617115
252.860,267.631,0.588791
252.870,268.201,0.260133
252.880,275.097,0.176887
252.890,273.007,0.376764
252.900,270.043,0.427955
252.910,134.537,0.112171
252.920,226.275,0.202238
252.930,225.554,0.201444
252.940,225.446,0.199119
252.950,668.753,0.088047
252.960,277.288,0.160165
252.970,333.829,0.198917
252.980,290.291,0.208256
252.990,267.414,0.322439
253.000,267.784,0.377386
253.010,269.219,0.581113
253.020,267.991,0.613077
253.030,264.883,0.168293
253.040,1335.005,0.020891
253.050,42.648,0.025064
253.060,32.679,0.036860
253.070,32.810,0.018175
253.080,54.681,0.018253
253.090,1977.071,0.015374
253.100,535.610,0.054052
253.110,536.090,0.087659
253.120,149.978,0.018142
253.130,35.561,0.054588
253.140,48.533,0.014006
253.150,1322.528,0.006564
253.160,532.651,0.016302
253.170,534.980,0.152839
253.180,267.001,0.359433
253.190,268.150,0.518637
253.200,268.402,0.609832
253.210,268.151,0.433560
253.220,530.825,0.385138
253.230,530.084,0.553558
253.240,526.327,0.620105
253.250,525.989,0.520386
253.260,524.155,0.179398
253.270,448.423,0.056906
253.280,449.546,0.043514
253.290,32.242,0.020145
253.300,107.838,0.020342
253.310,1050.346,0.016690
253.320,668.169,0.046098
253.330,268.144,0.179143
253.340,224.572,0.172437
253.350,332.507,0.172509
253.360,334.242,0.524206
253.370,333.877,0.747334
253.380,335.954,0.815323
253.390,339.977,0.796332
253.400,356.191,0.319064
253.410,360.658,0.403520
253.420,364.519,0.417729
253.430,369.949,0.516707
253.440,370.877,0.459495
253.450,359.635,0.318388
253.460,667.460,0.374033
253.470,668.092,0.335530
253.480,335.303,0.395271
253.490,334.710,0.357533
253.500,669.067,0.423211
253.510,670.724,0.493234
253.520,670.194,0.381091
253.530,669.647,0.249119
253.540,1976.078,0.107002
253.550,662.603,0.174150
253.560,184.100,0.151450
253.570,257.412,0.488240
253.580,265.730,0.589893
253.590,268.829,0.585281
253.600,275.194,0.405394
253.610,278.447,0.509160
253.620,274.639,0.605904
253.630,274.094,0.701689
253.640,275.240,0.836233
253.650,282.015,0.579319
253.660,290.784,0.685075
253.670,297.761,0.822384
253.680,300.580,0.892872
253.690,301.004,0.919495
253.700,300.187,0.889470
253.710,300.253,0.881782
253.720,300.758,0.901480
253.730,298.664,0.862708
253.740,295.850,0.801425
253.750,293.920,0.815439
253.760,294.466,0.838144
253.770,300.234,0.768332
253.780,305.183,0.681972
253.790,307.884,0.535015
253.800,251.663,0.609739
253.810,249.148,0.824079
253.820,251.297,0.864197
253.830,249.793,0.888300
253.840,250.258,0.885482
253.850,250.606,0.902718
253.860,253.634,0.793177
253.870,258.335,0.567778
253.880,269.328,0.399879
253.890,273.492,0.665817
253.900,275.316,0.798027
253.910,275.373,0.794307
253.920,270.918,0.825917
253.930,264.928,0.837925
253.940,264.215,0.865226
253.950,264.833,0.812398
253.960,268.242,0.812883
253.970,269.808,0.868163
253.980,269.610,0.846887
253.990,268.437,0.866759
254.000,267.483,0.862898
254.010,265.959,0.834753
254.020,264.864,0.713282
254.030,265.631,0.594723
254.040,266.079,0.461397
254.050,661.447,0.167241
254.060,214.864,0.018235
254.070,1454.555,0.020821
254.080,1455.706,0.029549
254.090,989.953,0.013333
254.100,964.480,0.019697
254.110,241.781,0.032154
254.120,273.139,0.408938
254.130,279.104,0.537250
254.140,276.262,0.708559
254.150,274.536,0.848254
254.160,273.554,0.838723
254.170,271.284,0.676260
254.180,267.219,0.570312
254.190,259.772,0.461793
254.200,256.725,0.646582
254.210,257.534,0.607066
254.220,259.758,0.747974
254.230,261.747,0.797739
254.240,263.381,0.855891
254.250,263.270,0.862974
254.260,263.973,0.809810
254.270,264.528,0.734054
254.280,264.325,0.468025
254.290,266.892,0.302191
254.300,266.650,0.300885
254.310,263.752,0.238682
254.320,333.737,0.506121
254.330,330.674,0.499185
254.340,331.915,0.482908
254.350,331.754,0.520916
254.360,328.938,0.682085
254.370,324.637,0.613117
254.380,315.737,0.521434
254.390,312.782,0.820281
254.400,311.059,0.865260
254.410,310.050,0.901697
254.420,307.085,0.903146
254.430,305.112,0.893413
254.440,301.894,0.918139
254.450,299.950,0.902862
254.460,299.872,0.903498
254.470,300.204,0.916962
254.480,300.636,0.930744
254.490,302.484,0.940585
254.500,304.205,0.939669
254.510,305.155,0.944691
254.520,305.451,0.870187
254.530,305.784,0.810297
254.540,306.270,0.780149
254.550,305.986,0.769789
254.560,304.746,0.717023
254.570,304.218,0.579152
254.580,304.567,0.444332
254.590,254.527,0.254018
254.600,255.205,0.456966
254.610,252.521,0.434308
254.620,254.243,0.381805
254.630,251.803,0.221617
254.640,248.159,0.137987
254.650,991.738,0.125520
254.660,1173.131,0.061107
254.670,33.004,0.031469
254.680,296.764,0.108472
254.690,251.187,0.358485
254.700,297.858,0.334811
254.710,299.433,0.248030
254.720,297.915,0.409806
254.730,299.304,0.349061
254.740,248.922,0.437304
254.750,300.645,0.496326
254.760,299.119,0.413986
254.770,299.620,0.351445
254.780,275.817,0.284614
254.790,1168.360,0.035435
254.800,52.345,0.114555
254.810,36.820,0.172798
254.820,36.967,0.164183
254.830,32.858,0.122363
254.840,295.726,0.197210
254.850,296.273,0.165115
254.860,49.794,0.311832
254.870,49.499,0.306768
254.880,245.677,0.281968
254.890,300.449,0.419410
254.900,248.986,0.433290
254.910,300.822,0.619680
254.920,301.077,0.540976
254.930,300.934,0.666933
254.940,300.904,0.617331
254.950,300.109,0.672524
254.960,300.157,0.704845
254.970,299.644,0.408964
254.980,297.548,0.369959
254.990,1188.757,0.245750
255.000,1190.457,0.173815
255.010,594.631,0.081664
255.020,599.523,0.053027
255.030,134.835,0.052299
255.040,407.442,0.041635
255.050,408.352,0.185551
255.060,400.590,0.270718
255.070,401.836,0.459776
255.080,401.862,0.747238
255.090,398.783,0.549236
255.100,399.425,0.333021
255.110,394.366,0.476674
255.120,401.107,0.482023
255.130,413.282,0.335970
255.140,409.897,0.399883
255.150,203.368,0.263749
255.160,414.440,0.350351
255.170,430.594,0.188948
255.180,203.398,0.203712
255.190,201.183,0.579868
255.200,202.065,0.565351
255.210,202.842,0.648922
255.220,201.799,0.560743
255.230,593.252,0.194395
255.240,593.375,0.243318
255.250,594.521,0.090816
255.260,325.850,0.144349
255.270,335.437,0.371908
255.280,337.927,0.380669
255.290,337.400,0.552656
255.300,336.182,0.704237
255.310,335.173,0.609555
255.320,335.341,0.581611
255.330,334.105,0.703644
255.340,331.934,0.519023
255.350,331.292,0.386455
255.360,389.982,0.267894
255.370,391.771,0.699960
255.380,393.082,0.855861
255.390,394.665,0.836542
255.400,397.341,0.889701
255.410,399.375,0.884255
255.420,399.527,0.884982
255.430,399.372,0.906690
255.440,398.774,0.930257
255.450,398.963,0.940250
255.460,399.292,0.936154
255.470,400.085,0.929360
255.480,401.105,0.932855
255.490,402.622,0.923808
255.500,405.931,0.873767
255.510,411.181,0.818339
255.520,415.609,0.831910
255.530,417.897,0.846754
255.540,418.669,0.826668
255.550,421.074,0.788136
255.560,425.555,0.641598
255.570,439.455,0.673831
255.580,447.735,0.740520
255.590,454.284,0.755621
255.600,453.905,0.783837
255.610,451.555,0.887577
255.620,448.855,0.891231
255.630,447.700,0.924603
255.640,447.726,0.918289
255.650,449.616,0.891023
255.660,453.569,0.900591
255.670,457.228,0.923569
255.680,460.496,0.907833
255.690,462.990,0.930587
255.700,464.373,0.898023
255.710,464.728,0.879544
255.720,463.956,0.889008
255.730,461.862,0.900494
255.740,457.818,0.862346
255.750,454.208,0.727930
255.760,453.008,0.385342
255.770,398.232,0.400985
255.780,392.998,0.538689
255.790,390.925,0.168275
255.800,304.091,0.347602
255.810,300.214,0.332292
255.820,250.959,0.308767
255.830,147.784,0.274904
255.840,443.399,0.673316
255.850,447.536,0.625130
255.860,452.696,0.694578
255.870,463.871,0.807680
255.880,469.795,0.862888
255.890,474.096,0.853279
255.900,474.244,0.805199
255.910,471.820,0.845345
255.920,469.279,0.910137
255.930,465.668,0.919504
255.940,462.334,0.928297
255.950,459.721,0.904678
255.960,456.939,0.928075
255.970,453.013,0.922003
255.980,448.814,0.914862
255.990,446.684,0.875485
256.000,444.775,0.599427
256.010,884.010,0.562611
256.020,440.265,0.617213
256.030,436.555,0.810748
256.040,431.396,0.889625
256.050,425.325,0.819550
256.060,418.391,0.901633
256.070,413.403,0.902265
256.080,408.753,0.893009
256.090,404.082,0.874365
256.100,397.089,0.883462
256.110,390.648,0.857545
256.120,384.391,0.833858
256.130,377.540,0.806063
256.140,370.835,0.785976
256.150,364.089,0.543202
256.160,357.321,0.436034
256.170,332.967,0.281963
256.180,331.047,0.717200
256.190,332.756,0.689094
256.200,333.592,0.647574
256.210,339.468,0.457635
256.220,341.204,0.395897
256.230,346.603,0.628841
256.240,349.039,0.754795
256.250,346.789,0.777163
256.260,343.339,0.839418
256.270,341.521,0.920162
256.280,340.423,0.915918
256.290,339.823,0.906316
256.300,338.504,0.843204
256.310,335.551,0.833747
256.320,335.017,0.838794
256.330,336.205,0.841459
256.340,338.152,0.879452
256.350,339.355,0.844453
256.360,340.716,0.827402
256.370,342.322,0.835878
256.380,341.441,0.817522
256.390,341.341,0.816376
256.400,339.271,0.809939
256.410,340.203,0.780047
256.420,339.962,0.780497
256.430,341.476,0.840172
256.440,341.020,0.848383
256.450,342.485,0.899636
256.460,342.041,0.920403
256.470,342.611,0.902104
256.480,342.342,0.838328
256.490,341.777,0.704759
256.500,335.088,0.741472
256.510,332.554,0.846847
256.520,332.745,0.915137
256.530,332.328,0.918178
256.540,332.107,0.926768
256.550,333.637,0.931581
256.560,337.244,0.904783
256.570,339.635,0.930655
256.580,340.183,0.927831
256.590,341.344,0.889922
256.600,341.006,0.810488
256.610,339.050,0.539429
256.620,334.811,0.465482
256.630,334.302,0.466501
256.640,333.339,0.436976
256.650,333.765,0.813292
256.660,335.601,0.900022
256.670,336.589,0.797030
256.680,337.466,0.784041
256.690,335.768,0.892906
256.700,335.413,0.910349
256.710,334.647,0.901891
256.720,333.762,0.661229
256.730,321.111,0.337067
256.740,284.618,0.365760
256.750,290.578,0.685096
256.760,292.013,0.828211
256.770,292.239,0.728213
256.780,290.615,0.543928
256.790,290.844,0.448801
256.800,271.428,0.391494
256.810,269.316,0.313151
256.820,269.944,0.313034
256.830,293.952,0.337327
256.840,265.648,0.139277
256.850,261.209,0.117399
256.860,234.334,0.333573
256.870,232.946,0.474888
256.880,239.501,0.264798
256.890,262.261,0.342483
256.900,271.064,0.498808
256.910,281.890,0.482503
256.920,287.522,0.751233
256.930,288.668,0.697507
256.940,285.508,0.424332
256.950,276.805,0.359685
256.960,270.181,0.429099
256.970,251.882,0.193109
256.980,268.781,0.133659
256.990,1787.738,0.012468
257.000,1971.189,0.014406
257.010,1971.519,0.013069
257.020,534.640,0.022060
257.030,534.588,0.100339
257.040,534.002,0.105611
257.050,534.898,0.058100
257.060,531.860,0.056832
257.070,528.035,0.123046
257.080,530.660,0.302660
257.090,531.517,0.586699
257.100,354.059,0.491207
257.110,361.292,0.599690
257.120,366.644,0.773786
257.130,370.184,0.826920
257.140,373.383,0.854118
257.150,376.854,0.836735
257.160,381.508,0.856956
257.170,384.496,0.876660
257.180,384.911,0.887038
257.190,384.560,0.868764
257.200,383.638,0.871726
257.210,383.611,0.875960
257.220,382.939,0.870386
257.230,381.934,0.876204
257.240,381.073,0.813501
257.250,381.207,0.680091
257.260,381.847,0.387865
257.270,388.980,0.236264
257.280,342.661,0.451237
257.290,344.541,0.734599
257.300,344.699,0.663850
257.310,355.996,0.439086
257.320,360.005,0.537373
257.330,355.288,0.588008
257.340,348.229,0.626159
257.350,339.409,0.642041
257.360,335.905,0.713796
257.370,331.739,0.777798
257.380,321.155,0.578596
257.390,312.282,0.883492
257.400,308.810,0.955165
257.410,307.548,0.942734
257.420,308.560,0.945947
257.430,310.864,0.919598
257.440,312.698,0.945450
257.450,314.617,0.925177
257.460,315.371,0.938300
257.470,314.534,0.927084
257.480,312.788,0.943595
257.490,310.771,0.883224
257.500,307.337,0.718676
257.510,301.756,0.616012
257.520,299.832,0.409518
257.530,269.487,0.262747
257.540,125.081,0.136788
257.550,124.147,0.242970
257.560,246.136,0.114852
257.570,276.444,0.288554
257.580,308.505,0.611922
257.590,301.318,0.652780
257.600,302.778,0.770960
257.610,304.776,0.848779
257.620,306.613,0.900326
257.630,307.871,0.926403
257.640,308.540,0.955263
257.650,308.030,0.945292
257.660,306.701,0.921967
257.670,305.474,0.938190
257.680,304.176,0.944715
257.690,304.469,0.937629
257.700,304.913,0.907959
257.710,304.349,0.843463
257.720,302.133,0.758368
257.730,296.615,0.401814
257.740,283.353,0.272646
257.750,258.007,0.396657
257.760,250.172,0.387930
257.770,250.563,0.319081
257.780,251.381,0.337357
257.790,252.148,0.405030
257.800,250.811,0.253494
257.810,341.628,0.443716
257.820,341.487,0.621646
257.830,336.634,0.655855
257.840,335.969,0.771936
257.850,334.626,0.858164
257.860,333.537,0.905433
257.870,335.932,0.894284
257.880,339.257,0.911795
257.890,339.483,0.893233
257.900,337.424,0.906834
257.910,334.361,0.902874
257.920,331.342,0.893218
257.930,327.180,0.892634
257.940,325.069,0.883072
257.950,324.279,0.769362
257.960,322.850,0.559296
257.970,323.351,0.374766
257.980,407.050,0.104028
257.990,316.686,0.201248
258.000,316.180,0.561985
258.010,317.265,0.843077
258.020,320.030,0.906474
258.030,321.640,0.895173
258.040,323.149,0.911219
258.050,324.025,0.868904
258.060,319.692,0.784766
258.070,314.329,0.791455
258.080,305.296,0.599028
258.090,293.415,0.646067
258.100,285.199,0.498371
258.110,273.286,0.791276
258.120,268.591,0.941326
258.130,267.165,0.918009
258.140,266.833,0.909038
258.150,266.935,0.893444
258.160,267.478,0.902718
258.170,268.595,0.945847
258.180,270.881,0.902060
258.190,272.322,0.918783
258.200,273.066,0.904137
258.210,271.685,0.900027
258.220,268.367,0.923850
258.230,265.886,0.939649
258.240,263.719,0.925771
258.250,263.089,0.935330
258.260,264.012,0.900232
258.270,264.903,0.921961
258.280,265.266,0.944240
258.290,266.277,0.941253
258.300,266.874,0.898829
258.310,263.601,0.858541
258.320,258.113,0.808879
258.330,251.118,0.856408
258.340,247.138,0.904148
258.350,245.296,0.945500
258.360,244.892,0.950235
258.370,245.113,0.946458
258.380,246.148,0.941319
258.390,246.474,0.916148
258.400,247.005,0.916091
258.410,247.273,0.914556
258.420,247.120,0.905255
258.430,247.223,0.912721
258.440,247.390,0.921032
258.450,246.820,0.879423
258.460,245.358,0.802217
258.470,244.913,0.188320
258.480,1742.981,0.050175
258.490,253.213,0.322041
258.500,123.227,0.425383
258.510,123.939,0.474008
258.520,251.146,0.513286
258.530,251.620,0.533699
258.540,250.581,0.362352
258.550,147.051,0.210376
258.560,148.341,0.380817
258.570,147.759,0.312245
258.580,148.613,0.089683
258.590,302.663,0.047042
258.600,1230.892,0.028804
258.610,50.856,0.074099
258.620,50.300,0.693394
258.630,297.970,0.300644
258.640,252.511,0.607862
258.650,253.703,0.617711
258.660,252.612,0.647568
258.670,252.110,0.483995
258.680,251.717,0.545446
258.690,251.636,0.599927
258.700,254.571,0.386027
258.710,272.539,0.425960
258.720,273.582,0.388288
258.730,297.613,0.246065
258.740,298.406,0.521339
258.750,50.146,0.601123
258.760,50.263,0.621311
258.770,300.069,0.185555
258.780,298.782,0.408281
258.790,298.692,0.350442
258.800,252.083,0.241463
258.810,1189.209,0.125372
258.820,50.419,0.329113
258.830,298.728,0.364828
258.840,50.402,0.227924
258.850,49.885,0.331771
258.860,60.295,0.142061
258.870,302.480,0.199903
258.880,300.747,0.139548
258.890,334.990,0.278681
258.900,349.880,0.199999
258.910,358.448,0.346040
258.920,179.690,0.139668
258.930,184.239,0.519801
258.940,187.336,0.618121
258.950,193.118,0.584296
258.960,590.055,0.237818
258.970,606.201,0.061368
258.980,407.150,0.111283
258.990,402.358,0.090120
259.000,399.270,0.023019
259.010,197.625,0.031825
259.020,197.749,0.106133
259.030,396.297,0.241267
259.040,397.202,0.297082
259.050,397.209,0.250625
259.060,400.293,0.094080
259.070,404.616,0.058501
259.080,400.409,0.053110
259.090,398.683,0.413972
259.100,395.392,0.665778
259.110,395.394,0.786224
259.120,396.451,0.809277
259.130,397.609,0.918724
259.140,396.996,0.931363
259.150,394.126,0.918484
259.160,390.203,0.895209
259.170,386.799,0.872603
259.180,385.544,0.919368
259.190,385.829,0.919007
259.200,387.465,0.912204
259.210,388.735,0.887790
259.220,387.588,0.677587
259.230,388.828,0.576016
259.240,389.397,0.547035
259.250,379.677,0.387483
259.260,380.474,0.447079
259.270,383.081,0.691815
259.280,382.210,0.804795
259.290,386.206,0.810964
259.300,388.678,0.838133
259.310,391.956,0.820287
259.320,394.363,0.889086
259.330,394.519,0.923421
259.340,393.418,0.943036
259.350,394.290,0.940103
259.360,394.741,0.936842
259.370,394.496,0.945274
259.380,393.469,0.926443
259.390,391.415,0.832895
259.400,389.857,0.684972
259.410,391.598,0.362874
259.420,497.081,0.127388
259.430,303.402,0.106712
259.440,499.119,0.022227
259.450,1968.836,0.016639
259.460,588.004,0.009899
259.470,1191.500,0.016937
259.480,991.572,0.018209
259.490,198.723,0.082724
259.500,394.456,0.398563
259.510,392.121,0.743552
259.520,396.976,0.773281
259.530,403.665,0.616685
259.540,414.791,0.693397
259.550,418.830,0.856077
259.560,419.223,0.878567
259.570,415.995,0.889478
259.580,411.010,0.923085
259.590,409.224,0.909268
259.600,410.216,0.893029
259.610,412.099,0.901507
259.620,413.538,0.850239
259.630,413.989,0.805828
259.640,412.659,0.870140
259.650,409.177,0.841383
259.660,403.962,0.786878
259.670,397.339,0.780737
259.680,393.144,0.801990
259.690,392.707,0.597703
259.700,330.442,0.276365
259.710,303.035,0.629479
259.720,301.407,0.726498
259.730,300.055,0.743632
259.740,298.182,0.843097
259.750,297.708,0.893589
259.760,300.226,0.894279
259.770,302.741,0.943523
259.780,305.548,0.950048
259.790,308.770,0.933614
259.800,312.545,0.928567
259.810,314.431,0.845719
259.820,314.974,0.661584
259.830,314.934,0.294680
259.840,403.274,0.542396
259.850,402.307,0.538131
259.860,400.470,0.658427
259.870,397.766,0.568447
259.880,357.209,0.346049
259.890,349.113,0.467853
259.900,346.682,0.632796
259.910,345.981,0.840304
259.920,345.612,0.934926
259.930,344.860,0.892631
259.940,344.967,0.791520
259.950,343.918,0.768221
259.960,343.989,0.839755
259.970,345.476,0.885612
259.980,346.427,0.931185
259.990,346.563,0.947615
260.000,345.771,0.900635
260.010,344.223,0.774508
260.020,341.139,0.591519
260.030,330.763,0.398787
260.040,165.090,0.093399
260.050,286.917,0.304220
260.060,328.346,0.318295
260.070,333.239,0.374176
260.080,169.108,0.513180
260.090,337.950,0.675549
260.100,338.898,0.797270
260.110,336.810,0.807587
260.120,334.922,0.832619
260.130,332.117,0.883084
260.140,331.563,0.940230
260.150,331.830,0.952260
260.160,331.617,0.944599
260.170,331.288,0.937211
260.180,331.319,0.837876
260.190,330.076,0.639218
260.200,319.593,0.334418
260.210,306.393,0.533029
260.220,306.717,0.244915
260.230,301.836,0.211123
260.240,300.302,0.335192
260.250,298.631,0.279467
260.260,259.961,0.267032
260.270,275.291,0.246010
260.280,322.179,0.385089
260.290,302.152,0.455492
260.300,299.250,0.628720
260.310,298.294,0.653173
260.320,296.536,0.598412
260.330,294.160,0.831420
260.340,294.072,0.862856
260.350,291.221,0.787038
260.360,289.017,0.588702
260.370,270.721,0.552851
260.380,263.986,0.815266
260.390,259.669,0.828916
260.400,257.035,0.921524
260.410,256.354,0.954338
260.420,256.823,0.957231
260.430,256.974,0.927512
260.440,255.820,0.862388
260.450,252.516,0.720376
260.460,251.467,0.369064
260.470,268.788,0.673065
260.480,269.208,0.527680
260.490,331.694,0.420276
260.500,266.633,0.626896
260.510,268.549,0.731178
260.520,331.183,0.380990
260.530,323.419,0.572276
260.540,311.598,0.424405
260.550,297.820,0.558901
260.560,295.186,0.590138
260.570,292.165,0.585201
260.580,286.208,0.550973
260.590,276.080,0.516032
260.600,270.200,0.402671
260.610,267.986,0.331823
260.620,273.794,0.612635
260.630,269.917,0.732918
260.640,266.533,0.812856
260.650,264.673,0.762781
260.660,265.898,0.398086
260.670,268.905,0.349439
260.680,271.197,0.287291
260.690,291.333,0.255404
260.700,292.562,0.597050
260.710,292.478,0.590214
260.720,295.080,0.507838
260.730,296.250,0.490126
260.740,295.155,0.352552
260.750,275.588,0.243397
260.760,250.062,0.236440
260.770,275.472,0.329902
260.780,299.721,0.274447
260.790,348.451,0.714273
260.800,349.292,0.841933
260.810,351.274,0.763101
260.820,349.463,0.317425
260.830,332.471,0.189944
260.840,348.599,0.089568
260.850,351.258,0.282628
260.860,276.534,0.196116
260.870,274.396,0.208316
260.880,335.709,0.254174
260.890,335.773,0.458440
260.900,334.943,0.246233
260.910,336.716,0.209447
260.920,355.438,0.345773
260.930,370.938,0.456500
260.940,369.332,0.659449
260.950,370.848,0.869777
260.960,370.531,0.915601
260.970,371.249,0.948986
260.980,372.221,0.931875
260.990,375.700,0.848763
261.000,383.199,0.814575
261.010,387.364,0.903515
261.020,388.175,0.931151
261.030,386.701,0.866372
261.040,383.986,0.895708
261.050,383.823,0.919413
261.060,387.862,0.893292
261.070,393.734,0.927839
261.080,396.730,0.941018
261.090,397.229,0.944872
261.100,397.158,0.938989
261.110,396.726,0.932319
261.120,395.464,0.915338
261.130,394.195,0.939326
261.140,392.811,0.921559
261.150,390.332,0.887097
261.160,387.373,0.754256
261.170,526.970,0.167994
261.180,532.266,0.518060
261.190,532.982,0.382275
261.200,264.782,0.330957
261.210,266.627,0.257531
261.220,336.841,0.238205
261.230,397.201,0.264616
261.240,394.018,0.431642
261.250,389.889,0.693611
261.260,387.900,0.848363
261.270,387.728,0.890103
261.280,392.569,0.870440
261.290,400.034,0.860773
261.300,400.950,0.875865
261.310,396.116,0.895323
261.320,390.135,0.855707
261.330,382.324,0.844526
261.340,375.863,0.923950
261.350,369.544,0.929035
261.360,366.396,0.944457
261.370,366.366,0.928501
261.380,366.662,0.930871
261.390,366.580,0.917048
261.400,365.252,0.826867
261.410,361.509,0.658833
261.420,350.251,0.478445
261.430,344.675,0.321071
261.440,364.654,0.243368
261.450,299.767,0.328056
261.460,300.064,0.378147
261.470,253.306,0.370103
261.480,358.970,0.612975
261.490,362.346,0.598011
261.500,366.317,0.773865
261.510,368.034,0.884826
261.520,370.704,0.908029
261.530,373.522,0.893513
261.540,375.212,0.917347
261.550,375.514,0.899957
261.560,374.689,0.892360
261.570,374.206,0.883641
261.580,375.438,0.899028
261.590,377.456,0.885337
261.600,379.105,0.904340
261.610,379.294,0.930410
261.620,378.943,0.936425
261.630,379.320,0.945762
261.640,379.427,0.952261
261.650,378.640,0.920143
261.660,376.430,0.920406
261.670,373.408,0.812356
261.680,369.061,0.435756
261.690,253.339,0.512602
261.700,251.482,0.780515
261.710,251.692,0.783768
261.720,251.830,0.380281
261.730,393.906,0.537877
261.740,394.100,0.791392
261.750,396.742,0.889823
261.760,398.998,0.872734
261.770,404.533,0.818795
261.780,411.033,0.812393
261.790,415.116,0.816205
261.800,415.781,0.802729
261.810,412.486,0.774657
261.820,405.036,0.721157
261.830,396.018,0.806800
261.840,387.304,0.755936
261.850,380.684,0.891204
261.860,377.929,0.924785
261.870,376.951,0.952009
261.880,376.109,0.956763
261.890,374.429,0.925281
261.900,372.326,0.903468
261.910,369.405,0.835283
261.920,365.735,0.781477
261.930,364.106,0.827578
261.940,362.893,0.852504
261.950,363.363,0.877712
261.960,362.710,0.902917
261.970,360.133,0.824801
261.980,355.555,0.839487
261.990,351.446,0.857632
262.000,347.610,0.874927
262.010,343.387,0.878304
262.020,340.502,0.879749
262.030,335.553,0.854984
262.040,331.357,0.882457
262.050,328.569,0.894009
262.060,328.580,0.885122
262.070,331.467,0.910110
262.080,336.035,0.889850
262.090,338.991,0.902472
262.100,340.176,0.870621
262.110,340.028,0.877656
262.120,339.636,0.896711
262.130,338.017,0.838904
262.140,335.042,0.838853
262.150,330.185,0.779915
262.160,315.322,0.607286
262.170,304.692,0.726767
262.180,299.406,0.879102
262.190,295.728,0.930982
262.200,294.277,0.952928
262.210,294.127,0.963071
262.220,294.777,0.954242
262.230,296.834,0.911062
262.240,298.476,0.951087
262.250,298.503,0.957737
262.260,298.110,0.944380
262.270,298.345,0.922544
262.280,299.335,0.853298
262.290,299.616,0.808334
262.300,300.226,0.796258
262.310,296.973,0.663632
262.320,296.117,0.617259
262.330,296.421,0.818471
262.340,298.018,0.854563
262.350,301.800,0.835221
262.360,302.580,0.893386
262.370,303.094,0.905961
262.380,304.071,0.924309
262.390,303.756,0.878858
262.400,301.621,0.749015
262.410,301.083,0.348694
262.420,300.943,0.542707
262.430,303.664,0.764432
262.440,304.337,0.832470
262.450,303.806,0.864993
262.460,301.745,0.891396
262.470,298.813,0.880748
262.480,293.903,0.884116
262.490,290.597,0.909621
262.500,288.259,0.931966
262.510,285.973,0.914619
262.520,284.599,0.948549
262.530,284.877,0.960939
262.540,283.863,0.958295
262.550,280.482,0.910028
262.560,275.107,0.893456
262.570,270.937,0.868632
262.580,267.022,0.853288
262.590,263.015,0.918927
262.600,260.319,0.933140
262.610,258.332,0.931520
262.620,255.981,0.878504
262.630,252.823,0.875020
262.640,249.895,0.830921
262.650,248.475,0.832110
262.660,248.477,0.814997
262.670,248.676,0.800396
262.680,249.151,0.490005
262.690,49.292,0.338189
262.700,49.316,0.284152
262.710,248.342,0.162506
262.720,250.782,0.235299
262.730,297.059,0.191867
262.740,297.540,0.478454
262.750,298.547,0.532942
262.760,298.150,0.604744
262.770,296.615,0.572593
262.780,296.995,0.503648
262.790,49.632,0.464998
262.800,49.582,0.481010
262.810,49.508,0.363573
262.820,248.725,0.209985
262.830,302.745,0.157992
262.840,994.199,0.160640
262.850,1979.325,0.146285
262.860,1978.002,0.240231
262.870,33.550,0.295779
262.880,33.594,0.429492
262.890,33.745,0.331100
262.900,34.358,0.300144
262.910,33.899,0.118946
262.920,98.862,0.092732
262.930,197.005,0.385407
262.940,197.587,0.670373
262.950,199.579,0.588513
262.960,201.513,0.604953
262.970,202.185,0.255162
262.980,201.147,0.282666
262.990,196.972,0.324157
263.000,194.800,0.410725
263.010,194.863,0.370641
263.020,198.499,0.211379
263.030,304.946,0.393492
263.040,309.545,0.418110
263.050,313.914,0.679077
263.060,312.051,0.812220
263.070,311.719,0.903255
263.080,309.971,0.883053
263.090,304.960,0.916116
263.100,302.473,0.957108
263.110,301.687,0.960104
263.120,300.957,0.935140
263.130,299.302,0.936330
263.140,299.559,0.915900
263.150,301.118,0.919299
263.160,302.020,0.937393
263.170,302.003,0.935773
263.180,302.277,0.925850
263.190,304.100,0.851371
263.200,305.293,0.698822
263.210,306.101,0.640427
263.220,307.479,0.736375
263.230,309.454,0.838314
263.240,311.798,0.813128
263.250,320.378,0.562248
263.260,329.258,0.842139
263.270,332.469,0.911733
263.280,333.889,0.951601
263.290,335.425,0.950440
263.300,336.461,0.915577
263.310,336.735,0.913906
263.320,336.070,0.926338
263.330,334.483,0.934061
263.340,332.678,0.913441
263.350,330.034,0.886038
263.360,323.014,0.548147
263.370,309.283,0.453873
263.380,297.600,0.539434
263.390,295.468,0.299322
263.400,308.861,0.069960
263.410,149.327,0.089652
263.420,149.465,0.083940
263.430,49.484,0.125908
263.440,98.796,0.069811
263.450,99.124,0.124753
263.460,301.987,0.188776
263.470,298.557,0.297187
263.480,398.163,0.390848
263.490,323.390,0.243310
263.500,341.953,0.307097
263.510,347.112,0.660722
263.520,351.363,0.759435
263.530,353.995,0.917963
263.540,356.496,0.886345
263.550,357.267,0.919483
263.560,358.350,0.930145
263.570,357.115,0.901827
263.580,354.999,0.932206
263.590,353.658,0.931984
263.600,352.698,0.915255
263.610,351.093,0.916969
263.620,349.229,0.906280
263.630,347.038,0.878504
263.640,342.922,0.764512
263.650,337.895,0.724812
263.660,332.650,0.586194
263.670,302.355,0.486107
263.680,329.648,0.505488
263.690,331.848,0.592723
263.700,333.908,0.669505
263.710,337.558,0.631381
263.720,345.111,0.767352
263.730,350.102,0.899308
263.740,350.403,0.951078
263.750,350.066,0.969434
263.760,350.039,0.971344
263.770,349.377,0.958483
263.780,347.881,0.914698
263.790,345.723,0.915577
263.800,342.166,0.907589
263.810,338.652,0.906387
263.820,335.055,0.897595
263.830,332.078,0.916755
263.840,329.939,0.912912
263.850,327.510,0.873617
263.860,326.317,0.835412
263.870,325.618,0.795907
263.880,324.586,0.847104
263.890,321.552,0.885387
263.900,319.821,0.886227
263.910,317.157,0.827177
263.920,315.380,0.810882
263.930,313.571,0.856496
263.940,311.550,0.849080
263.950,309.756,0.869817
263.960,307.476,0.905549
263.970,306.272,0.902091
263.980,304.437,0.919995
263.990,303.764,0.923255
264.000,301.766,0.924494
264.010,298.984,0.890974
264.020,297.784,0.906980
264.030,297.209,0.907698
264.040,298.723,0.922448
264.050,300.654,0.916084
264.060,303.171,0.942099
264.070,305.152,0.974908
264.080,306.183,0.959808
264.090,305.616,0.974105
264.100,304.389,0.965615
264.110,302.466,0.950538
264.120,299.212,0.919228
264.130,293.605,0.893268
264.140,291.025,0.940813
264.150,289.873,0.933164
264.160,288.872,0.928651
264.170,287.311,0.949761
264.180,284.419,0.922663
264.190,280.963,0.870448
264.200,277.762,0.903457
264.210,276.643,0.841764
264.220,276.120,0.787487
264.230,274.833,0.728044
264.240,272.808,0.705667
264.250,270.056,0.779712
264.260,268.447,0.777038
264.270,265.465,0.828350
264.280,261.483,0.856805
264.290,257.501,0.914934
264.300,254.472,0.870148
264.310,250.881,0.746782
264.320,246.001,0.731298
264.330,236.956,0.756156
264.340,232.843,0.766112
264.350,228.707,0.845304
264.360,226.678,0.838540
264.370,224.647,0.773340
264.380,222.760,0.665446
264.390,222.045,0.762562
264.400,222.509,0.596535
264.410,222.290,0.601527
264.420,269.142,0.402421
264.430,267.658,0.349902
264.440,267.492,0.487227
264.450,267.652,0.412945
264.460,301.056,0.290812
264.470,302.330,0.472733
264.480,298.306,0.574917
264.490,294.560,0.683435
264.500,292.580,0.706721
264.510,289.512,0.663837
264.520,284.145,0.502222
264.530,270.839,0.454524
264.540,295.328,0.439491
264.550,295.439,0.277342
264.560,282.012,0.374736
264.570,270.566,0.630313
264.580,267.160,0.454200
264.590,268.886,0.569399
264.600,273.337,0.506411
264.610,278.813,0.598152
264.620,282.848,0.584156
264.630,288.851,0.630664
264.640,290.983,0.514807
264.650,294.444,0.590799
264.660,295.121,0.446964
264.670,296.796,0.358351
264.680,296.965,0.303968
264.690,267.658,0.234544
264.700,296.483,0.427777
264.710,293.895,0.514057
264.720,294.823,0.487094
264.730,294.688,0.187683
264.740,41.433,0.331033
264.750,96.591,0.077373
264.760,168.890,0.173989
264.770,169.366,0.204131
264.780,168.149,0.301071
264.790,167.452,0.143585
264.800,225.090,0.345674
264.810,225.335,0.636107
264.820,225.337,0.491866
264.830,167.541,0.266207
264.840,668.660,0.333576
264.850,666.619,0.515341
264.860,162.973,0.100015
264.870,164.107,0.004228
264.880,1168.438,0.014981
264.890,559.152,0.088520
264.900,552.944,0.094147
264.910,545.915,0.054922
264.920,541.225,0.070608
264.930,1972.526,0.029652
264.940,532.620,0.041737
264.950,531.840,0.275342
264.960,531.492,0.291485
264.970,321.432,0.171531
264.980,323.549,0.211513
264.990,347.332,0.288921
265.000,350.101,0.203346
265.010,197.104,0.272853
265.020,232.889,0.206622
265.030,254.159,0.231790
265.040,258.716,0.571077
265.050,262.238,0.811331
265.060,264.774,0.714218
265.070,275.861,0.451887
265.080,284.711,0.507859
265.090,288.850,0.445169
265.100,296.446,0.435901
265.110,294.683,0.505736
265.120,289.528,0.653510
265.130,283.583,0.746983
265.140,279.982,0.798364
265.150,276.747,0.883181
265.160,274.873,0.957019
265.170,273.845,0.948846
265.180,273.922,0.942810
265.190,274.250,0.950039
265.200,274.556,0.943605
265.210,275.043,0.940730
265.220,275.520,0.933188
265.230,276.011,0.915379
265.240,276.642,0.887949
265.250,277.481,0.886544
265.260,277.870,0.888610
265.270,277.799,0.910271
265.280,277.588,0.917759
265.290,277.451,0.920519
265.300,277.936,0.933005
265.310,278.013,0.928925
265.320,277.318,0.907557
265.330,275.616,0.841322
265.340,272.062,0.601632
265.350,267.903,0.365307
265.360,247.024,0.090236
265.370,250.890,0.265020
265.380,252.997,0.510870
265.390,253.066,0.590719
265.400,250.807,0.649935
265.410,250.885,0.426522
265.420,250.169,0.543963
265.430,259.408,0.536164
265.440,261.937,0.633156
265.450,262.389,0.556975
265.460,265.194,0.550086
265.470,267.904,0.663590
265.480,267.962,0.783995
265.490,267.325,0.857518
265.500,264.432,0.852641
265.510,262.820,0.883397
265.520,261.146,0.920687
265.530,258.819,0.936372
265.540,256.442,0.930770
265.550,253.624,0.906002
265.560,249.186,0.880669
265.570,246.625,0.890674
265.580,244.283,0.888990
265.590,241.114,0.797112
265.600,239.775,0.483604
265.610,248.492,0.355950
265.620,251.168,0.350639
265.630,241.850,0.343097
265.640,229.110,0.396995
265.650,248.213,0.393619
265.660,249.379,0.522927
265.670,241.158,0.340522
265.680,233.086,0.431910
265.690,229.747,0.351168
265.700,220.506,0.347828
265.710,218.958,0.260968
265.720,255.827,0.691715
265.730,255.368,0.752641
265.740,253.023,0.833655
265.750,254.066,0.803511
265.760,252.259,0.751485
265.770,253.292,0.758753
265.780,251.359,0.695658
265.790,254.117,0.549535
265.800,252.743,0.552204
265.810,226.010,0.317520
265.820,229.143,0.386062
265.830,229.403,0.538553
265.840,228.522,0.820292
265.850,225.434,0.880431
265.860,222.975,0.918491
265.870,221.775,0.909007
265.880,221.624,0.909116
265.890,222.325,0.887638
265.900,222.773,0.858279
265.910,222.453,0.754590
265.920,222.008,0.320140
265.930,221.668,0.124312
265.940,42.811,0.110004
265.950,213.143,0.072142
265.960,290.269,0.150495
265.970,299.695,0.256255
265.980,300.129,0.244369
265.990,379.265,0.196728
266.000,74.750,0.277145
266.010,379.388,0.206440
266.020,74.660,0.233919
266.030,74.993,0.271714
266.040,74.231,0.529154
266.050,75.589,0.163700
266.060,381.035,0.126321
266.070,385.100,0.117151
266.080,329.674,0.180484
266.090,1976.413,0.032120
266.100,353.923,0.006826
266.110,332.234,0.112545
266.120,334.332,0.402937
266.130,334.931,0.349799
266.140,334.706,0.448922
266.150,329.738,0.354703
266.160,268.868,0.372926
266.170,269.260,0.217131
266.180,341.214,0.350706
266.190,353.284,0.414109
266.200,365.876,0.465070
266.210,184.039,0.550216
266.220,186.432,0.648744
266.230,378.672,0.435026
266.240,210.786,0.158232
266.250,224.280,0.202333
266.260,245.925,0.272503
266.270,249.971,0.518139
266.280,249.976,0.394065
266.290,243.848,0.287438
266.300,243.602,0.186136
266.310,203.145,0.066388
266.320,33.374,0.020634
266.330,1093.555,0.029305
266.340,32.152,0.014972
266.350,1167.415,0.017382
266.360,1174.309,0.043939
266.370,49.922,0.163835
266.380,49.941,0.080373
266.390,298.680,0.049197
266.400,254.910,0.133853
266.410,253.125,0.423912
266.420,321.334,0.176689
266.430,294.655,0.417421
266.440,297.166,0.712728
266.450,298.865,0.910742
266.460,300.185,0.924548
266.470,301.104,0.958757
266.480,301.635,0.970837
266.490,301.155,0.965043
266.500,298.413,0.957067
266.510,295.624,0.959403
266.520,294.480,0.949754
266.530,297.158,0.900217
266.540,302.961,0.938782
266.550,305.409,0.980925
266.560,306.286,0.974832
266.570,305.363,0.956970
266.580,302.743,0.836518
266.590,299.497,0.655267
266.600,291.419,0.262662
266.610,261.104,0.556519
266.620,257.228,0.856015
266.630,253.956,0.830829
266.640,251.446,0.865215
266.650,296.823,0.279877
266.660,287.848,0.298492
266.670,287.397,0.665398
266.680,288.630,0.879917
266.690,290.958,0.892055
266.700,297.220,0.786556
266.710,307.906,0.728518
266.720,319.772,0.687314
266.730,334.032,0.858096
266.740,339.482,0.955616
266.750,339.949,0.955651
266.760,337.114,0.913844
266.770,333.266,0.822362
266.780,331.531,0.729531
266.790,328.632,0.402208
266.800,301.558,0.715636
266.810,303.940,0.690494
266.820,308.273,0.424386
266.830,622.861,0.101147
266.840,1177.509,0.120610
266.850,198.438,0.103335
266.860,197.667,0.206999
266.870,199.546,0.355746
266.880,199.701,0.152895
266.890,202.063,0.115281
266.900,395.262,0.051332
266.910,353.863,0.410511
266.920,350.333,0.690374
266.930,349.570,0.790443
266.940,349.330,0.874423
266.950,348.278,0.892156
266.960,346.845,0.941166
266.970,347.092,0.925870
266.980,349.816,0.937608
266.990,351.583,0.936723
267.000,351.723,0.958506
267.010,349.988,0.968092
267.020,348.773,0.954678
267.030,347.733,0.945646
267.040,347.778,0.943840
267.050,348.068,0.934484
267.060,348.912,0.960616
267.070,350.447,0.967340
267.080,351.340,0.938976
267.090,351.209,0.874986
267.100,349.369,0.829282
267.110,343.992,0.516935
267.120,333.070,0.383253
267.130,320.907,0.574984
267.140,321.434,0.780205
267.150,322.288,0.861312
267.160,319.771,0.875851
267.170,317.116,0.878246
267.180,316.636,0.917744
267.190,317.836,0.864596
267.200,321.561,0.845879
267.210,324.417,0.860580
267.220,326.741,0.928712
267.230,328.137,0.937395
267.240,328.555,0.927573
267.250,329.107,0.919873
267.260,329.151,0.922048
267.270,328.987,0.937272
267.280,328.850,0.922752
267.290,328.044,0.915368
267.300,326.855,0.936733
267.310,326.233,0.903798
267.320,325.554,0.766672
267.330,323.363,0.535664
267.340,305.979,0.378114
267.350,1192.577,0.027554
267.360,49.577,0.041401
267.370,297.149,0.168372
267.380,201.284,0.143150
267.390,198.136,0.561403
267.400,198.923,0.391563
267.410,336.232,0.240260
267.420,344.954,0.475402
267.430,350.679,0.790378
267.440,355.261,0.840093
267.450,358.291,0.903257
267.460,360.007,0.891365
267.470,359.238,0.913182
267.480,354.642,0.905257
267.490,347.732,0.870368
267.500,339.754,0.833058
267.510,334.802,0.938855
267.520,332.424,0.946625
267.530,331.121,0.953772
267.540,328.983,0.928602
267.550,327.345,0.957188
267.560,326.376,0.945676
267.570,324.826,0.923672
267.580,322.637,0.906195
267.590,319.596,0.754262
267.600,313.095,0.688667
267.610,311.414,0.766382
267.620,311.556,0.882384
267.630,312.702,0.916086
267.640,315.502,0.851960
267.650,322.409,0.748521
267.660,329.562,0.893044
267.670,332.911,0.923709
267.680,333.388,0.943901
267.690,332.118,0.947377
267.700,328.552,0.896970
267.710,325.725,0.919998
267.720,323.559,0.875510
267.730,318.309,0.733199
267.740,310.450,0.760697
267.750,304.984,0.890644
267.760,301.668,0.944912
267.770,300.234,0.926433
267.780,299.225,0.923129
267.790,298.467,0.893591
267.800,298.295,0.826097
267.810,299.005,0.739743
267.820,300.422,0.821117
267.830,296.366,0.788430
267.840,299.086,0.825947
267.850,298.281,0.866835
267.860,299.056,0.899490
267.870,297.254,0.873484
267.880,294.496,0.859567
267.890,292.966,0.819071
267.900,291.892,0.853442
267.910,291.577,0.883799
267.920,294.486,0.918159
267.930,295.555,0.922905
267.940,296.765,0.862369
267.950,298.197,0.848933
267.960,298.141,0.846449
267.970,297.946,0.864576
267.980,297.716,0.907609
267.990,296.877,0.904650
268.000,295.108,0.918186
268.010,290.486,0.741884
268.020,283.063,0.699067
268.030,273.922,0.730890
268.040,263.292,0.697492
268.050,258.194,0.896694
268.060,259.456,0.921790
268.070,260.580,0.900049
268.080,261.741,0.928416
268.090,263.337,0.901461
268.100,265.346,0.843398
268.110,267.089,0.696518
268.120,539.638,0.537190
268.130,543.336,0.691780
268.140,540.911,0.536974
268.150,266.575,0.447816
268.160,535.862,0.606026
268.170,266.014,0.491786
268.180,134.938,0.338603
268.190,134.131,0.207420
268.200,270.476,0.251903
268.210,266.331,0.638913
268.220,401.168,0.420586
268.230,398.955,0.379401
268.240,402.759,0.488148
268.250,403.411,0.360236
268.260,404.314,0.331320
268.270,413.007,0.305865
268.280,461.953,0.441492
268.290,254.781,0.484490
268.300,256.221,0.588456
268.310,258.346,0.488734
268.320,268.120,0.457135
268.330,272.388,0.539877
268.340,276.262,0.329775
268.350,273.746,0.361056
268.360,273.139,0.328969
268.370,310.018,0.286193
268.380,324.514,0.469503
268.390,329.170,0.475138
268.400,332.140,0.490828
268.410,331.450,0.522625
268.420,329.782,0.491249
268.430,302.608,0.466822
268.440,297.628,0.650403
268.450,296.764,0.558316
268.460,295.892,0.346214
268.470,333.600,0.265305
268.480,299.281,0.212015
268.490,301.536,0.089874
268.500,457.068,0.169104
268.510,228.897,0.235463
268.520,342.891,0.697980
268.530,342.615,0.850160
268.540,341.755,0.679885
268.550,338.348,0.568819
268.560,335.123,0.531894
268.570,333.237,0.388593
268.580,267.315,0.528881
268.590,265.983,0.537669
268.600,265.816,0.424713
268.610,535.682,0.255635
268.620,132.686,0.491788
268.630,133.074,0.509432
268.640,134.118,0.418889
268.650,335.305,0.174204
268.660,335.618,0.211378
268.670,673.682,0.176964
268.680,132.713,0.246855
268.690,224.915,0.189428
268.700,224.835,0.204211
268.710,334.700,0.307454
268.720,334.802,0.295180
268.730,133.090,0.507530
268.740,132.137,0.648672
268.750,132.096,0.349424
268.760,336.200,0.478065
268.770,334.825,0.522169
268.780,332.615,0.583666
268.790,331.796,0.290039
268.800,33.624,0.038847
268.810,54.578,0.021294
268.820,538.190,0.130169
268.830,533.885,0.187609
268.840,174.226,0.262294
268.850,172.313,0.184393
268.860,267.063,0.203491
268.870,530.881,0.124598
268.880,339.441,0.107946
268.890,673.944,0.115092
268.900,269.305,0.075973
268.910,268.164,0.082500
268.920,132.072,0.027479
268.930,42.340,0.034101
268.940,32.636,0.063179
268.950,32.861,0.017913
268.960,530.708,0.237963
268.970,530.403,0.208783
268.980,335.513,0.135942
268.990,224.499,0.127427
269.000,266.829,0.189814
269.010,36.945,0.092654
269.020,459.879,0.107875
269.030,34.371,0.063634
269.040,464.537,0.051998
269.050,67.063,0.038172
269.060,33.064,0.030893
269.070,32.969,0.023616
269.080,269.686,0.050488
269.090,268.908,0.177029
269.100,334.546,0.308053
269.110,335.138,0.356304
269.120,331.173,0.517441
269.130,333.298,0.589000
269.140,334.780,0.775270
269.150,334.602,0.695941
269.160,335.754,0.285868
269.170,671.189,0.601965
269.180,671.278,0.550762
269.190,669.287,0.700862
269.200,269.116,0.715863
269.210,268.696,0.796191
269.220,268.844,0.617830
269.230,270.249,0.433693
269.240,272.856,0.643595
269.250,272.227,0.194997
269.260,59.471,0.084885
269.270,132.555,0.164286
269.280,133.170,0.126340
269.290,100.011,0.066031
269.300,245.120,0.411015
269.310,245.814,0.593931
269.320,247.767,0.669255
269.330,249.939,0.785692
269.340,251.238,0.790480
269.350,250.716,0.721734
269.360,251.060,0.642388
269.370,251.995,0.497117
269.380,380.777,0.190108
269.390,392.065,0.677214
269.400,393.349,0.753340
269.410,396.055,0.593636
269.420,396.090,0.461677
269.430,409.505,0.433325
269.440,437.110,0.266926
269.450,445.702,0.479587
269.460,451.377,0.428051
269.470,452.675,0.613304
269.480,450.512,0.682661
269.490,447.412,0.828053
269.500,443.326,0.797891
269.510,441.783,0.686390
269.520,438.288,0.640800
269.530,432.838,0.452091
269.540,432.278,0.553327
269.550,430.533,0.438189
269.560,428.294,0.270429
269.570,249.436,0.307608
269.580,252.003,0.457254
269.590,252.105,0.571118
269.600,253.503,0.417896
269.610,255.787,0.329641
269.620,260.426,0.279506
269.630,402.602,0.658258
269.640,398.672,0.782525
269.650,393.391,0.746949
269.660,388.681,0.752621
269.670,384.607,0.815919
269.680,382.339,0.867344
269.690,382.195,0.901348
269.700,382.439,0.891429
269.710,382.497,0.759310
269.720,382.235,0.670170
269.730,383.466,0.718536
269.740,384.459,0.775201
269.750,385.560,0.779045
269.760,386.816,0.726860
269.770,387.405,0.713517
269.780,388.010,0.833730
269.790,383.090,0.844163
269.800,380.859,0.894688
269.810,381.772,0.912937
269.820,380.775,0.919232
269.830,382.489,0.874803
269.840,384.539,0.890672
269.850,387.342,0.863387
269.860,389.753,0.890639
269.870,392.406,0.863694
269.880,395.640,0.840244
269.890,398.744,0.841410
269.900,399.332,0.837371
269.910,401.087,0.844443
269.920,399.629,0.877924
269.930,399.628,0.886864
269.940,397.181,0.908046
269.950,395.997,0.852008
269.960,394.313,0.866907
269.970,393.880,0.915055
269.980,394.841,0.887314
269.990,396.229,0.917123
270.000,396.879,0.875095
270.010,397.230,0.871612
270.020,396.379,0.784365
270.030,394.128,0.721247
270.040,391.997,0.572640
270.050,261.246,0.636548
270.060,260.325,0.654464
270.070,258.053,0.318083
270.080,379.275,0.549154
270.090,377.446,0.716513
270.100,375.448,0.751726
270.110,372.101,0.793403
270.120,367.301,0.865380
270.130,362.943,0.877401
270.140,359.264,0.925056
270.150,357.450,0.921584
270.160,354.500,0.907151
270.170,352.606,0.711613
270.180,349.574,0.692613
270.190,691.659,0.589514
270.200,338.425,0.531089
270.210,330.839,0.727433
270.220,322.552,0.565876
270.230,311.423,0.664660
270.240,304.005,0.887460
270.250,301.359,0.890335
270.260,296.647,0.764320
270.270,290.101,0.554304
270.280,287.090,0.731648
270.290,287.615,0.612880
270.300,576.269,0.523580
270.310,294.728,0.509914
270.320,296.355,0.814958
270.330,296.497,0.832269
270.340,295.987,0.762669
270.350,298.051,0.761793
270.360,299.451,0.817644
270.370,300.555,0.839906
270.380,299.549,0.709852
270.390,299.060,0.806439
270.400,299.883,0.737974
270.410,297.929,0.628478
270.420,295.972,0.559684
270.430,296.151,0.366161
270.440,299.911,0.512325
270.450,301.386,0.668194
270.460,301.381,0.656395
270.470,301.902,0.593242
270.480,300.622,0.642062
270.490,299.319,0.560617
270.500,299.834,0.708934
270.510,302.338,0.647727
270.520,302.597,0.465093
270.530,99.866,0.133477
270.540,400.178,0.139068
270.550,99.969,0.257170
270.560,100.218,0.259119
270.570,302.349,0.491555
270.580,301.840,0.612449
270.590,302.404,0.686955
270.600,302.300,0.683867
270.610,301.934,0.455056
270.620,303.534,0.151538
270.630,207.157,0.318605
270.640,208.179,0.348531
270.650,500.105,0.394519
270.660,500.466,0.390149
270.670,301.678,0.321068
270.680,300.803,0.364644
270.690,300.290,0.363964
270.700,301.016,0.432631
270.710,301.351,0.588908
270.720,301.275,0.672430
270.730,301.437,0.728230
270.740,301.387,0.715525
270.750,301.531,0.588684
270.760,302.983,0.507165
270.770,312.306,0.397802
270.780,321.408,0.472374
270.790,327.682,0.680043
270.800,332.208,0.803126
270.810,335.145,0.869049
270.820,337.874,0.877665
270.830,343.080,0.803193
270.840,346.007,0.783177
270.850,352.463,0.821813
270.860,355.053,0.900114
270.870,355.339,0.913509
270.880,353.809,0.918871
270.890,351.412,0.896649
270.900,349.896,0.919883
270.910,349.845,0.949703
270.920,351.146,0.958176
270.930,353.577,0.944664
270.940,355.172,0.938443
270.950,354.917,0.929586
270.960,352.944,0.912970
270.970,352.061,0.924874
270.980,352.608,0.908656
270.990,353.288,0.902650
271.000,353.490,0.882226
271.010,351.254,0.790064
271.020,348.617,0.398669
271.030,333.415,0.251534
271.040,335.969,0.514020
271.050,332.453,0.714143
271.060,330.201,0.724965
271.070,327.658,0.500139
271.080,328.851,0.450501
271.090,330.457,0.649542
271.100,333.414,0.652257
271.110,335.024,0.855722
271.120,336.541,0.893326
271.130,335.992,0.920391
271.140,334.864,0.912486
271.150,334.516,0.864886
271.160,337.142,0.846044
271.170,338.764,0.858522
271.180,339.427,0.896033
271.190,339.037,0.907343
271.200,338.685,0.925414
271.210,338.440,0.935874
271.220,338.012,0.937096
271.230,336.234,0.882737
271.240,334.423,0.838328
271.250,333.488,0.644704
271.260,304.519,0.405960
271.270,299.819,0.639558
271.280,299.625,0.686651
271.290,300.050,0.581488
271.300,299.121,0.415904
271.310,148.641,0.306978
271.320,298.997,0.721639
271.330,298.616,0.783505
271.340,299.833,0.818082
271.350,300.097,0.759597
271.360,299.040,0.760858
271.370,299.708,0.648508
271.380,301.678,0.450142
271.390,349.139,0.604581
271.400,354.229,0.744346
271.410,357.092,0.850804
271.420,359.864,0.854245
271.430,358.833,0.898709
271.440,355.225,0.912336
271.450,351.705,0.909769
271.460,348.417,0.894706
271.470,345.456,0.925777
271.480,343.553,0.942426
271.490,342.221,0.955387
271.500,340.821,0.933790
271.510,338.640,0.934733
271.520,336.280,0.888635
271.530,332.099,0.871739
271.540,326.613,0.881860
271.550,324.106,0.922613
271.560,324.036,0.919280
271.570,326.513,0.921029
271.580,330.437,0.917069
271.590,335.688,0.839871
271.600,341.747,0.876747
271.610,344.067,0.906669
271.620,344.701,0.894095
271.630,341.843,0.880486
271.640,337.565,0.829259
271.650,334.064,0.886532
271.660,330.509,0.903806
271.670,325.547,0.744585
271.680,314.074,0.670834
271.690,310.019,0.910275
271.700,309.017,0.960260
271.710,308.791,0.955366
271.720,309.251,0.923474
271.730,309.638,0.823403
271.740,308.995,0.715228
271.750,308.692,0.714830
271.760,308.400,0.745129
271.770,306.959,0.670431
271.780,305.953,0.792678
271.790,303.851,0.811991
271.800,301.473,0.875049
271.810,298.648,0.871116
271.820,297.222,0.903230
271.830,296.333,0.915447
271.840,296.472,0.933774
271.850,296.554,0.927622
271.860,297.218,0.928661
271.870,297.529,0.876673
271.880,296.163,0.835277
271.890,290.969,0.639480
271.900,284.818,0.580953
271.910,273.922,0.739918
271.920,268.421,0.863162
271.930,264.694,0.870931
271.940,263.607,0.878936
271.950,263.516,0.926684
271.960,263.579,0.921400
271.970,263.749,0.893175
271.980,265.005,0.937322
271.990,266.620,0.910540
272.000,267.592,0.907209
272.010,267.523,0.878331
272.020,267.805,0.888125
272.030,268.287,0.899929
272.040,267.718,0.857203
272.050,267.137,0.877156
272.060,265.727,0.919764
272.070,264.075,0.828939
272.080,263.637,0.838109
272.090,263.610,0.826978
272.100,264.559,0.415206
272.110,301.489,0.625675
272.120,299.845,0.722253
272.130,294.930,0.737361
272.140,293.089,0.750726
272.150,291.675,0.350794
272.160,270.203,0.481334
272.170,402.278,0.485310
272.180,405.504,0.711043
272.190,409.506,0.544450
272.200,446.791,0.326743
272.210,448.191,0.470024
272.220,453.863,0.451867
272.230,459.198,0.298444
272.240,459.026,0.151881
272.250,328.233,0.228724
272.260,330.617,0.156785
272.270,332.855,0.201104
272.280,332.164,0.221507
272.290,327.927,0.504239
272.300,330.231,0.607804
272.310,330.643,0.861872
272.320,331.335,0.828019
272.330,331.160,0.804729
272.340,327.916,0.466629
272.350,304.179,0.502983
272.360,299.008,0.724112
272.370,296.990,0.716494
272.380,294.784,0.793880
272.390,294.010,0.764673
272.400,295.580,0.554177
272.410,296.955,0.381869
272.420,298.276,0.323898
272.430,334.871,0.492316
272.440,263.731,0.507587
272.450,264.117,0.744314
272.460,264.736,0.513860
272.470,445.630,0.577609
272.480,295.409,0.435687
272.490,293.905,0.698542
272.500,294.674,0.790121
272.510,294.594,0.775094
272.520,295.254,0.633719
272.530,296.184,0.365045
272.540,297.003,0.150173
272.550,33.081,0.188134
272.560,333.047,0.225778
272.570,333.407,0.356828
272.580,333.218,0.332759
272.590,271.532,0.213394
272.600,270.998,0.185576
272.610,330.681,0.182513
272.620,271.353,0.497148
272.630,268.603,0.737915
272.640,268.484,0.772888
272.650,269.251,0.835125
272.660,271.427,0.831966
272.670,270.133,0.588497
272.680,267.188,0.673493
272.690,266.612,0.606778
272.700,266.031,0.553527
272.710,252.810,0.153067
272.720,251.428,0.081174
272.730,537.152,0.075821
272.740,540.567,0.037087
272.750,539.618,0.057999
272.760,537.530,0.188686
272.770,536.654,0.266517
272.780,536.360,0.118332
272.790,535.769,0.042373
272.800,349.997,0.092933
272.810,344.454,0.147363
272.820,345.814,0.145236
272.830,239.518,0.251730
272.840,241.640,0.269101
272.850,242.999,0.419522
272.860,243.206,0.261773
272.870,260.194,0.194403
272.880,301.662,0.259988
272.890,315.978,0.427140
272.900,322.281,0.694429
272.910,328.369,0.799981
272.920,331.077,0.890913
272.930,330.606,0.896487
272.940,331.228,0.905678
272.950,330.441,0.846602
272.960,326.952,0.682420
272.970,317.281,0.600154
272.980,312.346,0.816667
272.990,308.565,0.917583
273.000,307.048,0.893024
273.010,307.225,0.906365
273.020,307.008,0.904397
273.030,306.637,0.888768
273.040,305.747,0.900556
273.050,306.510,0.868063
273.060,308.210,0.886990
273.070,310.543,0.878945
273.080,312.898,0.915555
273.090,314.946,0.910192
273.100,315.347,0.935457
273.110,314.912,0.921287
273.120,313.051,0.937925
273.130,309.719,0.936987
273.140,305.659,0.924876
273.150,301.930,0.928399
273.160,300.091,0.920079
273.170,300.029,0.912306
273.180,300.312,0.882453
273.190,298.600,0.799754
273.200,293.072,0.562564
273.210,289.144,0.389615
273.220,268.201,0.200156
273.230,241.027,0.119153
273.240,242.850,0.177879
273.250,245.702,0.348050
273.260,249.182,0.548109
273.270,250.870,0.648821
273.280,251.800,0.632970
273.290,249.758,0.709919
273.300,254.088,0.674708
273.310,258.039,0.453796
273.320,275.174,0.488214
273.330,278.641,0.633998
273.340,282.082,0.690675
273.350,285.332,0.674571
273.360,281.065,0.579124
273.370,280.934,0.547028
273.380,284.703,0.451574
273.390,276.565,0.557315
273.400,271.079,0.740867
273.410,265.233,0.663548
273.420,259.374,0.628803
273.430,256.251,0.610892
273.440,254.821,0.785155
273.450,252.616,0.742407
273.460,248.826,0.521456
273.470,243.458,0.389216
273.480,239.825,0.616731
273.490,237.526,0.345246
273.500,260.074,0.266539
273.510,250.897,0.356202
273.520,250.074,0.483891
273.530,245.523,0.600490
273.540,240.210,0.324492
273.550,232.429,0.337269
273.560,229.172,0.337146
273.570,231.124,0.467180
273.580,233.994,0.464032
273.590,300.200,0.272634
273.600,291.315,0.451100
273.610,299.649,0.621724
273.620,300.092,0.669462
273.630,299.712,0.688397
273.640,298.643,0.677987
273.650,303.941,0.623370
273.660,251.286,0.561171
273.670,249.812,0.513064
273.680,247.526,0.382884
273.690,265.983,0.234112
273.700,227.098,0.221779
273.710,225.252,0.697753
273.720,225.519,0.836939
273.730,225.645,0.528896
273.740,223.476,0.466520
273.750,441.005,0.288732
273.760,438.727,0.354494
273.770,439.858,0.289271
273.780,889.577,0.480596
273.790,889.587,0.338218
273.800,892.234,0.206206
273.810,884.237,0.146911
273.820,260.160,0.428275
273.830,261.575,0.505980
273.840,263.447,0.541401
273.850,266.401,0.643641
273.860,268.578,0.732109
273.870,268.663,0.611013
273.880,226.003,0.254923
273.890,260.812,0.372173
273.900,261.179,0.282275
273.910,262.272,0.150895
273.920,64.583,0.085464
273.930,225.388,0.178654
273.940,257.109,0.155849
273.950,142.416,0.081903
273.960,397.517,0.151399
273.970,352.697,0.285751
273.980,320.076,0.209200
273.990,266.071,0.610556
274.000,265.919,0.822017
274.010,265.944,0.866724
274.020,266.255,0.741993
274.030,396.099,0.197626
274.040,322.785,0.219959
274.050,328.591,0.656349
274.060,332.521,0.617647
274.070,335.401,0.456520
274.080,371.120,0.309880
274.090,381.435,0.210231
274.100,130.218,0.401752
274.110,396.356,0.151717
274.120,79.957,0.173347
274.130,247.859,0.323567
274.140,248.471,0.581139
274.150,251.575,0.267892
274.160,246.714,0.351212
274.170,247.910,0.413003
274.180,248.624,0.601048
274.190,250.439,0.721185
274.200,249.769,0.780800
274.210,249.397,0.780226
274.220,249.959,0.736235
274.230,249.687,0.402220
274.240,249.592,0.475669
274.250,247.225,0.616380
274.260,245.806,0.624680
274.270,248.444,0.446417
274.280,296.846,0.268872
274.290,287.764,0.539408
274.300,288.737,0.633560
274.310,291.649,0.824187
274.320,291.559,0.844086
274.330,293.370,0.800056
274.340,294.673,0.835714
274.350,292.082,0.790256
274.360,290.848,0.865417
274.370,292.315,0.905597
274.380,293.880,0.940140
274.390,296.366,0.911145
274.400,299.815,0.906013
274.410,302.672,0.944611
274.420,303.875,0.954550
274.430,302.686,0.893641
274.440,300.211,0.800330
274.450,297.508,0.413309
274.460,260.799,0.643841
274.470,256.002,0.874219
274.480,250.635,0.819179
274.490,247.619,0.793416
274.500,244.596,0.813787
274.510,241.172,0.757904
274.520,238.866,0.709332
274.530,239.981,0.578136
274.540,244.722,0.588319
274.550,253.919,0.523275
274.560,268.669,0.743705
274.570,275.037,0.828726
274.580,283.635,0.672476
274.590,306.449,0.566128
274.600,316.829,0.648557
274.610,337.061,0.710185
274.620,346.515,0.936483
274.630,347.881,0.950130
274.640,346.316,0.953109
274.650,344.307,0.878328
274.660,344.520,0.673429
274.670,345.615,0.501999
274.680,331.290,0.338116
274.690,404.841,0.143942
274.700,405.143,0.057997
274.710,404.539,0.114627
274.720,405.866,0.487911
274.730,403.856,0.644715
274.740,400.838,0.421715
274.750,198.054,0.104010
274.760,198.592,0.170366
274.770,296.922,0.340391
274.780,348.050,0.428956
274.790,347.697,0.596908
274.800,346.561,0.833344
274.810,346.510,0.912235
274.820,347.051,0.928198
274.830,349.616,0.916928
274.840,351.735,0.898397
274.850,351.243,0.934630
274.860,348.489,0.902244
274.870,344.817,0.917556
274.880,342.704,0.935781
274.890,343.173,0.941489
274.900,344.965,0.938719
274.910,346.479,0.960946
274.920,347.506,0.952223
274.930,348.673,0.950268
274.940,348.704,0.941502
274.950,345.583,0.869976
274.960,337.506,0.753059
274.970,333.256,0.830078
274.980,331.438,0.825829
274.990,330.370,0.767089
275.000,327.977,0.548657
275.010,325.734,0.754653
275.020,322.162,0.791196
275.030,324.394,0.784445
275.040,328.394,0.810477
275.050,331.288,0.927613
275.060,331.993,0.929960
275.070,331.909,0.926601
275.080,331.791,0.937993
275.090,333.179,0.935043
275.100,334.229,0.948980
275.110,334.738,0.945904
275.120,335.894,0.905679
275.130,337.754,0.872899
275.140,339.674,0.797739
275.150,337.823,0.750256
275.160,334.261,0.697146
275.170,329.393,0.507318
275.180,302.593,0.603888
275.190,299.851,0.775656
275.200,298.544,0.780910
275.210,298.575,0.704733
275.220,298.712,0.595475
275.230,302.238,0.586302
275.240,299.581,0.491958
275.250,303.784,0.431093
275.260,321.536,0.243841
275.270,332.196,0.582968
275.280,339.493,0.585072
275.290,345.899,0.767607
275.300,350.465,0.816068
275.310,354.639,0.906528
275.320,356.496,0.914865
275.330,356.950,0.914296
275.340,354.950,0.942322
275.350,351.229,0.926004
275.360,346.850,0.914422
275.370,342.036,0.918417
275.380,338.363,0.940762
275.390,335.896,0.934500
275.400,332.917,0.916802
275.410,329.083,0.909279
275.420,326.370,0.940162
275.430,324.792,0.915330
275.440,322.031,0.800631
275.450,310.315,0.646416
275.460,306.245,0.902079
275.470,307.277,0.916609
275.480,307.960,0.955547
275.490,308.909,0.964856
275.500,310.241,0.939952
275.510,312.763,0.918059
275.520,318.018,0.690327
275.530,326.765,0.686721
275.540,332.568,0.780881
275.550,332.513,0.734412
275.560,326.409,0.644508
275.570,320.635,0.826058
275.580,316.565,0.864350
275.590,312.686,0.897096
275.600,309.427,0.937004
275.610,307.560,0.940198
275.620,306.184,0.921250
275.630,304.492,0.920442
275.640,303.120,0.902806
275.650,301.017,0.851128
275.660,298.668,0.818921
275.670,296.543,0.728992
275.680,295.879,0.588853
275.690,292.506,0.499634
275.700,292.816,0.595349
275.710,290.273,0.653336
275.720,290.642,0.734026
275.730,292.964,0.821177
275.740,294.093,0.923716
275.750,294.159,0.944131
275.760,294.698,0.965787
275.770,294.913,0.962239
275.780,294.151,0.946673
275.790,291.860,0.940866
275.800,289.674,0.881620
275.810,287.665,0.845741
275.820,281.799,0.719263
275.830,272.103,0.676658
275.840,266.407,0.703460
275.850,263.165,0.685033
275.860,261.474,0.875343
275.870,261.869,0.860204
275.880,262.763,0.879165
275.890,264.186,0.807749
275.900,264.953,0.828671
275.910,265.535,0.866435
275.920,265.589,0.882533
275.930,265.615,0.876404
275.940,264.099,0.837245
275.950,264.044,0.838878
275.960,264.731,0.883523
275.970,265.688,0.828776
275.980,266.404,0.799734
275.990,267.509,0.643994
276.000,133.910,0.346548
276.010,133.997,0.544073
276.020,268.893,0.449738
276.030,270.049,0.296610
276.040,302.231,0.539024
276.050,298.991,0.494578
276.060,296.016,0.642528
276.070,293.207,0.731793
276.080,293.332,0.542171
276.090,265.462,0.346660
276.100,400.400,0.698888
276.110,399.220,0.625892
276.120,403.780,0.576122
276.130,401.668,0.551889
276.140,406.278,0.562185
276.150,241.992,0.327911
276.160,245.033,0.194065
276.170,241.440,0.243908
276.180,334.418,0.182807
276.190,334.003,0.181039
276.200,55.468,0.154682
276.210,55.596,0.250924
276.220,333.643,0.155570
276.230,305.923,0.147108
276.240,310.813,0.254324
276.250,330.166,0.400633
276.260,331.421,0.483393
276.270,332.753,0.351437
276.280,331.663,0.526087
276.290,329.946,0.482455
276.300,295.249,0.449705
276.310,294.742,0.557530
276.320,297.741,0.427783
276.330,297.610,0.314863
276.340,298.288,0.422561
276.350,299.620,0.325073
276.360,301.494,0.283350
276.370,337.308,0.451910
276.380,339.648,0.540038
276.390,342.537,0.362389
276.400,343.873,0.304576
276.410,303.701,0.422635
276.420,302.159,0.491890
276.430,300.028,0.261206
276.440,133.525,0.384577
276.450,134.250,0.351237
276.460,537.750,0.521375
276.470,537.385,0.410287
276.480,536.580,0.212748
276.490,452.817,0.337606
276.500,453.236,0.233346
276.510,335.427,0.148957
276.520,336.161,0.349846
276.530,337.115,0.334689
276.540,335.077,0.275175
276.550,224.224,0.463118
276.560,449.355,0.580529
276.570,449.041,0.505822
276.580,449.759,0.365632
276.590,448.576,0.338538
276.600,447.407,0.411723
276.610,448.320,0.459814
276.620,334.442,0.546462
276.630,335.217,0.534000
276.640,334.553,0.663494
276.650,334.452,0.572592
276.660,455.283,0.170632
276.670,449.083,0.275482
276.680,449.594,0.260646
276.690,448.350,0.204006
276.700,447.696,0.237385
276.710,449.417,0.175456
276.720,674.205,0.060318
276.730,675.571,0.068220
276.740,135.290,0.120734
276.750,135.251,0.066266
276.760,266.977,0.263251
276.770,269.624,0.260719
276.780,33.098,0.443855
276.790,32.563,0.436710
276.800,32.751,0.208202
276.810,530.041,0.212567
276.820,530.266,0.518310
276.830,529.427,0.825322
276.840,529.568,0.803827
276.850,529.546,0.607110
276.860,532.527,0.235036
276.870,267.637,0.326241
276.880,533.176,0.459584
276.890,532.620,0.522941
276.900,529.725,0.475336
276.910,526.044,0.211234
276.920,1031.062,0.044565
276.930,46.336,0.026127
276.940,1327.200,0.118518
276.950,1333.103,0.269826
276.960,1335.151,0.215495
276.970,1334.161,0.135129
276.980,670.653,0.257399
276.990,671.665,0.232593
277.000,268.255,0.210537
277.010,269.425,0.068656
277.020,1987.792,0.092046
277.030,1982.782,0.077157
277.040,668.321,0.297044
277.050,669.609,0.473791
277.060,670.943,0.635835
277.070,670.969,0.444168
277.080,269.071,0.409260
277.090,269.407,0.449821
277.100,270.880,0.641090
277.110,270.761,0.558159
277.120,33.196,0.112353
277.130,32.897,0.177760
277.140,49.494,0.265317
277.150,49.089,0.232504
277.160,51.075,0.031436
277.170,119.356,0.063021
277.180,256.170,0.204672
277.190,253.704,0.524588
277.200,252.864,0.789817
277.210,253.318,0.761447
277.220,252.801,0.651670
277.230,251.078,0.550033
277.240,260.444,0.225300
277.250,296.811,0.442829
277.260,297.650,0.666494
277.270,296.341,0.633779
277.280,300.821,0.721874
277.290,306.879,0.581963
277.300,331.263,0.679852
277.310,334.155,0.750873
277.320,342.173,0.475234
277.330,377.708,0.556337
277.340,381.460,0.829136
277.350,383.878,0.722955
277.360,384.580,0.527392
277.370,388.908,0.314165
277.380,393.651,0.275449
277.390,445.534,0.418265
277.400,446.972,0.811793
277.410,449.819,0.788289
277.420,453.969,0.738709
277.430,457.644,0.820141
277.440,460.163,0.755815
277.450,462.246,0.783304
277.460,464.496,0.728588
277.470,468.273,0.511458
277.480,240.052,0.293831
277.490,242.222,0.440058
277.500,479.860,0.389108
277.510,476.053,0.498853
277.520,474.327,0.585582
277.530,471.721,0.625199
277.540,468.097,0.527406
277.550,460.214,0.282803
277.560,454.684,0.329476
277.570,452.691,0.391941
277.580,449.134,0.437120
277.590,447.174,0.560459
277.600,443.085,0.559227
277.610,438.395,0.481801
277.620,42.366,0.048582
277.630,124.742,0.063106
277.640,338.807,0.036243
277.650,275.784,0.069131
277.660,218.700,0.010020
277.670,1717.433,0.033398
277.680,387.363,0.167969
277.690,380.995,0.470392
277.700,380.867,0.743743
277.710,379.203,0.823380
277.720,376.568,0.861395
277.730,374.657,0.874027
277.740,374.745,0.883810
277.750,378.316,0.793486
277.760,386.730,0.672214
277.770,397.465,0.894476
277.780,402.468,0.914871
277.790,403.429,0.877198
277.800,404.928,0.870055
277.810,405.607,0.886960
277.820,406.625,0.886153
277.830,406.617,0.892437
277.840,405.369,0.852055
277.850,402.268,0.777777
277.860,399.227,0.719730
277.870,395.321,0.701324
277.880,392.331,0.687609
277.890,390.709,0.523616
277.900,389.956,0.037060
277.910,76.512,0.052979
277.920,76.790,0.137609
277.930,397.292,0.484335
277.940,398.064,0.802639
277.950,398.017,0.886574
277.960,396.651,0.890898
277.970,395.924,0.886702
277.980,393.838,0.914932
277.990,391.474,0.888358
278.000,387.629,0.852582
278.010,382.966,0.608565
278.020,368.662,0.476256
278.030,358.864,0.822600
278.040,354.418,0.932932
278.050,350.274,0.922805
278.060,348.544,0.911834
278.070,347.045,0.935632
278.080,346.543,0.943345
278.090,345.631,0.919940
278.100,344.331,0.809138
278.110,341.393,0.552912
278.120,335.676,0.489488
278.130,300.757,0.218884
278.140,270.914,0.502335
278.150,289.939,0.287837
278.160,295.197,0.482146
278.170,297.847,0.639766
278.180,301.185,0.478786
278.190,304.105,0.487821
278.200,356.696,0.713708
278.210,355.462,0.846070
278.220,354.774,0.883751
278.230,355.636,0.836954
278.240,356.614,0.808426
278.250,360.140,0.837730
278.260,360.413,0.809512
278.270,361.069,0.760678
278.280,363.505,0.748697
278.290,364.249,0.722223
278.300,366.375,0.609688
278.310,365.556,0.571470
278.320,366.078,0.590157
278.330,365.149,0.721105
278.340,364.661,0.809423
278.350,363.982,0.869393
278.360,362.555,0.734089
278.370,301.280,0.804068
278.380,302.736,0.806783
278.390,303.101,0.674722
278.400,303.935,0.460292
278.410,302.612,0.370270
278.420,299.914,0.464774
278.430,298.228,0.525328
278.440,295.416,0.610854
278.450,289.010,0.634001
278.460,286.442,0.818658
278.470,290.110,0.752347
278.480,298.921,0.767482
278.490,302.402,0.718052
278.500,303.666,0.424398
278.510,309.580,0.160013
278.520,386.788,0.184166
278.530,399.709,0.303453
278.540,410.823,0.780934
278.550,411.373,0.893344
278.560,407.908,0.798571
278.570,402.815,0.736655
278.580,401.462,0.597893
278.590,496.947,0.565283
278.600,496.797,0.760892
278.610,495.156,0.476502
278.620,1486.819,0.110628
278.630,1499.710,0.105795
278.640,402.562,0.069713
278.650,401.522,0.120836
278.660,401.150,0.393132
278.670,399.317,0.502432
278.680,397.560,0.216759
278.690,886.498,0.044890
278.700,443.655,0.086415
278.710,350.783,0.242613
278.720,352.243,0.728587
278.730,352.485,0.834853
278.740,354.092,0.778914
278.750,359.245,0.635238
278.760,368.607,0.608742
278.770,372.132,0.455615
278.780,374.270,0.587625
278.790,367.285,0.683856
278.800,358.975,0.843583
278.810,355.242,0.913428
278.820,355.315,0.923473
278.830,359.469,0.821423
278.840,368.387,0.857742
278.850,372.172,0.907540
278.860,373.340,0.894021
278.870,373.151,0.896266
278.880,370.865,0.883673
278.890,365.705,0.765783
278.900,357.930,0.735058
278.910,352.400,0.758750
278.920,341.247,0.664519
278.930,335.707,0.769481
278.940,335.228,0.791171
278.950,337.522,0.712610
278.960,340.820,0.699779
278.970,340.590,0.809040
278.980,342.616,0.920911
278.990,343.016,0.895687
279.000,344.577,0.816740
279.010,342.680,0.851344
279.020,341.785,0.869489
279.030,343.144,0.869237
279.040,345.970,0.907434
279.050,348.972,0.924189
279.060,350.794,0.955699
279.070,352.034,0.936989
279.080,352.734,0.926956
279.090,352.514,0.915365
279.100,350.541,0.927226
279.110,346.915,0.902200
279.120,341.621,0.831223
279.130,336.890,0.746475
279.140,333.178,0.553526
279.150,298.917,0.604952
279.160,299.173,0.725875
279.170,298.055,0.751465
279.180,299.338,0.756502
279.190,298.684,0.819659
279.200,296.927,0.850918
279.210,299.290,0.798973
279.220,300.430,0.477905
279.230,301.321,0.372784
279.240,348.028,0.318560
279.250,353.279,0.662919
279.260,358.209,0.849698
279.270,359.019,0.854227
279.280,356.814,0.834969
279.290,353.624,0.897789
279.300,351.355,0.908326
279.310,348.668,0.881180
279.320,346.791,0.907356
279.330,344.773,0.883369
279.340,342.905,0.924962
279.350,341.932,0.936976
279.360,341.272,0.922842
279.370,340.602,0.905559
279.380,338.835,0.887769
279.390,335.491,0.771213
279.400,330.037,0.637247
279.410,323.902,0.680913
279.420,323.040,0.815908
279.430,324.743,0.863799
279.440,325.836,0.914842
279.450,327.656,0.897409
279.460,331.336,0.877374
279.470,335.738,0.864197
279.480,339.109,0.888683
279.490,339.954,0.903354
279.500,339.295,0.914678
279.510,336.588,0.866448
279.520,333.868,0.765672
279.530,328.640,0.657713
279.540,319.875,0.737802
279.550,317.295,0.828244
279.560,313.127,0.838284
279.570,309.253,0.923325
279.580,307.038,0.919893
279.590,304.550,0.922794
279.600,303.295,0.842205
279.610,303.409,0.780216
279.620,305.904,0.603895
279.630,306.335,0.342628
279.640,307.388,0.296346
279.650,304.982,0.311357
279.660,303.280,0.697338
279.670,303.170,0.704189
279.680,304.196,0.806797
279.690,302.872,0.902782
279.700,301.835,0.930992
279.710,301.175,0.931606
279.720,300.652,0.942906
279.730,301.341,0.958652
279.740,302.255,0.960930
279.750,302.737,0.954814
279.760,301.468,0.922568
279.770,298.666,0.878231
279.780,294.659,0.898570
279.790,290.565,0.790187
279.800,285.416,0.809058
279.810,278.659,0.866027
279.820,276.206,0.904990
279.830,274.654,0.899552
279.840,272.295,0.850119
279.850,271.238,0.864105
279.860,270.905,0.844099
279.870,270.516,0.746185
279.880,271.045,0.623569
279.890,134.152,0.605786
279.900,133.904,0.596719
279.910,133.042,0.723453
279.920,132.414,0.643593
279.930,263.835,0.635922
279.940,131.774,0.716907
279.950,262.920,0.703916
279.960,263.290,0.773349
279.970,263.336,0.826652
279.980,263.011,0.777834
279.990,263.397,0.628927
280.000,266.488,0.526776
280.010,268.774,0.481580
280.020,543.353,0.219281
280.030,548.938,0.231879
280.040,280.764,0.239687
280.050,285.644,0.340690
280.060,283.920,0.410456
280.070,444.353,0.515973
280.080,297.668,0.286471
280.090,301.617,0.465281
280.100,332.827,0.231322
280.110,331.893,0.315203
280.120,333.806,0.226015
280.130,55.877,0.323780
280.140,335.667,0.513380
280.150,334.470,0.271076
280.160,332.277,0.465241
280.170,329.218,0.697954
280.180,329.190,0.765177
280.190,329.528,0.718966
280.200,330.175,0.704092
280.210,327.975,0.468992
280.220,300.212,0.490052
280.230,299.731,0.653537
280.240,297.643,0.731877
280.250,294.901,0.713870
280.260,294.883,0.714061
280.270,295.003,0.462497
280.280,295.904,0.410485
280.290,296.174,0.357836
280.300,295.936,0.196672
280.310,266.336,0.360190
280.320,267.628,0.439627
280.330,446.331,0.525554
280.340,299.950,0.288024
280.350,149.580,0.243585
280.360,450.475,0.256572
280.370,293.128,0.305047
280.380,294.554,0.479939
280.390,295.261,0.317078
280.400,298.482,0.318387
280.410,299.780,0.215065
280.420,266.014,0.264475
280.430,451.368,0.517419
280.440,334.689,0.418548
280.450,336.386,0.328223
280.460,334.901,0.344101
280.470,272.290,0.264323
280.480,274.752,0.431729
280.490,273.478,0.356597
280.500,270.717,0.488346
280.510,268.775,0.686347
280.520,269.157,0.695306
280.530,270.514,0.412458
280.540,272.697,0.388299
280.550,135.073,0.344347
280.560,132.798,0.299554
280.570,264.247,0.140357
280.580,166.037,0.222488
280.590,340.079,0.083556
280.600,692.037,0.035288
280.610,1353.871,0.029709
280.620,1079.230,0.024964
280.630,547.210,0.067311
280.640,543.449,0.019281
280.650,1624.994,0.033000
280.660,348.343,0.029140
280.670,349.217,0.064038
280.680,350.494,0.074443
280.690,349.965,0.337790
280.700,350.152,0.317546
280.710,393.965,0.224320
280.720,396.274,0.283065
280.730,409.460,0.266158
280.740,405.046,0.285339
280.750,271.058,0.395935
280.760,271.597,0.421681
280.770,310.676,0.207448
280.780,316.098,0.450082
280.790,319.513,0.733510
280.800,322.640,0.686887
280.810,326.880,0.628427
280.820,326.731,0.768068
280.830,323.510,0.814918
280.840,320.453,0.718425
280.850,312.694,0.875458
280.860,310.380,0.922936
280.870,311.829,0.902921
280.880,314.847,0.854914
280.890,317.693,0.815904
280.900,318.671,0.892390
280.910,317.512,0.885540
280.920,317.847,0.880788
280.930,319.025,0.790639
280.940,322.302,0.752400
280.950,320.500,0.764679
280.960,318.249,0.866898
280.970,317.937,0.881091
280.980,316.362,0.915995
280.990,313.207,0.925100
281.000,310.195,0.943532
281.010,308.795,0.950757
281.020,309.450,0.958182
281.030,310.951,0.889154
281.040,314.641,0.855710
281.050,318.758,0.909767
281.060,319.185,0.911518
281.070,318.500,0.800736
281.080,313.279,0.629258
281.090,303.352,0.501976
281.100,281.014,0.373174
281.110,273.977,0.316732
281.120,247.307,0.353220
281.130,248.123,0.285390
281.140,250.180,0.242183
281.150,250.001,0.155243
281.160,1181.502,0.198566
281.170,249.621,0.096260
281.180,250.462,0.086230
281.190,299.210,0.412426
281.200,297.074,0.456136
281.210,294.406,0.594259
281.220,292.358,0.782437
281.230,292.636,0.852817
281.240,293.063,0.854995
281.250,293.109,0.664516
281.260,291.729,0.588143
281.270,286.747,0.566245
281.280,281.548,0.720954
281.290,277.290,0.683613
281.300,272.382,0.574644
281.310,266.440,0.731353
281.320,263.742,0.667250
281.330,259.718,0.621064
281.340,255.130,0.636883
281.350,249.472,0.251837
281.360,238.036,0.289175
281.370,235.672,0.627900
281.380,236.299,0.781259
281.390,239.167,0.713798
281.400,242.311,0.675477
281.410,242.619,0.516087
281.420,241.031,0.465165
281.430,234.821,0.386573
281.440,231.520,0.250946
281.450,296.303,0.270109
281.460,264.464,0.283693
281.470,250.145,0.428745
281.480,256.426,0.543485
281.490,251.670,0.603503
281.500,253.991,0.558540
281.510,253.232,0.577805
281.520,256.239,0.464660
281.530,252.721,0.428182
281.540,251.117,0.396770
281.550,145.872,0.156665
281.560,286.811,0.197001
281.570,139.375,0.059140
281.580,244.734,0.219877
281.590,227.225,0.092372
281.600,32.604,0.012917
281.610,480.237,0.013694
281.620,489.034,0.017849
281.630,54.921,0.099142
281.640,1855.537,0.055778
281.650,1858.308,0.054044
281.660,989.156,0.036048
281.670,983.523,0.068002
281.680,391.808,0.056847
281.690,1001.576,0.068547
281.700,32.836,0.076173
281.710,1970.909,0.056421
281.720,32.107,0.013116
281.730,55.019,0.011647
281.740,269.577,0.034519
281.750,38.052,0.388364
281.760,37.733,0.380640
281.770,38.612,0.387189
281.780,34.003,0.254815
281.790,33.999,0.457357
281.800,32.713,0.131236
281.810,1797.872,0.107789
281.820,1184.949,0.125146
281.830,1760.857,0.162905
281.840,885.775,0.040289
281.850,1063.280,0.019103
281.860,33.436,0.032844
281.870,50.375,0.075975
281.880,51.732,0.177960
281.890,36.912,0.162840
281.900,149.376,0.081526
281.910,393.767,0.334364
281.920,391.270,0.307255
281.930,48.862,0.173410
281.940,380.261,0.199899
281.950,398.652,0.356117
281.960,128.732,0.423676
281.970,130.581,0.439278
281.980,131.453,0.195539
281.990,397.964,0.447822
282.000,399.990,0.359787
282.010,315.743,0.148821
282.020,226.122,0.342987
282.030,231.819,0.624188
282.040,236.556,0.582991
282.050,252.987,0.839259
282.060,256.366,0.889274
282.070,259.744,0.879139
282.080,262.499,0.793242
282.090,264.419,0.641759
282.100,529.230,0.432879
282.110,530.085,0.160987
282.120,239.802,0.033438
282.130,246.437,0.113579
282.140,244.037,0.185139
282.150,252.585,0.515404
282.160,333.124,0.264307
282.170,332.971,0.355445
282.180,335.457,0.555650
282.190,340.502,0.610437
282.200,341.689,0.812190
282.210,341.614,0.857044
282.220,343.250,0.857471
282.230,346.647,0.924096
282.240,347.404,0.937315
282.250,346.533,0.921137
282.260,346.279,0.901535
282.270,345.415,0.890760
282.280,344.183,0.909456
282.290,343.698,0.936576
282.300,343.128,0.940512
282.310,343.317,0.862250
282.320,344.283,0.819366
282.330,344.711,0.870449
282.340,344.658,0.899320
282.350,345.207,0.890315
282.360,346.238,0.880730
282.370,346.968,0.864215
282.380,345.881,0.716807
282.390,342.429,0.700427
282.400,341.142,0.701637
282.410,340.889,0.712999
282.420,342.383,0.650464
282.430,342.524,0.536997
282.440,336.905,0.304623
282.450,253.332,0.782476
282.460,253.131,0.907471
282.470,253.073,0.901148
282.480,252.193,0.835385
282.490,250.316,0.773398
282.500,254.041,0.563598
282.510,322.076,0.305973
282.520,322.408,0.577280
282.530,321.091,0.718009
282.540,319.883,0.763916
282.550,321.534,0.770111
282.560,324.336,0.635488
282.570,328.692,0.503114
282.580,332.136,0.148167
282.590,333.571,0.417499
282.600,336.566,0.629269
282.610,341.524,0.709893
282.620,349.201,0.803673
282.630,351.996,0.902332
282.640,353.615,0.943927
282.650,355.053,0.926858
282.660,360.603,0.878839
282.670,366.676,0.875299
282.680,368.754,0.880932
282.690,367.462,0.881282
282.700,365.876,0.808376
282.710,367.890,0.778023
282.720,369.731,0.844252
282.730,369.821,0.873828
282.740,368.997,0.873841
282.750,366.232,0.918269
282.760,363.636,0.928661
282.770,363.646,0.914049
282.780,365.424,0.848789
282.790,364.351,0.855313
282.800,361.937,0.856972
282.810,358.899,0.837023
282.820,356.438,0.733841
282.830,354.389,0.506691
282.840,172.161,0.437562
282.850,172.028,0.432878
282.860,353.355,0.758194
282.870,354.650,0.864093
282.880,350.360,0.883112
282.890,344.661,0.901512
282.900,341.643,0.948436
282.910,338.563,0.950323
282.920,336.829,0.926223
282.930,336.604,0.912954
282.940,337.293,0.928865
282.950,338.145,0.947876
282.960,339.420,0.938683
282.970,341.706,0.927132
282.980,345.777,0.927798
282.990,348.972,0.940826
283.000,349.367,0.951819
283.010,347.765,0.919247
283.020,345.032,0.904413
283.030,343.005,0.855857
283.040,339.824,0.676850
283.050,330.585,0.302924
283.060,297.292,0.462174
283.070,292.570,0.258908
283.080,292.203,0.239876
283.090,296.802,0.177984
283.100,596.083,0.211324
283.110,203.632,0.147748
283.120,199.160,0.425145
283.130,99.613,0.422001
283.140,99.570,0.347205
283.150,334.199,0.396340
283.160,343.959,0.587259
283.170,349.979,0.720745
283.180,355.050,0.774154
283.190,357.387,0.889046
283.200,358.642,0.924228
283.210,357.541,0.904368
283.220,353.694,0.923328
283.230,348.428,0.878127
283.240,344.330,0.897614
283.250,341.356,0.922796
283.260,339.164,0.933047
283.270,336.647,0.916395
283.280,334.784,0.944547
283.290,333.152,0.914129
283.300,333.117,0.895117
283.310,332.884,0.854324
283.320,333.276,0.686136
283.330,331.780,0.632696
283.340,321.798,0.631645
283.350,316.122,0.829017
283.360,316.156,0.896903
283.370,317.193,0.893859
283.380,321.483,0.848900
283.390,326.883,0.769993
283.400,334.232,0.813116
283.410,337.462,0.881355
283.420,338.368,0.875926
283.430,335.282,0.799239
283.440,329.899,0.881483
283.450,326.765,0.899657
283.460,323.072,0.830441
283.470,315.935,0.703734
283.480,310.136,0.918022
283.490,308.635,0.956529
283.500,307.280,0.940419
283.510,306.044,0.951954
283.520,304.869,0.932212
283.530,304.217,0.821311
283.540,302.462,0.739772
283.550,301.441,0.659845
283.560,303.379,0.513291
283.570,303.244,0.164745
283.580,302.612,0.488110
283.590,302.736,0.650024
283.600,299.135,0.759662
283.610,298.961,0.811846
283.620,298.757,0.884140
283.630,299.304,0.885475
283.640,300.211,0.888244
283.650,300.748,0.914982
283.660,300.043,0.910635
283.670,301.495,0.918359
283.680,302.015,0.920081
283.690,302.649,0.876424
283.700,301.878,0.816990
283.710,298.133,0.737918
283.720,291.384,0.705103
283.730,282.353,0.670099
283.740,275.167,0.854801
283.750,269.531,0.848188
283.760,266.045,0.875452
283.770,264.969,0.857739
283.780,264.843,0.886776
283.790,265.552,0.802704
283.800,266.264,0.622342
283.810,266.338,0.680086
283.820,132.895,0.573671
283.830,133.087,0.733575
283.840,132.991,0.791021
283.850,132.302,0.811183
283.860,132.032,0.673319
283.870,131.880,0.618452
283.880,131.593,0.613803
283.890,261.870,0.637090
283.900,262.412,0.695734
283.910,264.245,0.548508
283.920,265.398,0.415741
283.930,133.226,0.227695
283.940,291.581,0.367715
283.950,293.561,0.570457
283.960,295.795,0.611869
283.970,294.594,0.575689
283.980,404.674,0.376003
283.990,410.122,0.536707
284.000,408.986,0.545867
284.010,412.328,0.452179
284.020,466.422,0.291074
284.030,493.036,0.168721
284.040,498.644,0.176309
284.050,260.828,0.278235
284.060,265.886,0.491123
284.070,271.972,0.392302
284.080,273.378,0.477470
284.090,332.625,0.525176
284.100,332.689,0.428048
284.110,331.354,0.391620
284.120,330.821,0.443011
284.130,332.377,0.613201
284.140,330.269,0.356598
284.150,309.450,0.251894
284.160,301.972,0.438583
284.170,297.672,0.593350
284.180,293.735,0.700226
284.190,293.495,0.533465
284.200,296.090,0.439123
284.210,332.854,0.421570
284.220,298.712,0.401344
284.230,335.868,0.343579
284.240,336.483,0.410764
284.250,337.631,0.291903
284.260,341.052,0.433142
284.270,342.074,0.514056
284.280,301.843,0.444741
284.290,301.050,0.373930
284.300,296.344,0.311174
284.310,294.608,0.278715
284.320,335.010,0.339513
284.330,297.653,0.367691
284.340,297.784,0.251379
284.350,132.943,0.323411
284.360,535.402,0.304589
284.370,536.577,0.479380
284.380,536.996,0.221180
284.390,537.353,0.103099
284.400,225.842,0.162026
284.410,452.503,0.205634
284.420,450.354,0.641793
284.430,448.304,0.717102
284.440,448.590,0.667854
284.450,332.813,0.316454
284.460,301.062,0.278074
284.470,333.555,0.195604
284.480,265.798,0.362919
284.490,266.649,0.378377
284.500,337.280,0.461537
284.510,337.314,0.581123
284.520,337.209,0.544122
284.530,343.851,0.114833
284.540,455.220,0.042109
284.550,457.487,0.043377
284.560,523.941,0.149649
284.570,524.970,0.234627
284.580,1325.160,0.095970
284.590,1330.477,0.047781
284.600,1017.337,0.016279
284.610,1978.185,0.021017
284.620,1982.591,0.025033
284.630,267.766,0.012632
284.640,88.648,0.025691
284.650,894.035,0.017622
284.660,32.840,0.084937
284.670,88.639,0.034460
284.680,175.022,0.169451
284.690,174.927,0.037248
284.700,1056.567,0.029870
284.710,1056.294,0.068646
284.720,267.857,0.190575
284.730,270.434,0.358373
284.740,270.324,0.266668
284.750,270.671,0.246139
284.760,450.818,0.176092
284.770,33.210,0.051450
284.780,343.031,0.036978
284.790,888.995,0.066549
284.800,1332.991,0.076015
284.810,267.824,0.196639
284.820,268.853,0.716618
284.830,268.869,0.398553
284.840,1343.670,0.191010
284.850,1343.181,0.315262
284.860,335.202,0.254651
284.870,1338.046,0.231401
284.880,1340.958,0.098544
284.890,55.239,0.020155
284.900,33.508,0.138256
284.910,1343.924,0.067324
284.920,1336.565,0.158077
284.930,1336.676,0.213079
284.940,447.011,0.265347
284.950,133.034,0.136920
284.960,1336.549,0.194610
284.970,336.625,0.213835
284.980,266.544,0.097066
284.990,33.272,0.028794
285.000,33.277,0.101835
285.010,32.632,0.080922
285.020,1961.113,0.078448
285.030,350.317,0.258746
285.040,248.848,0.144356
285.050,243.706,0.494861
285.060,250.088,0.529027
285.070,251.966,0.703047
285.080,250.335,0.678086
285.090,250.129,0.470375
285.100,250.906,0.127912
285.110,249.212,0.170345
285.120,246.093,0.448202
285.130,299.331,0.213996
285.140,405.250,0.327209
285.150,406.855,0.483066
285.160,410.784,0.449663
285.170,411.897,0.456172
285.180,413.419,0.354641
285.190,395.894,0.370355
285.200,435.857,0.562312
285.210,436.506,0.576955
285.220,431.904,0.576997
285.230,429.922,0.760932
285.240,432.628,0.806554
285.250,435.336,0.830475
285.260,438.593,0.714038
285.270,439.535,0.682920
285.280,440.140,0.823786
285.290,440.172,0.893944
285.300,439.322,0.876284
285.310,439.122,0.852633
285.320,439.486,0.731834
285.330,439.326,0.345343
285.340,254.210,0.408516
285.350,400.397,0.465354
285.360,253.623,0.289673
285.370,258.255,0.241823
285.380,397.419,0.683040
285.390,395.630,0.804187
285.400,389.844,0.837099
285.410,387.195,0.871451
285.420,384.604,0.896936
285.430,383.754,0.871979
285.440,382.160,0.897541
285.450,382.857,0.882311
285.460,384.330,0.918253
285.470,386.199,0.848013
285.480,388.844,0.874871
285.490,390.148,0.861641
285.500,389.018,0.860835
285.510,387.229,0.853004
285.520,386.337,0.850997
285.530,386.978,0.852196
285.540,386.234,0.901273
285.550,386.521,0.891564
285.560,387.179,0.865770
285.570,389.304,0.901907
285.580,391.747,0.896425
285.590,395.294,0.877934
285.600,397.416,0.929520
285.610,398.275,0.913866
285.620,399.465,0.840697
285.630,400.460,0.881557
285.640,402.341,0.895475
285.650,402.410,0.895794
285.660,400.712,0.878683
285.670,399.012,0.894915
285.680,394.902,0.865647
285.690,393.081,0.884861
285.700,393.009,0.902554
285.710,393.971,0.898487
285.720,396.211,0.926172
285.730,397.488,0.951043
285.740,397.559,0.933476
285.750,396.215,0.912305
285.760,393.968,0.887693
285.770,396.696,0.848185
285.780,401.175,0.735510
285.790,401.645,0.524813
285.800,399.771,0.500049
285.810,397.420,0.518952
285.820,527.268,0.425727
285.830,525.020,0.582222
285.840,260.004,0.410150
285.850,258.210,0.361412
285.860,256.112,0.252124
285.870,377.256,0.397221
285.880,747.842,0.383855
285.890,369.762,0.668639
285.900,366.194,0.847736
285.910,363.962,0.886650
285.920,360.653,0.874231
285.930,356.647,0.865803
285.940,352.112,0.867653
285.950,347.452,0.843515
285.960,339.616,0.766827
285.970,327.117,0.657110
285.980,318.355,0.798737
285.990,316.210,0.811384
286.000,309.206,0.545289
286.010,303.496,0.639687
286.020,301.328,0.761958
286.030,298.112,0.914951
286.040,298.428,0.909349
286.050,299.668,0.904679
286.060,299.686,0.906506
286.070,299.912,0.829208
286.080,301.511,0.842059
286.090,302.619,0.875043
286.100,304.085,0.901810
286.110,303.749,0.892670
286.120,301.224,0.883228
286.130,299.143,0.836303
286.140,301.503,0.824041
286.150,304.425,0.854522
286.160,303.934,0.849165
286.170,300.457,0.720816
286.180,296.881,0.636195
286.190,293.241,0.198722
286.200,251.019,0.619268
286.210,250.723,0.746330
286.220,250.799,0.467708
286.230,500.583,0.202961
286.240,300.437,0.270239
286.250,301.312,0.176147
286.260,146.537,0.179136
286.270,147.075,0.133868
286.280,301.517,0.247967
286.290,302.470,0.556035
286.300,302.578,0.648653
286.310,301.211,0.574263
286.320,301.693,0.635610
286.330,302.837,0.813358
286.340,303.182,0.864300
286.350,303.810,0.914742
286.360,303.135,0.891921
286.370,302.033,0.813650
286.380,301.377,0.687052
286.390,300.910,0.643092
286.400,301.173,0.425512
286.410,304.269,0.474896
286.420,305.779,0.293621
286.430,306.349,0.186948
286.440,216.811,0.221490
286.450,216.669,0.346497
286.460,219.041,0.161518
286.470,301.302,0.370423
286.480,298.427,0.213620
286.490,297.096,0.227521
286.500,300.467,0.171827
286.510,1561.031,0.033827
286.520,37.698,0.109372
286.530,985.767,0.038407
286.540,928.081,0.078436
286.550,925.840,0.052968
286.560,890.925,0.020690
286.570,398.557,0.084910
286.580,194.252,0.105367
286.590,372.656,0.180082
286.600,373.090,0.535927
286.610,374.322,0.802261
286.620,375.274,0.885884
286.630,376.600,0.893465
286.640,376.516,0.860204
286.650,376.455,0.785669
286.660,373.844,0.773331
286.670,372.365,0.895804
286.680,370.767,0.912543
286.690,369.303,0.892389
286.700,368.038,0.897696
286.710,368.276,0.896533
286.720,368.349,0.893521
286.730,366.302,0.898732
286.740,365.516,0.839265
286.750,363.278,0.802191
286.760,355.868,0.796693
286.770,350.153,0.868838
286.780,345.781,0.771672
286.790,340.394,0.620710
286.800,336.746,0.719867
286.810,333.870,0.615193
286.820,333.803,0.415070
286.830,347.742,0.444175
286.840,343.298,0.660241
286.850,343.435,0.836594
286.860,341.833,0.911415
286.870,341.918,0.928051
286.880,341.172,0.914780
286.890,339.530,0.846323
286.900,337.762,0.889509
286.910,337.592,0.899291
286.920,337.326,0.881888
286.930,337.550,0.932046
286.940,337.319,0.919383
286.950,337.146,0.932929
286.960,335.890,0.909414
286.970,333.846,0.768933
286.980,329.948,0.624005
286.990,328.617,0.499244
287.000,301.942,0.317085
287.010,297.354,0.271357
287.020,298.919,0.571568
287.030,298.762,0.509126
287.040,296.374,0.669497
287.050,300.028,0.698372
287.060,300.838,0.657212
287.070,300.341,0.565507
287.080,332.564,0.602997
287.090,335.446,0.649930
287.100,342.296,0.579974
287.110,349.106,0.731259
287.120,351.409,0.856453
287.130,353.060,0.859236
287.140,353.240,0.840192
287.150,353.246,0.857945
287.160,352.836,0.876212
287.170,351.664,0.905713
287.180,350.593,0.930047
287.190,350.045,0.937892
287.200,349.407,0.932187
287.210,348.240,0.904961
287.220,345.916,0.929212
287.230,344.587,0.908844
287.240,343.841,0.921205
287.250,343.222,0.919477
287.260,342.525,0.906286
287.270,341.482,0.895952
287.280,337.308,0.866313
287.290,335.060,0.927549
287.300,333.340,0.946668
287.310,333.129,0.946264
287.320,334.308,0.959054
287.330,334.891,0.957312
287.340,335.200,0.946717
287.350,334.607,0.932484
287.360,333.325,0.920568
287.370,331.565,0.874620
287.380,329.031,0.807986
287.390,325.247,0.839650
287.400,322.393,0.903900
287.410,320.310,0.905845
287.420,318.002,0.874453
287.430,314.267,0.889307
287.440,312.072,0.952955
287.450,310.302,0.951193
287.460,309.079,0.966062
287.470,308.155,0.916147
287.480,305.910,0.775041
287.490,306.176,0.707290
287.500,306.469,0.574495
287.510,302.371,0.371099
287.520,299.040,0.749985
287.530,299.392,0.765537
287.540,298.635,0.856586
287.550,299.151,0.899982
287.560,300.442,0.912476
287.570,300.916,0.935190
287.580,301.424,0.947850
287.590,302.389,0.958858
287.600,302.767,0.960580
287.610,303.378,0.960044
287.620,303.344,0.930283
287.630,302.388,0.862254
287.640,299.671,0.774920
287.650,295.355,0.809180
287.660,290.502,0.626236
287.670,274.602,0.745739
287.680,268.870,0.912827
287.690,266.044,0.888420
287.700,264.897,0.872484
287.710,264.610,0.824091
287.720,264.741,0.848097
287.730,265.590,0.834152
287.740,266.418,0.675813
287.750,132.862,0.705964
287.760,133.053,0.823552
287.770,133.482,0.810031
287.780,133.777,0.698639
287.790,133.903,0.600935
287.800,268.491,0.609436
287.810,268.386,0.596502
287.820,267.758,0.613867
287.830,267.192,0.669896
287.840,268.761,0.760376
287.850,270.173,0.475478
287.860,297.489,0.374233
287.870,293.979,0.690247
287.880,293.144,0.681095
287.890,293.086,0.368177
287.900,293.537,0.458287
287.910,295.410,0.495580
287.920,286.107,0.300930
287.930,460.732,0.198999
287.940,455.409,0.276079
287.950,451.834,0.222797
287.960,454.556,0.269597
287.970,454.126,0.266179
287.980,304.982,0.557948
287.990,307.993,0.498999
288.000,331.659,0.366047
288.010,333.266,0.648958
288.020,333.550,0.478089
288.030,332.864,0.590650
288.040,331.268,0.671855
288.050,330.513,0.651958
288.060,330.154,0.660881
288.070,329.865,0.587341
288.080,328.442,0.557619
288.090,325.647,0.353466
288.100,299.081,0.467034
288.110,298.762,0.571642
288.120,295.984,0.677527
288.130,295.550,0.377045
288.140,296.390,0.247446
288.150,297.584,0.237685
288.160,297.753,0.365435
288.170,297.267,0.335626
288.180,265.983,0.278630
288.190,268.681,0.447629
288.200,266.496,0.392375
288.210,297.873,0.284505
288.220,297.775,0.512168
288.230,295.422,0.564532
288.240,294.022,0.603215
288.250,292.340,0.480273
288.260,268.839,0.322019
288.270,265.958,0.200864
288.280,531.295,0.225074
288.290,331.365,0.126945
288.300,266.721,0.326617
288.310,337.506,0.392234
288.320,340.452,0.496729
288.330,270.984,0.525576
288.340,268.308,0.671197
288.350,267.697,0.278661
288.360,272.165,0.287949
288.370,273.198,0.773522
288.380,273.153,0.722997
288.390,271.353,0.705368
288.400,268.474,0.696541
288.410,267.885,0.737808
288.420,268.814,0.762790
288.430,269.182,0.777604
288.440,267.469,0.613061
288.450,261.246,0.276036
288.460,1015.697,0.201091
288.470,1319.926,0.072325
288.480,1083.348,0.081092
288.490,1082.565,0.177617
288.500,538.765,0.287492
288.510,1064.367,0.188583
288.520,1056.254,0.142264
288.530,348.783,0.165450
288.540,345.333,0.218168
288.550,381.382,0.173511
288.560,379.314,0.146698
288.570,381.575,0.274667
288.580,389.921,0.296159
288.590,355.905,0.172772
288.600,287.515,0.262832
288.610,285.052,0.280456
288.620,301.247,0.309894
288.630,310.926,0.410868
288.640,319.965,0.682258
288.650,326.784,0.828297
288.660,330.221,0.882733
288.670,330.773,0.871785
288.680,328.507,0.882498
288.690,325.773,0.859110
288.700,323.446,0.788991
288.710,321.609,0.693810
288.720,320.440,0.640453
288.730,309.798,0.487843
288.740,310.659,0.775213
288.750,316.193,0.815965
288.760,317.425,0.763343
288.770,318.891,0.778986
288.780,319.456,0.828434
288.790,317.012,0.874740
288.800,315.179,0.891271
288.810,314.701,0.838377
288.820,314.448,0.844154
288.830,314.023,0.868021
288.840,314.532,0.881944
288.850,312.429,0.897976
288.860,307.120,0.799565
288.870,301.067,0.886587
288.880,298.667,0.952320
288.890,299.885,0.903390
288.900,304.530,0.894657
288.910,310.088,0.906089
288.920,313.311,0.939459
288.930,314.323,0.914573
288.940,311.546,0.827572
288.950,299.731,0.805191
288.960,295.408,0.692823
288.970,294.568,0.426802
288.980,275.573,0.120938
288.990,250.698,0.244290
289.000,248.507,0.264916
289.010,248.051,0.095564
289.020,248.337,0.127708
289.030,1180.124,0.182518
289.040,593.390,0.222017
289.050,597.699,0.178796
289.060,595.996,0.207502
289.070,301.774,0.415452
289.080,294.803,0.521693
289.090,295.806,0.505462
289.100,297.119,0.555695
289.110,298.310,0.602557
289.120,299.724,0.514118
289.130,302.253,0.449380
289.140,301.370,0.477787
289.150,302.554,0.544529
289.160,301.514,0.474873
289.170,246.757,0.571843
289.180,246.175,0.803615
289.190,244.160,0.777298
289.200,241.100,0.758177
289.210,237.923,0.638710
289.220,236.960,0.447425
289.230,157.329,0.081415
289.240,53.289,0.165832
289.250,234.711,0.046465
289.260,453.331,0.070053
289.270,452.666,0.077345
289.280,254.904,0.122540
289.290,250.330,0.308040
289.300,242.407,0.342538
289.310,234.506,0.471244
289.320,236.356,0.310064
289.330,252.968,0.381170
289.340,263.020,0.622929
289.350,257.346,0.487324
289.360,256.156,0.575910
289.370,253.993,0.272307
289.380,296.195,0.182221
289.390,49.405,0.323053
289.400,252.609,0.419214
289.410,307.176,0.214481
289.420,301.828,0.267896
289.430,285.009,0.167515
289.440,276.678,0.340088
289.450,220.695,0.278533
289.460,224.149,0.038491
289.470,1123.618,0.029324
289.480,242.181,0.038803
289.490,1186.763,0.058101
289.500,588.276,0.053102
289.510,203.371,0.059443
289.520,1781.711,0.065366
289.530,192.819,0.040920
289.540,1819.504,0.080899
289.550,1821.869,0.127381
289.560,1805.301,0.050303
289.570,223.937,0.155597
289.580,262.788,0.262115
289.590,265.539,0.362715
289.600,268.040,0.606291
289.610,267.709,0.700680
289.620,269.528,0.439153
289.630,38.593,0.373957
289.640,270.322,0.634661
289.650,270.659,0.205386
289.660,53.305,0.093618
289.670,32.537,0.385613
289.680,52.746,0.227834
289.690,32.338,0.035976
289.700,589.578,0.078698
289.710,588.750,0.325002
289.720,356.523,0.061772
289.730,33.063,0.062822
289.740,265.724,0.201198
289.750,265.887,0.340514
289.760,266.425,0.135153
289.770,329.372,0.075055
289.780,428.792,0.129114
289.790,218.672,0.265779
289.800,241.999,0.481685
289.810,244.196,0.683135
289.820,246.447,0.277581
289.830,303.565,0.489931
289.840,314.261,0.454839
289.850,323.176,0.803884
289.860,326.607,0.832928
289.870,329.246,0.718343
289.880,330.424,0.699349
289.890,397.803,0.617041
289.900,196.105,0.439233
289.910,398.877,0.425945
289.920,400.617,0.341875
289.930,261.221,0.280980
289.940,265.716,0.282237
289.950,266.473,0.415919
289.960,265.818,0.332470
289.970,1183.047,0.075418
289.980,50.446,0.115397
289.990,49.779,0.328877
290.000,251.226,0.158444
290.010,251.007,0.247390
290.020,249.622,0.335311
290.030,250.490,0.378847
290.040,245.083,0.225886
290.050,336.170,0.473624
290.060,338.886,0.678559
290.070,343.558,0.739972
290.080,345.063,0.839460
290.090,348.484,0.837406
290.100,351.379,0.887041
290.110,354.349,0.922396
290.120,354.759,0.922390
290.130,354.654,0.922939
290.140,354.317,0.924697
290.150,354.187,0.921271
290.160,354.035,0.921316
290.170,354.925,0.904085
290.180,355.973,0.873092
290.190,357.443,0.881548
290.200,357.948,0.744288
290.210,359.209,0.454198
290.220,358.514,0.263378
290.230,331.362,0.200351
290.240,343.349,0.480935
290.250,343.732,0.777782
290.260,340.874,0.835213
290.270,338.564,0.836914
290.280,331.672,0.902647
290.290,330.445,0.951928
290.300,330.953,0.963972
290.310,333.213,0.948039
290.320,335.459,0.952338
290.330,336.965,0.939026
290.340,338.496,0.958905
290.350,339.875,0.945768
290.360,340.602,0.928101
290.370,339.999,0.924698
290.380,338.719,0.948341
290.390,336.095,0.917521
290.400,332.269,0.892765
290.410,328.739,0.890360
290.420,326.815,0.900998
290.430,324.319,0.600959
290.440,321.796,0.158602
290.450,405.220,0.091775
290.460,406.027,0.389105
290.470,403.359,0.367094
290.480,353.902,0.474047
290.490,353.927,0.817642
290.500,352.553,0.885661
290.510,353.730,0.919688
290.520,355.699,0.887717
290.530,362.026,0.911389
290.540,365.308,0.924197
290.550,365.592,0.919233
290.560,364.848,0.887567
290.570,362.855,0.896081
290.580,360.129,0.824001
290.590,356.031,0.886409
290.600,352.333,0.904797
290.610,349.163,0.929247
290.620,346.454,0.946119
290.630,345.075,0.943112
290.640,344.168,0.934082
290.650,343.663,0.947399
290.660,343.176,0.955593
290.670,342.844,0.949686
290.680,342.722,0.927236
290.690,344.125,0.866389
290.700,344.841,0.830706
290.710,343.163,0.826295
290.720,339.871,0.875437
290.730,337.529,0.883767
290.740,334.368,0.904094
290.750,335.960,0.910449
290.760,338.144,0.908683
290.770,339.955,0.909680
290.780,342.300,0.914243
290.790,341.383,0.922182
290.800,339.864,0.927890
290.810,337.165,0.933310
290.820,336.046,0.946707
290.830,335.292,0.959399
290.840,336.369,0.930176
290.850,337.038,0.926950
290.860,336.962,0.932103
290.870,337.233,0.925621
290.880,338.066,0.936603
290.890,337.717,0.914958
290.900,336.535,0.816015
290.910,334.025,0.686448
290.920,330.675,0.497114
290.930,328.974,0.448838
290.940,298.473,0.184195
290.950,148.043,0.305570
290.960,148.039,0.490954
290.970,299.776,0.518168
290.980,299.078,0.595460
290.990,299.294,0.708357
291.000,299.338,0.332818
291.010,337.968,0.449250
291.020,349.990,0.562784
291.030,358.860,0.610203
291.040,364.794,0.678156
291.050,368.822,0.707430
291.060,371.250,0.801170
291.070,370.390,0.786404
291.080,367.864,0.837863
291.090,365.391,0.853673
291.100,365.000,0.875561
291.110,362.899,0.915356
291.120,361.710,0.909428
291.130,360.822,0.892219
291.140,359.416,0.906035
291.150,356.871,0.890454
291.160,354.447,0.926466
291.170,352.369,0.897492
291.180,350.746,0.884100
291.190,347.604,0.728553
291.200,341.918,0.688775
291.210,341.897,0.859218
291.220,343.096,0.884494
291.230,342.733,0.881027
291.240,346.636,0.719876
291.250,350.578,0.745457
291.260,351.572,0.833039
291.270,352.089,0.915651
291.280,351.500,0.936705
291.290,350.010,0.950575
291.300,347.987,0.890393
291.310,345.162,0.893798
291.320,341.083,0.877366
291.330,337.007,0.824423
291.340,331.009,0.703463
291.350,326.703,0.805403
291.360,323.655,0.830771
291.370,317.643,0.671941
291.380,313.120,0.890603
291.390,312.180,0.898795
291.400,309.469,0.838657
291.410,308.169,0.746435
291.420,306.468,0.615631
291.430,302.701,0.408975
291.440,306.012,0.086107
291.450,301.543,0.514720
291.460,300.272,0.514347
291.470,296.378,0.740310
291.480,296.847,0.729462
291.490,295.087,0.846343
291.500,296.230,0.905801
291.510,297.593,0.927083
291.520,299.800,0.921532
291.530,302.471,0.944252
291.540,303.937,0.965625
291.550,304.397,0.941723
291.560,304.754,0.884425
291.570,304.414,0.716852
291.580,302.970,0.534827
291.590,300.350,0.663757
291.600,300.363,0.678853
291.610,301.490,0.667359
291.620,297.364,0.537189
291.630,285.706,0.527597
291.640,276.617,0.333631
291.650,272.417,0.431646
291.660,265.394,0.561113
291.670,262.418,0.649361
291.680,262.735,0.562512
291.690,263.571,0.493384
291.700,264.605,0.722735
291.710,266.427,0.672220
291.720,268.008,0.648566
291.730,270.027,0.750417
291.740,271.805,0.785716
291.750,272.789,0.747724
291.760,272.208,0.768869
291.770,271.730,0.793142
291.780,270.643,0.658208
291.790,270.426,0.367397
291.800,296.037,0.373866
291.810,293.180,0.684484
291.820,291.241,0.575323
291.830,292.840,0.361622
291.840,270.066,0.242387
291.850,220.267,0.242642
291.860,399.515,0.389534
291.870,396.872,0.495323
291.880,400.328,0.389405
291.890,48.387,0.140994
291.900,334.386,0.115632
291.910,331.750,0.295352
291.920,331.152,0.284327
291.930,332.020,0.138852
291.940,67.203,0.110338
291.950,543.949,0.279058
291.960,542.585,0.187081
291.970,539.397,0.137179
291.980,333.283,0.209803
291.990,332.638,0.359989
292.000,111.320,0.215319
292.010,541.989,0.173699
292.020,326.067,0.276990
292.030,299.780,0.652095
292.040,298.064,0.726606
292.050,296.142,0.682003
292.060,296.475,0.644981
292.070,297.458,0.537833
292.080,533.903,0.254886
292.090,530.077,0.241983
292.100,340.234,0.269958
292.110,337.887,0.329462
292.120,339.826,0.383700
292.130,343.465,0.722946
292.140,343.284,0.821144
292.150,342.405,0.789660
292.160,336.237,0.492462
292.170,335.734,0.494507
292.180,294.205,0.391989
292.190,270.249,0.261380
292.200,267.730,0.448785
292.210,268.250,0.382624
292.220,334.909,0.319804
292.230,133.264,0.218705
292.240,134.167,0.204154
292.250,270.334,0.363208
292.260,268.876,0.298422
292.270,336.332,0.297645
292.280,335.527,0.333793
292.290,226.121,0.226210
292.300,224.723,0.383313
292.310,225.043,0.344280
292.320,298.503,0.198186
292.330,134.494,0.171063
292.340,133.284,0.247516
292.350,131.827,0.551958
292.360,131.511,0.261721
292.370,333.935,0.442308
292.380,334.596,0.704566
292.390,335.019,0.545230
292.400,451.677,0.285922
292.410,449.455,0.338536
292.420,450.190,0.433134
292.430,450.031,0.523090
292.440,449.229,0.468072
292.450,450.359,0.103307
292.460,449.578,0.203498
292.470,669.097,0.167311
292.480,672.755,0.332906
292.490,675.948,0.244887
292.500,1332.532,0.054158
292.510,1337.330,0.066262
292.520,1068.810,0.028811
292.530,1058.569,0.044878
292.540,1598.134,0.081587
292.550,529.435,0.107392
292.560,530.724,0.172633
292.570,1056.691,0.075223
292.580,1061.218,0.129139
292.590,1054.165,0.046560
292.600,347.822,0.288067
292.610,338.471,0.322394
292.620,338.421,0.445313
292.630,1040.175,0.151036
292.640,1041.550,0.165351
292.650,1029.583,0.078756
292.660,490.909,0.184105
292.670,530.226,0.065801
292.680,533.113,0.098468
292.690,1061.716,0.191732
292.700,336.159,0.124762
292.710,334.988,0.371609
292.720,336.540,0.383630
292.730,338.234,0.273188
292.740,1344.858,0.601847
292.750,1339.535,0.483150
292.760,1338.759,0.315459
292.770,1334.288,0.526420
292.780,1339.253,0.491914
292.790,1336.053,0.362996
292.800,1336.844,0.809188
292.810,1340.328,0.288197
292.820,133.388,0.312999
292.830,267.931,0.353644
292.840,269.057,0.424836
292.850,272.145,0.599700
292.860,273.391,0.733800
292.870,271.807,0.656719
292.880,269.898,0.366638
292.890,1330.236,0.156416
292.900,1335.266,0.107930
292.910,1329.209,0.081285
292.920,250.426,0.622507
292.930,249.614,0.629719
292.940,248.950,0.734820
292.950,250.124,0.804219
292.960,250.241,0.823089
292.970,249.583,0.779121
292.980,249.682,0.696530
292.990,249.220,0.371648
293.000,367.091,0.315215
293.010,371.804,0.203676
293.020,371.014,0.287814
293.030,393.323,0.492639
293.040,398.664,0.615630
293.050,395.980,0.450673
293.060,400.490,0.369372
293.070,414.395,0.401531
293.080,424.293,0.498095
293.090,431.041,0.644934
293.100,422.810,0.598001
293.110,419.705,0.584318
293.120,415.080,0.705065
293.130,414.978,0.658008
293.140,415.059,0.472350
293.150,416.443,0.445779
293.160,417.090,0.673448
293.170,418.856,0.630959
293.180,420.364,0.546640
293.190,418.516,0.414065
293.200,251.413,0.446249
293.210,251.718,0.575235
293.220,252.985,0.667273
293.230,253.892,0.538908
293.240,254.973,0.286496
293.250,259.738,0.204558
293.260,404.324,0.515599
293.270,396.577,0.763158
293.280,394.959,0.800005
293.290,392.924,0.903772
293.300,394.643,0.906691
293.310,395.477,0.861172
293.320,394.985,0.825798
293.330,393.164,0.857712
293.340,391.981,0.864767
293.350,391.701,0.941507
293.360,391.976,0.946587
293.370,392.970,0.940588
293.380,395.125,0.902847
293.390,395.655,0.801943
293.400,394.864,0.793053
293.410,395.398,0.707156
293.420,397.823,0.754406
293.430,400.909,0.714789
293.440,401.727,0.803837
293.450,402.344,0.795803
293.460,403.808,0.872547
293.470,404.619,0.810361
293.480,405.405,0.808047
293.490,405.886,0.884890
293.500,406.328,0.870321
293.510,406.196,0.881244
293.520,405.700,0.858707
293.530,404.329,0.895618
293.540,403.336,0.922202
293.550,403.215,0.904855
293.560,402.873,0.876036
293.570,402.605,0.852880
293.580,402.290,0.878471
293.590,402.920,0.888631
293.600,404.865,0.871961
293.610,405.198,0.869196
293.620,404.361,0.869670
293.630,403.591,0.851649
293.640,399.579,0.826286
293.650,395.256,0.841826
293.660,392.740,0.878980
293.670,389.984,0.877470
293.680,386.842,0.856214
293.690,384.577,0.878512
293.700,382.857,0.835642
293.710,380.382,0.868489
293.720,377.289,0.844837
293.730,372.517,0.854571
293.740,367.731,0.830882
293.750,365.058,0.776520
293.760,363.446,0.869046
293.770,361.947,0.911797
293.780,358.599,0.919444
293.790,353.739,0.886199
293.800,348.170,0.839772
293.810,341.479,0.860553
293.820,333.428,0.875772
293.830,326.433,0.787759
293.840,321.885,0.861370
293.850,319.167,0.901086
293.860,315.558,0.881370
293.870,308.200,0.884871
293.880,304.061,0.932838
293.890,302.336,0.863382
293.900,300.196,0.671741
293.910,299.056,0.718973
293.920,297.876,0.670484
293.930,296.010,0.446256
293.940,285.858,0.538596
293.950,279.944,0.709639
293.960,279.079,0.603215
293.970,261.600,0.496678
293.980,252.860,0.423617
293.990,240.372,0.268137
294.000,296.570,0.225629
294.010,301.771,0.405913
294.020,302.224,0.262701
294.030,209.771,0.144559
294.040,249.205,0.282121
294.050,248.456,0.407963
294.060,246.504,0.365206
294.070,298.941,0.406437
294.080,299.248,0.581472
294.090,148.387,0.586112
294.100,148.850,0.673465
294.110,149.196,0.610032
294.120,301.345,0.494898
294.130,148.478,0.315829
294.140,248.401,0.301552
294.150,501.101,0.305514
294.160,250.883,0.428040
294.170,248.453,0.577811
294.180,248.325,0.662171
294.190,249.796,0.407322
294.200,302.154,0.657860
294.210,301.674,0.746973
294.220,302.508,0.861249
294.230,305.741,0.919114
294.240,310.548,0.771337
294.250,326.086,0.576393
294.260,335.270,0.790367
294.270,340.859,0.816781
294.280,347.930,0.812713
294.290,358.435,0.837950
294.300,363.321,0.910158
294.310,365.934,0.906392
294.320,368.245,0.794762
294.330,369.073,0.612974
294.340,368.955,0.493173
294.350,366.669,0.393460
294.360,366.400,0.236915
294.370,493.995,0.023487
294.380,51.499,0.041643
294.390,50.478,0.054187
294.400,403.668,0.307193
294.410,400.736,0.234403
294.420,196.037,0.215004
294.430,198.834,0.511338
294.440,350.778,0.665989
294.450,356.838,0.593265
294.460,359.659,0.783006
294.470,361.779,0.799019
294.480,361.943,0.706123
294.490,362.282,0.516981
294.500,362.104,0.686989
294.510,359.626,0.618996
294.520,356.043,0.869886
294.530,353.980,0.919986
294.540,352.644,0.897247
294.550,351.612,0.912779
294.560,351.376,0.948838
294.570,350.777,0.952484
294.580,351.010,0.952803
294.590,352.073,0.927892
294.600,352.577,0.909574
294.610,353.090,0.880874
294.620,355.508,0.790427
294.630,358.735,0.581006
294.640,359.750,0.525902
294.650,358.725,0.462591
294.660,356.315,0.608241
294.670,353.333,0.657373
294.680,345.975,0.625148
294.690,340.546,0.794406
294.700,339.012,0.862528
294.710,338.820,0.899106
294.720,341.218,0.729522
294.730,345.337,0.828552
294.740,344.208,0.768791
294.750,341.726,0.845886
294.760,341.501,0.905635
294.770,339.965,0.890136
294.780,339.613,0.890299
294.790,340.765,0.904631
294.800,343.278,0.926119
294.810,344.050,0.909502
294.820,345.356,0.906996
294.830,345.729,0.918773
294.840,346.234,0.892869
294.850,344.893,0.795639
294.860,339.196,0.570210
294.870,336.337,0.420484
294.880,334.648,0.318521
294.890,200.688,0.472878
294.900,200.229,0.594512
294.910,199.250,0.566748
294.920,198.945,0.499740
294.930,198.455,0.551595
294.940,199.653,0.560249
294.950,297.284,0.340816
294.960,330.468,0.331157
294.970,332.871,0.517403
294.980,337.679,0.521104
294.990,341.968,0.442447
295.000,351.591,0.610399
295.010,359.489,0.705929
295.020,359.913,0.840730
295.030,359.086,0.863682
295.040,356.532,0.852423
295.050,352.814,0.894758
295.060,350.149,0.933687
295.070,348.393,0.907669
295.080,347.516,0.922877
295.090,346.268,0.939547
295.100,345.010,0.925893
295.110,343.369,0.936465
295.120,341.311,0.905132
295.130,337.376,0.750203
295.140,334.086,0.558635
295.150,323.724,0.664835
295.160,320.975,0.813940
295.170,321.646,0.874560
295.180,321.679,0.884239
295.190,322.527,0.806681
295.200,329.274,0.817411
295.210,332.869,0.862819
295.220,333.929,0.929817
295.230,333.843,0.946805
295.240,332.475,0.905881
295.250,328.869,0.852743
295.260,324.614,0.804687
295.270,321.914,0.789724
295.280,314.625,0.755837
295.290,308.004,0.893741
295.300,305.563,0.942388
295.310,303.639,0.938606
295.320,302.276,0.950435
295.330,301.689,0.936551
295.340,301.331,0.895560
295.350,301.498,0.861481
295.360,301.097,0.727276
295.370,298.874,0.716463
295.380,297.596,0.851239
295.390,297.421,0.904301
295.400,297.603,0.882039
295.410,297.529,0.891030
295.420,296.771,0.898553
295.430,296.541,0.899634
295.440,296.342,0.896082
295.450,296.255,0.925474
295.460,295.886,0.952401
295.470,295.504,0.933397
295.480,295.149,0.920089
295.490,295.233,0.910091
295.500,294.808,0.907963
295.510,292.583,0.828842
295.520,289.183,0.483266
295.530,281.629,0.512666
295.540,276.335,0.794549
295.550,271.407,0.574909
295.560,265.693,0.625383
295.570,261.811,0.696147
295.580,260.255,0.850196
295.590,259.943,0.910529
295.600,259.974,0.910444
295.610,259.798,0.873912
295.620,259.928,0.853663
295.630,260.674,0.793415
295.640,262.108,0.850838
295.650,263.318,0.814072
295.660,263.792,0.705287
295.670,265.186,0.714660
295.680,133.091,0.751288
295.690,133.392,0.761626
295.700,264.277,0.682949
295.710,267.263,0.364214
295.720,273.122,0.349287
295.730,275.779,0.295513
295.740,292.006,0.574869
295.750,293.050,0.580302
295.760,296.514,0.446741
295.770,398.653,0.675212
295.780,405.353,0.371933
295.790,431.913,0.306752
295.800,429.983,0.549241
295.810,437.641,0.675292
295.820,444.173,0.649129
295.830,303.339,0.352380
295.840,302.785,0.542392
295.850,306.284,0.601130
295.860,306.055,0.386211
295.870,332.350,0.321397
295.880,332.491,0.150463
295.890,330.381,0.115079
295.900,329.467,0.171037
295.910,329.001,0.524070
295.920,328.357,0.589391
295.930,328.080,0.648357
295.940,330.011,0.490946
295.950,329.693,0.370009
295.960,297.994,0.368905
295.970,298.601,0.667151
295.980,297.352,0.729817
295.990,296.108,0.675258
296.000,295.732,0.487807
296.010,333.891,0.295543
296.020,334.589,0.321783
296.030,296.020,0.215800
296.040,74.522,0.145170
296.050,296.234,0.178264
296.060,334.828,0.272779
296.070,331.751,0.330612
296.080,297.972,0.436392
296.090,297.630,0.593260
296.100,294.937,0.509748
296.110,294.100,0.601156
296.120,294.332,0.527283
296.130,294.162,0.508205
296.140,293.856,0.291606
296.150,264.303,0.474434
296.160,263.788,0.492082
296.170,264.884,0.351998
296.180,268.539,0.328010
296.190,335.700,0.243129
296.200,335.634,0.317069
296.210,335.360,0.675359
296.220,334.818,0.774540
296.230,334.659,0.786283
296.240,272.974,0.309242
296.250,273.934,0.705692
296.260,271.999,0.832549
296.270,270.280,0.842652
296.280,267.715,0.786743
296.290,265.838,0.574605
296.300,264.868,0.433502
296.310,264.853,0.359911
296.320,226.102,0.199730
296.330,83.842,0.025563
296.340,41.393,0.206292
296.350,976.856,0.023326
296.360,668.418,0.022962
296.370,660.000,0.014093
296.380,1324.678,0.025223
296.390,1070.543,0.031299
296.400,1063.523,0.063841
296.410,350.435,0.206099
296.420,355.064,0.128619
296.430,389.698,0.080055
296.440,237.206,0.132221
296.450,242.114,0.244548
296.460,239.917,0.172115
296.470,238.351,0.122678
296.480,297.018,0.126665
296.490,331.865,0.143641
296.500,260.907,0.244487
296.510,258.492,0.251892
296.520,241.071,0.627743
296.530,246.800,0.672101
296.540,253.983,0.767020
296.550,260.104,0.778222
296.560,264.827,0.861653
296.570,266.460,0.842455
296.580,267.054,0.643022
296.590,266.631,0.500405
296.600,263.265,0.625672
296.610,265.807,0.699402
296.620,267.660,0.794690
296.630,269.612,0.818101
296.640,272.758,0.866051
296.650,274.938,0.800452
296.660,282.465,0.456725
296.670,291.569,0.547917
296.680,298.822,0.638504
296.690,308.951,0.642991
296.700,314.011,0.809075
296.710,315.622,0.877048
296.720,315.991,0.884716
296.730,314.979,0.911225
296.740,313.971,0.898441
296.750,312.592,0.922265
296.760,310.181,0.882664
296.770,305.234,0.687449
296.780,297.908,0.716422
296.790,294.939,0.404602
296.800,276.591,0.398576
296.810,267.496,0.357391
296.820,253.909,0.260471
296.830,246.817,0.095660
296.840,1039.158,0.026914
296.850,1165.910,0.044721
296.860,1175.382,0.066222
296.870,248.114,0.235103
296.880,247.611,0.392876
296.890,247.784,0.517531
296.900,249.465,0.605109
296.910,253.140,0.588936
296.920,258.275,0.430046
296.930,269.831,0.608325
296.940,275.632,0.672208
296.950,281.134,0.708065
296.960,283.235,0.740467
296.970,281.825,0.628998
296.980,276.942,0.547776
296.990,266.617,0.494096
297.000,257.891,0.406923
297.010,253.412,0.522885
297.020,303.154,0.466039
297.030,247.294,0.390274
297.040,244.012,0.576901
297.050,239.575,0.630960
297.060,236.139,0.620985
297.070,234.789,0.566924
297.080,235.996,0.463786
297.090,236.101,0.512486
297.100,236.033,0.742158
297.110,236.376,0.716168
297.120,236.058,0.590782
297.130,236.522,0.371783
297.140,236.377,0.277896
297.150,457.228,0.299607
297.160,225.982,0.339742
297.170,223.855,0.672320
297.180,223.503,0.821836
297.190,224.775,0.628680
297.200,227.650,0.475644
297.210,248.018,0.467136
297.220,261.048,0.325760
297.230,255.167,0.264802
297.240,252.773,0.424714
297.250,249.081,0.549684
297.260,254.055,0.502096
297.270,250.706,0.581642
297.280,249.846,0.706801
297.290,249.113,0.621103
297.300,245.913,0.514567
297.310,240.430,0.441100
297.320,240.444,0.414554
297.330,225.314,0.250490
297.340,454.886,0.034274
297.350,456.383,0.043246
297.360,458.856,0.018024
297.370,988.747,0.132387
297.380,990.381,0.060320
297.390,985.054,0.104353
297.400,986.950,0.134323
297.410,981.975,0.042601
297.420,983.321,0.035920
297.430,242.557,0.070041
297.440,263.569,0.254797
297.450,272.962,0.549961
297.460,271.803,0.696154
297.470,270.927,0.658629
297.480,269.572,0.623762
297.490,267.811,0.565829
297.500,267.764,0.423289
297.510,266.676,0.497885
297.520,265.790,0.607356
297.530,264.052,0.434947
297.540,263.059,0.493863
297.550,260.858,0.597390
297.560,259.569,0.401113
297.570,263.351,0.215788
297.580,265.890,0.403469
297.590,266.840,0.302590
297.600,265.663,0.403272
297.610,265.254,0.510897
297.620,265.050,0.521160
297.630,265.489,0.539370
297.640,263.978,0.362229
297.650,306.125,0.091644
297.660,308.426,0.188690
297.670,78.171,0.182067
297.680,48.797,0.275010
297.690,48.861,0.174638
297.700,64.857,0.218058
297.710,220.030,0.399452
297.720,227.418,0.623347
297.730,237.654,0.616720
297.740,250.799,0.582734
297.750,260.021,0.496542
297.760,275.713,0.628193
297.770,278.457,0.702383
297.780,279.128,0.526487
297.790,271.687,0.390969
297.800,257.181,0.362339
297.810,253.507,0.489764
297.820,253.297,0.576545
297.830,250.335,0.600521
297.840,251.948,0.777460
297.850,252.180,0.762940
297.860,255.332,0.693301
297.870,253.414,0.517131
297.880,252.492,0.247293
297.890,200.509,0.422036
297.900,199.532,0.302899
297.910,301.476,0.624295
297.920,303.266,0.850281
297.930,305.798,0.930608
297.940,307.306,0.906164
297.950,308.337,0.928906
297.960,307.609,0.932885
297.970,304.881,0.940958
297.980,302.535,0.922708
297.990,300.455,0.847546
298.000,299.186,0.909509
298.010,299.648,0.919526
298.020,300.873,0.950652
298.030,302.726,0.958269
298.040,304.983,0.977197
298.050,305.829,0.919886
298.060,306.559,0.732210
298.070,278.389,0.336329
298.080,259.031,0.622375
298.090,255.894,0.811718
298.100,254.276,0.890478
298.110,253.795,0.933804
298.120,252.509,0.920794
298.130,251.232,0.934814
298.140,252.110,0.902534
298.150,252.996,0.855330
298.160,255.723,0.624656
298.170,280.260,0.402869
298.180,288.615,0.594062
298.190,298.060,0.724657
298.200,306.928,0.746107
298.210,322.185,0.590048
298.220,335.674,0.831360
298.230,343.485,0.891796
298.240,347.345,0.957053
298.250,346.616,0.956095
298.260,343.290,0.880689
298.270,339.291,0.750568
298.280,335.048,0.626364
298.290,330.755,0.448469
298.300,296.574,0.163324
298.310,276.418,0.094720
298.320,1175.601,0.030643
298.330,1980.794,0.025732
298.340,1981.855,0.018319
298.350,1501.363,0.017697
298.360,1977.327,0.013017
298.370,135.649,0.021048
298.380,1184.329,0.084340
298.390,395.398,0.373147
298.400,362.866,0.496950
298.410,364.047,0.660364
298.420,362.655,0.886509
298.430,362.248,0.924855
298.440,359.143,0.931887
298.450,356.904,0.795468
298.460,360.706,0.518961
298.470,362.282,0.627087
298.480,362.744,0.804121
298.490,358.177,0.918027
298.500,354.917,0.958643
298.510,353.577,0.957541
298.520,352.144,0.930807
298.530,351.828,0.936951
298.540,352.163,0.935720
298.550,351.508,0.949999
298.560,350.866,0.915101
298.570,350.444,0.850802
298.580,349.111,0.696319
298.590,343.848,0.544210
298.600,339.986,0.363287
298.610,167.306,0.483912
298.620,166.220,0.325490
298.630,331.118,0.444123
298.640,330.855,0.754303
298.650,340.917,0.643921
298.660,340.315,0.798391
298.670,340.726,0.846553
298.680,339.043,0.914247
298.690,338.104,0.936168
298.700,337.669,0.928983
298.710,337.430,0.925312
298.720,337.847,0.907386
298.730,337.534,0.926857
298.740,337.902,0.944813
298.750,337.672,0.937041
298.760,338.084,0.949586
298.770,337.882,0.915331
298.780,337.497,0.838468
298.790,335.570,0.793877
298.800,332.562,0.692850
298.810,330.525,0.353535
298.820,306.860,0.471971
298.830,148.834,0.503698
298.840,298.975,0.605494
298.850,300.017,0.654487
298.860,299.934,0.804322
298.870,297.386,0.749709
298.880,298.029,0.560055
298.890,298.424,0.494090
298.900,352.732,0.420579
298.910,364.185,0.480460
298.920,368.253,0.751974
298.930,371.828,0.891983
298.940,371.798,0.881711
298.950,368.588,0.861134
298.960,363.712,0.873052
298.970,359.239,0.856132
298.980,354.178,0.913891
298.990,349.971,0.933225
299.000,347.876,0.901830
299.010,347.039,0.933277
299.020,346.907,0.936715
299.030,346.542,0.946749
299.040,346.611,0.955647
299.050,346.204,0.956600
299.060,344.622,0.907465
299.070,338.504,0.725214
299.080,332.336,0.821606
299.090,331.720,0.879545
299.100,333.968,0.924604
299.110,336.640,0.918437
299.120,338.985,0.933612
299.130,340.708,0.878340
299.140,343.925,0.856892
299.150,344.489,0.889254
299.160,344.367,0.901622
299.170,343.895,0.911725
299.180,341.197,0.856823
299.190,337.806,0.850413
299.200,333.949,0.819517
299.210,329.600,0.852235
299.220,326.647,0.838360
299.230,320.649,0.673975
299.240,312.554,0.906803
299.250,310.846,0.926953
299.260,308.693,0.961285
299.270,308.418,0.899002
299.280,307.317,0.820500
299.290,306.286,0.819505
299.300,305.554,0.789804
299.310,303.071,0.828417
299.320,301.542,0.851850
299.330,299.935,0.884111
299.340,300.301,0.875636
299.350,301.887,0.924989
299.360,302.310,0.946129
299.370,301.575,0.959747
299.380,301.987,0.968241
299.390,302.942,0.959538
299.400,303.718,0.966211
299.410,303.856,0.962285
299.420,303.383,0.939874
299.430,302.320,0.932077
299.440,301.259,0.892334
299.450,299.836,0.846979
299.460,296.236,0.715729
299.470,287.637,0.651931
299.480,277.544,0.782417
299.490,272.312,0.867889
299.500,268.360,0.869346
299.510,266.490,0.863995
299.520,265.526,0.896553
299.530,265.708,0.861041
299.540,266.085,0.730201
299.550,266.329,0.678516
299.560,266.340,0.538218
299.570,265.980,0.733064
299.580,132.700,0.723596
299.590,266.109,0.634036
299.600,266.313,0.608582
299.610,132.992,0.629131
299.620,133.118,0.537495
299.630,133.043,0.728917
299.640,132.808,0.642707
299.650,133.363,0.600882
299.660,133.798,0.544687
299.670,394.544,0.376482
299.680,396.430,0.326692
299.690,396.064,0.623351
299.700,401.371,0.822319
299.710,400.000,0.523986
299.720,403.292,0.476945
299.730,405.943,0.415769
299.740,407.681,0.521512
299.750,410.292,0.562840
299.760,410.832,0.629389
299.770,415.975,0.290378
299.780,249.635,0.260969
299.790,252.866,0.226000
299.800,62.926,0.152139
299.810,336.546,0.365437
299.820,335.031,0.506588
299.830,333.495,0.388338
299.840,332.334,0.300901
299.850,332.660,0.250867
299.860,333.078,0.177499
299.870,333.912,0.457873
299.880,334.211,0.635867
299.890,331.044,0.618413
299.900,329.798,0.613143
299.910,292.556,0.466351
299.920,291.883,0.685047
299.930,293.619,0.718756
299.940,295.457,0.608392
299.950,298.881,0.621510
299.960,297.931,0.557783
299.970,335.552,0.541365
299.980,336.623,0.383291
299.990,337.213,0.241784
300.000,342.026,0.597311
300.010,341.343,0.608463
300.020,338.547,0.362138
300.030,310.043,0.257136
300.040,294.731,0.297361
300.050,293.854,0.478396
300.060,295.516,0.546341
300.070,297.038,0.339635
300.080,133.134,0.201443
300.090,133.447,0.455947
300.100,332.644,0.209415
300.110,225.990,0.268583
300.120,225.998,0.513642
300.130,225.629,0.624274
300.140,224.859,0.469954
300.150,224.785,0.210788
300.160,267.410,0.183782
300.170,224.852,0.379710
300.180,224.741,0.407284
300.190,223.844,0.469965
300.200,223.047,0.250728
300.210,222.466,0.272628
300.220,447.460,0.196323
300.230,267.367,0.220548
300.240,267.735,0.273684
300.250,335.375,0.340093
300.260,451.899,0.169869
300.270,167.291,0.139502
300.280,83.080,0.158636
300.290,33.233,0.085546
300.300,448.352,0.161632
300.310,531.819,0.354765
300.320,334.233,0.261143
300.330,334.390,0.411517
300.340,333.975,0.526650
300.350,335.494,0.177884
300.360,1984.984,0.189325
300.370,673.634,0.145134
300.380,40.600,0.087266
300.390,33.898,0.262472
300.400,34.692,0.173332
300.410,276.176,0.081665
300.420,270.176,0.171214
300.430,268.304,0.376126
300.440,267.461,0.514659
300.450,265.459,0.177779
300.460,1050.257,0.055894
300.470,1048.761,0.116214
300.480,340.028,0.199889
300.490,341.458,0.315858
300.500,342.315,0.349905
300.510,344.131,0.340668
300.520,338.029,0.179753
300.530,1182.236,0.242814
300.540,1318.365,0.055307
300.550,174.047,0.037994
300.560,174.570,0.158736
300.570,531.197,0.112003
300.580,1327.688,0.135628
300.590,1334.330,0.203215
300.600,1337.059,0.190791
300.610,1338.634,0.244770
300.620,267.702,0.192502
300.630,1332.484,0.130953
300.640,1328.800,0.113527
300.650,1332.194,0.294215
300.660,1330.294,0.396432
300.670,1328.258,0.605224
300.680,1337.138,0.460186
300.690,1338.668,0.345821
300.700,334.547,0.346972
300.710,332.707,0.577928
300.720,326.996,0.561518
300.730,327.198,0.630050
300.740,328.158,0.593434
300.750,327.287,0.682106
300.760,330.234,0.643517
300.770,334.093,0.370416
300.780,332.174,0.121538
300.790,248.401,0.047363
300.800,251.161,0.132688
300.810,249.885,0.258899
300.820,249.971,0.301676
300.830,250.105,0.497267
300.840,250.145,0.633656
300.850,248.615,0.546650
300.860,248.473,0.212623
300.870,294.970,0.307699
300.880,295.205,0.267991
300.890,125.854,0.288071
300.900,396.677,0.258942
300.910,403.134,0.540714
300.920,406.973,0.466576
300.930,411.343,0.484918
300.940,425.907,0.557283
300.950,430.376,0.652315
300.960,437.004,0.780491
300.970,439.267,0.810323
300.980,440.319,0.680563
300.990,441.092,0.788901
301.000,441.261,0.685898
301.010,440.300,0.836500
301.020,439.455,0.739797
301.030,438.352,0.597786
301.040,62.184,0.239976
301.050,250.563,0.284995
301.060,250.923,0.642467
301.070,251.274,0.763003
301.080,251.317,0.794861
301.090,252.733,0.705946
301.100,253.932,0.600674
301.110,129.518,0.311115
301.120,388.340,0.807734
301.130,385.475,0.885842
301.140,383.397,0.879053
301.150,380.805,0.907889
301.160,378.477,0.884381
301.170,378.601,0.888440
301.180,379.631,0.917456
301.190,379.839,0.918209
301.200,380.317,0.916941
301.210,380.636,0.904911
301.220,381.243,0.902050
301.230,383.146,0.868525
301.240,385.224,0.878511
301.250,385.066,0.865975
301.260,387.995,0.839117
301.270,393.435,0.821319
301.280,401.206,0.791127
301.290,404.373,0.807083
301.300,407.848,0.886800
301.310,411.473,0.790574
301.320,414.374,0.803807
301.330,416.505,0.830137
301.340,416.276,0.909909
301.350,414.065,0.922851
301.360,411.083,0.939507
301.370,407.817,0.914726
301.380,405.360,0.860709
301.390,402.645,0.840986
301.400,402.331,0.814199
301.410,403.277,0.779729
301.420,403.091,0.796507
301.430,401.970,0.831689
301.440,401.196,0.857053
301.450,399.819,0.842576
301.460,397.928,0.897801
301.470,394.394,0.868479
301.480,392.232,0.859184
301.490,390.894,0.844955
301.500,389.066,0.831787
301.510,385.664,0.775347
301.520,382.224,0.636268
301.530,377.913,0.458558
301.540,375.593,0.662289
301.550,371.259,0.682030
301.560,367.558,0.814414
301.570,363.230,0.873250
301.580,355.753,0.913407
301.590,349.727,0.891019
301.600,343.658,0.843952
301.610,337.623,0.894728
301.620,332.315,0.736739
301.630,327.232,0.741595
301.640,322.537,0.754528
301.650,317.565,0.870275
301.660,315.441,0.932921
301.670,312.064,0.939542
301.680,309.560,0.958783
301.690,307.987,0.966027
301.700,305.988,0.958870
301.710,304.591,0.932113
301.720,301.825,0.819315
301.730,297.357,0.496068
301.740,274.306,0.618952
301.750,275.878,0.436332
301.760,285.594,0.622814
301.770,285.955,0.482102
301.780,297.119,0.444331
301.790,302.327,0.500831
301.800,263.338,0.394705
301.810,261.899,0.671308
301.820,263.623,0.699804
301.830,269.172,0.696168
301.840,275.519,0.678616
301.850,287.207,0.616801
301.860,291.296,0.745025
301.870,294.867,0.757615
301.880,299.693,0.624700
301.890,302.649,0.493598
301.900,303.585,0.452469
301.910,340.529,0.511528
301.920,345.753,0.768080
301.930,352.385,0.750102
301.940,356.460,0.919650
301.950,359.123,0.902828
301.960,362.466,0.807314
301.970,365.764,0.792839
301.980,366.354,0.805286
301.990,363.984,0.636620
302.000,359.111,0.416523
302.010,302.276,0.187156
302.020,498.703,0.131674
302.030,302.774,0.301511
302.040,302.660,0.368094
302.050,494.918,0.424601
302.060,494.129,0.390757
302.070,301.297,0.441520
302.080,301.294,0.443300
302.090,303.219,0.709849
302.100,306.731,0.662506
302.110,340.640,0.474843
302.120,340.068,0.687719
302.130,341.525,0.839687
302.140,341.756,0.857228
302.150,343.188,0.875556
302.160,341.939,0.792592
302.170,341.596,0.802811
302.180,341.989,0.809845
302.190,342.107,0.713662
302.200,343.495,0.716269
302.210,341.361,0.677459
302.220,337.749,0.643206
302.230,337.088,0.511829
302.240,337.964,0.373155
302.250,354.306,0.102985
302.260,50.291,0.442197
302.270,50.215,0.401671
302.280,996.270,0.110222
302.290,984.767,0.138666
302.300,395.892,0.088714
302.310,398.526,0.136297
302.320,399.442,0.199880
302.330,401.681,0.144686
302.340,399.368,0.219454
302.350,396.819,0.411869
302.360,364.610,0.509010
302.370,359.576,0.705551
302.380,357.967,0.777231
302.390,355.367,0.830514
302.400,350.841,0.907757
302.410,349.851,0.943508
302.420,349.915,0.953469
302.430,351.286,0.928865
302.440,353.458,0.923514
302.450,355.670,0.924487
302.460,355.040,0.925257
302.470,355.279,0.907256
302.480,356.705,0.862851
302.490,356.760,0.844878
302.500,357.595,0.801331
302.510,358.406,0.714637
302.520,357.309,0.698534
302.530,353.757,0.750519
302.540,352.563,0.736846
302.550,349.978,0.645077
302.560,347.352,0.495612
302.570,338.036,0.265408
302.580,340.910,0.420011
302.590,332.055,0.762107
302.600,332.267,0.854599
302.610,335.496,0.792333
302.620,339.065,0.724355
302.630,337.468,0.774697
302.640,337.398,0.850533
302.650,337.001,0.928683
302.660,337.001,0.919710
302.670,337.006,0.923022
302.680,337.292,0.926664
302.690,337.351,0.934551
302.700,337.850,0.942785
302.710,338.232,0.929822
302.720,338.338,0.876002
302.730,338.286,0.788652
302.740,336.266,0.683836
302.750,332.727,0.570717
302.760,326.282,0.260641
302.770,1196.591,0.088763
302.780,1000.365,0.053994
302.790,997.945,0.080845
302.800,1003.837,0.084087
302.810,1003.046,0.094878
302.820,199.431,0.347148
302.830,325.680,0.198890
302.840,333.568,0.419655
302.850,349.754,0.461132
302.860,358.408,0.531706
302.870,366.112,0.566858
302.880,366.577,0.832360
302.890,365.463,0.859421
302.900,363.135,0.866144
302.910,359.261,0.871540
302.920,354.492,0.905241
302.930,349.988,0.900310
302.940,346.661,0.921667
302.950,344.329,0.917634
302.960,342.250,0.959293
302.970,340.565,0.925417
302.980,338.870,0.949893
302.990,336.762,0.936260
303.000,334.620,0.934167
303.010,332.846,0.843619
303.020,328.032,0.608572
303.030,321.550,0.713713
303.040,321.513,0.814772
303.050,320.985,0.863067
303.060,319.433,0.895037
303.070,320.760,0.841738
303.080,325.786,0.726443
303.090,330.255,0.861519
303.100,331.117,0.901351
303.110,331.256,0.870608
303.120,329.454,0.839596
303.130,322.994,0.526033
303.140,316.622,0.493894
303.150,311.471,0.804670
303.160,311.020,0.909809
303.170,309.980,0.939033
303.180,309.984,0.921828
303.190,309.958,0.926954
303.200,309.302,0.940102
303.210,307.561,0.887548
303.220,305.516,0.802014
303.230,305.516,0.641591
303.240,305.873,0.355157
303.250,304.341,0.171981
303.260,303.247,0.569557
303.270,302.015,0.844491
303.280,302.583,0.910926
303.290,302.552,0.944108
303.300,302.110,0.948180
303.310,302.454,0.950278
303.320,302.604,0.947511
303.330,302.770,0.951363
303.340,302.957,0.941252
303.350,303.075,0.897312
303.360,302.284,0.805431
303.370,299.120,0.599437
303.380,297.221,0.480678
303.390,296.993,0.709454
303.400,297.652,0.726196
303.410,298.034,0.839705
303.420,299.132,0.884054
303.430,301.385,0.874351
303.440,300.927,0.822293
303.450,299.416,0.736674
303.460,298.305,0.610790
303.470,295.176,0.584423
303.480,295.514,0.706230
303.490,296.554,0.836542
303.500,296.865,0.871871
303.510,296.074,0.714198
303.520,294.827,0.862181
303.530,292.293,0.725137
303.540,288.590,0.769506
303.550,284.623,0.801807
303.560,281.600,0.787076
303.570,277.857,0.741034
303.580,273.224,0.793981
303.590,268.842,0.795237
303.600,266.452,0.786201
303.610,264.521,0.636990
303.620,263.219,0.480918
303.630,262.772,0.602289
303.640,262.878,0.691064
303.650,263.839,0.680449
303.660,265.151,0.782376
303.670,266.645,0.731279
303.680,537.686,0.705133
303.690,543.230,0.766877
303.700,547.024,0.561259
303.710,545.116,0.395086
303.720,274.626,0.316826
303.730,275.548,0.397191
303.740,333.569,0.162569
303.750,55.871,0.077413
303.760,65.477,0.167431
303.770,333.478,0.231699
303.780,329.921,0.249155
303.790,330.003,0.576103
303.800,328.626,0.676373
303.810,330.800,0.572536
303.820,333.503,0.485258
303.830,266.024,0.332318
303.840,301.897,0.355191
303.850,299.224,0.427219
303.860,296.191,0.442468
303.870,295.977,0.319980
303.880,296.467,0.283682
303.890,334.778,0.395103
303.900,334.700,0.378047
303.910,336.227,0.387481
303.920,445.951,0.399072
303.930,446.841,0.760475
303.940,446.481,0.758861
303.950,330.262,0.334006
303.960,292.042,0.372521
303.970,290.013,0.713964
303.980,290.919,0.771324
303.990,291.007,0.744893
304.000,294.192,0.638069
304.010,296.249,0.516325
304.020,266.284,0.204198
304.030,265.176,0.240584
304.040,265.350,0.332664
304.050,265.335,0.402638
304.060,334.465,0.403661
304.070,267.459,0.695842
304.080,267.343,0.522942
304.090,268.120,0.522373
304.100,269.108,0.572985
304.110,269.128,0.512231
304.120,268.291,0.496307
304.130,267.115,0.287692
304.140,530.231,0.168496
304.150,337.385,0.323764
304.160,336.093,0.497986
304.170,334.416,0.642453
304.180,333.207,0.822353
304.190,668.659,0.271795
304.200,333.586,0.507823
304.210,670.236,0.077492
304.220,1330.772,0.033972
304.230,1165.358,0.017077
304.240,1100.355,0.017275
304.250,1086.713,0.032192
304.260,1044.079,0.022050
304.270,1043.993,0.040425
304.280,351.551,0.334703
304.290,388.074,0.167050
304.300,432.321,0.118450
304.310,220.952,0.126610
304.320,222.231,0.210800
304.330,252.047,0.289703
304.340,236.524,0.186313
304.350,437.833,0.208959
304.360,432.266,0.381488
304.370,429.664,0.194501
304.380,326.430,0.160491
304.390,226.560,0.286637
304.400,232.028,0.368765
304.410,237.993,0.557925
304.420,240.805,0.798148
304.430,242.769,0.834315
304.440,246.178,0.712023
304.450,251.644,0.627065
304.460,301.057,0.363623
304.470,298.686,0.351523
304.480,296.325,0.424275
304.490,294.366,0.291252
304.500,329.095,0.298218
304.510,299.542,0.313121
304.520,396.074,0.351514
304.530,297.938,0.227240
304.540,270.082,0.447357
304.550,271.774,0.670902
304.560,274.889,0.879776
304.570,277.600,0.884141
304.580,278.728,0.896930
304.590,279.938,0.873217
304.600,282.636,0.885072
304.610,283.374,0.926229
304.620,283.408,0.924235
304.630,284.714,0.948977
304.640,286.137,0.922767
304.650,287.655,0.942608
304.660,289.140,0.889789
304.670,288.665,0.900525
304.680,285.403,0.879307
304.690,281.112,0.752850
304.700,275.853,0.744538
304.710,267.484,0.767114
304.720,265.447,0.696641
304.730,273.856,0.738285
304.740,274.046,0.736819
304.750,273.150,0.815439
304.760,272.451,0.857574
304.770,271.575,0.779282
304.780,270.401,0.499177
304.790,274.779,0.417238
304.800,277.269,0.484895
304.810,278.324,0.664248
304.820,276.226,0.756519
304.830,275.114,0.660204
304.840,275.636,0.363290
304.850,249.899,0.723531
304.860,249.468,0.700560
304.870,248.174,0.685028
304.880,244.133,0.523370
304.890,470.829,0.373029
304.900,469.181,0.567860
304.910,469.966,0.674947
304.920,236.961,0.449862
304.930,237.534,0.690232
304.940,239.817,0.728767
304.950,242.708,0.666912
304.960,243.673,0.786652
304.970,240.180,0.634393
304.980,233.290,0.479199
304.990,230.821,0.730510
305.000,229.888,0.804436
305.010,228.503,0.811623
305.020,225.921,0.742395
305.030,224.899,0.766197
305.040,224.353,0.836872
305.050,224.471,0.819399
305.060,223.870,0.680767
305.070,223.824,0.311329
305.080,250.171,0.427500
305.090,250.210,0.408935
305.100,301.737,0.408068
305.110,249.291,0.386782
305.120,250.166,0.565465
305.130,299.009,0.366820
305.140,252.383,0.365825
305.150,129.119,0.201125
305.160,130.132,0.322284
305.170,144.260,0.115499
305.180,48.777,0.212427
305.190,48.511,0.078026
305.200,45.493,0.046278
305.210,226.814,0.013082
305.220,893.604,0.036976
305.230,446.645,0.064641
305.240,1204.555,0.043517
305.250,816.301,0.035203
305.260,1852.901,0.059342
305.270,1847.780,0.188841
305.280,230.055,0.274522
305.290,233.512,0.330582
305.300,230.374,0.302853
305.310,255.347,0.310685
305.320,258.220,0.222376
305.330,264.400,0.099532
305.340,266.269,0.396569
305.350,268.151,0.496540
305.360,225.160,0.346554
305.370,44.794,0.143470
305.380,44.992,0.480670
305.390,266.951,0.096153
305.400,265.728,0.202068
305.410,268.530,0.085682
305.420,32.621,0.301588
305.430,32.737,0.121381
305.440,291.355,0.119634
305.450,251.956,0.148294
305.460,1228.514,0.031929
305.470,121.600,0.015769
305.480,33.551,0.031003
305.490,33.492,0.037236
305.500,37.036,0.076073
305.510,75.990,0.126308
305.520,37.695,0.027911
305.530,129.569,0.020724
305.540,32.255,0.044728
305.550,34.122,0.053072
305.560,34.182,0.253618
305.570,50.408,0.100184
305.580,49.770,0.269548
305.590,51.465,0.343478
305.600,258.696,0.282472
305.610,295.019,0.363469
305.620,292.454,0.527847
305.630,293.773,0.183679
305.640,50.555,0.126315
305.650,50.055,0.322713
305.660,288.039,0.126135
305.670,84.347,0.262674
305.680,83.429,0.227297
305.690,419.272,0.177628
305.700,141.933,0.208748
305.710,139.371,0.240477
305.720,404.587,0.287718
305.730,204.015,0.309466
305.740,201.688,0.353085
305.750,250.506,0.604268
305.760,248.744,0.597060
305.770,245.330,0.579157
305.780,245.466,0.673487
305.790,248.134,0.389666
305.800,291.253,0.312978
305.810,297.024,0.836623
305.820,298.810,0.903390
305.830,300.437,0.927185
305.840,302.367,0.944087
305.850,302.294,0.934466
305.860,298.936,0.896310
305.870,295.665,0.934436
305.880,295.673,0.951912
305.890,296.619,0.924827
305.900,297.686,0.944903
305.910,298.577,0.948575
305.920,300.239,0.923144
305.930,300.987,0.932840
305.940,300.754,0.892388
305.950,294.306,0.758069
305.960,288.510,0.645952
305.970,275.888,0.478924
305.980,274.411,0.684111
305.990,280.718,0.727618
306.000,280.273,0.805119
306.010,282.368,0.805123
306.020,283.252,0.490679
306.030,302.069,0.473308
306.040,309.696,0.776304
306.050,312.915,0.929142
306.060,316.873,0.853668
306.070,325.655,0.732933
306.080,334.463,0.837020
306.090,341.899,0.872117
306.100,348.274,0.930027
306.110,352.805,0.943867
306.120,354.520,0.964068
306.130,352.919,0.937427
306.140,350.126,0.939608
306.150,349.775,0.860222
306.160,349.361,0.564701
306.170,348.808,0.461558
306.180,349.340,0.110656
306.190,1976.026,0.029632
306.200,1981.811,0.027288
306.210,403.808,0.205957
306.220,403.611,0.390480
306.230,402.422,0.040661
306.240,400.858,0.046684
306.250,350.385,0.149036
306.260,352.145,0.467503
306.270,359.278,0.463941
306.280,359.200,0.739224
306.290,358.126,0.892180
306.300,356.310,0.907909
306.310,352.377,0.915488
306.320,350.974,0.864244
306.330,357.774,0.638147
306.340,362.371,0.646567
306.350,357.013,0.863887
306.360,354.485,0.960316
306.370,355.237,0.958719
306.380,354.727,0.961780
306.390,354.342,0.962303
306.400,353.638,0.950217
306.410,353.050,0.912261
306.420,351.209,0.925638
306.430,348.098,0.832496
306.440,342.538,0.660215
306.450,341.770,0.641719
306.460,338.758,0.572095
306.470,331.939,0.664964
306.480,329.429,0.835122
306.490,326.060,0.876783
306.500,329.718,0.807026
306.510,333.682,0.779589
306.520,335.418,0.858731
306.530,336.977,0.908167
306.540,337.707,0.954132
306.550,337.215,0.938178
306.560,335.513,0.930480
306.570,334.241,0.946998
306.580,332.828,0.934159
306.590,332.257,0.918981
306.600,332.498,0.932414
306.610,332.316,0.944323
306.620,333.226,0.936985
306.630,332.439,0.887921
306.640,330.877,0.783850
306.650,328.226,0.569293
306.660,304.150,0.579958
306.670,303.501,0.704961
306.680,300.756,0.693267
306.690,298.495,0.551368
306.700,296.630,0.455570
306.710,298.165,0.153310
306.720,299.794,0.387519
306.730,301.928,0.593274
306.740,100.408,0.575240
306.750,100.171,0.379687
306.760,330.644,0.436077
306.770,339.359,0.677777
306.780,346.234,0.773519
306.790,350.753,0.816517
306.800,354.073,0.919502
306.810,357.044,0.919448
306.820,355.372,0.929331
306.830,352.385,0.902509
306.840,348.443,0.895301
306.850,344.456,0.900228
306.860,340.771,0.896576
306.870,337.103,0.938119
306.880,335.632,0.948767
306.890,334.361,0.966603
306.900,333.183,0.941083
306.910,331.110,0.930053
306.920,327.080,0.729683
306.930,321.264,0.732464
306.940,319.168,0.841673
306.950,318.664,0.846222
306.960,321.081,0.852381
306.970,324.651,0.829964
306.980,330.997,0.826438
306.990,333.081,0.883663
307.000,333.973,0.922155
307.010,334.670,0.949085
307.020,333.542,0.956856
307.030,332.413,0.927919
307.040,329.716,0.929178
307.050,325.803,0.899938
307.060,320.543,0.867528
307.070,316.516,0.895056
307.080,313.447,0.868786
307.090,310.446,0.831022
307.100,309.119,0.845121
307.110,304.506,0.857140
307.120,301.287,0.868904
307.130,299.016,0.872389
307.140,296.675,0.790628
307.150,296.423,0.703364
307.160,298.617,0.557058
307.170,300.478,0.503657
307.180,296.752,0.789362
307.190,298.191,0.877325
307.200,297.192,0.908041
307.210,296.916,0.868565
307.220,296.626,0.876596
307.230,295.788,0.880046
307.240,295.586,0.895654
307.250,296.232,0.915690
307.260,296.761,0.928462
307.270,296.887,0.934502
307.280,296.936,0.890619
307.290,294.975,0.872811
307.300,291.750,0.593804
307.310,286.439,0.565312
307.320,336.067,0.412621
307.330,267.621,0.394208
307.340,265.788,0.642394
307.350,265.276,0.789790
307.360,264.406,0.767776
307.370,132.042,0.603011
307.380,131.871,0.748260
307.390,131.638,0.840260
307.400,262.709,0.775344
307.410,263.035,0.578758
307.420,264.069,0.412540
307.430,528.626,0.396586
307.440,131.874,0.509279
307.450,132.200,0.714464
307.460,132.173,0.648091
307.470,132.170,0.616088
307.480,132.420,0.745661
307.490,132.675,0.724045
307.500,133.116,0.759370
307.510,133.677,0.730493
307.520,401.829,0.691292
307.530,401.251,0.763450
307.540,397.202,0.541983
307.550,145.780,0.196489
307.560,398.071,0.398768
307.570,146.962,0.454195
307.580,148.251,0.194097
307.590,205.439,0.379485
307.600,205.585,0.288311
307.610,204.371,0.406047
307.620,418.158,0.292459
307.630,417.725,0.369843
307.640,461.160,0.271156
307.650,252.743,0.309839
307.660,276.997,0.155046
307.670,275.802,0.270992
307.680,273.675,0.432438
307.690,275.169,0.432554
307.700,275.491,0.255998
307.710,330.740,0.156745
307.720,55.315,0.254876
307.730,332.788,0.313202
307.740,334.649,0.312767
307.750,334.276,0.419440
307.760,333.414,0.761043
307.770,332.472,0.679828
307.780,293.377,0.425961
307.790,292.568,0.578870
307.800,294.044,0.550758
307.810,296.541,0.386707
307.820,300.261,0.421282
307.830,298.376,0.439257
307.840,336.141,0.339575
307.850,132.959,0.289375
307.860,341.299,0.435663
307.870,342.110,0.744318
307.880,342.813,0.817442
307.890,341.410,0.681807
307.900,333.375,0.408743
307.910,330.829,0.381163
307.920,334.191,0.399864
307.930,295.613,0.310680
307.940,296.435,0.235522
307.950,534.810,0.211556
307.960,132.636,0.254035
307.970,133.161,0.183332
307.980,134.009,0.187019
307.990,226.757,0.113867
308.000,336.086,0.198641
308.010,336.762,0.476568
308.020,335.849,0.604103
308.030,335.247,0.481242
308.040,334.830,0.281151
308.050,224.290,0.222272
308.060,224.270,0.141648
308.070,133.266,0.410211
308.080,132.541,0.687652
308.090,132.097,0.489165
308.100,333.603,0.656563
308.110,333.682,0.809817
308.120,334.482,0.830215
308.130,334.384,0.773306
308.140,332.635,0.141641
308.150,49.290,0.170856
308.160,49.240,0.148161
308.170,134.456,0.293002
308.180,132.999,0.428284
308.190,534.497,0.231643
308.200,534.070,0.318963
308.210,534.266,0.150091
308.220,1985.876,0.110253
308.230,447.886,0.224844
308.240,134.982,0.102039
308.250,90.284,0.217920
308.260,90.771,0.276230
308.270,541.033,0.137750
308.280,533.634,0.545289
308.290,532.942,0.855863
308.300,532.992,0.889620
308.310,532.786,0.860646
308.320,530.727,0.823138
308.330,528.658,0.513202
308.340,1052.253,0.266636
308.350,267.014,0.360470
308.360,267.130,0.564512
308.370,266.585,0.567493
308.380,266.140,0.264174
308.390,396.918,0.095562
308.400,331.410,0.047101
308.410,32.736,0.041152
308.420,54.801,0.009808
308.430,1330.520,0.050908
308.440,1326.298,0.050623
308.450,1326.898,0.298108
308.460,1333.089,0.365967
308.470,269.924,0.307588
308.480,337.196,0.129901
308.490,322.122,0.094997
308.500,368.562,0.168560
308.510,194.193,0.434108
308.520,199.194,0.343619
308.530,208.012,0.392872
308.540,215.212,0.626897
308.550,219.381,0.838740
308.560,222.169,0.850118
308.570,224.408,0.609613
308.580,446.268,0.509677
308.590,447.873,0.348753
308.600,288.268,0.548145
308.610,298.117,0.734920
308.620,306.623,0.621455
308.630,314.517,0.668747
308.640,322.053,0.725947
308.650,327.850,0.579552
308.660,333.014,0.466231
308.670,335.872,0.406184
308.680,412.722,0.571403
308.690,423.262,0.528059
308.700,424.878,0.609306
308.710,427.452,0.792407
308.720,427.298,0.850463
308.730,424.241,0.822829
308.740,417.130,0.901224
308.750,415.701,0.889940
308.760,418.531,0.766422
308.770,429.124,0.730305
308.780,433.855,0.761339
308.790,434.969,0.528214
308.800,436.430,0.333845
308.810,437.059,0.421555
308.820,437.333,0.658685
308.830,438.592,0.739272
308.840,441.838,0.758705
308.850,443.681,0.668993
308.860,446.287,0.418536
308.870,479.898,0.338273
308.880,485.950,0.203450
308.890,980.740,0.103668
308.900,1408.196,0.119226
308.910,252.037,0.261478
308.920,253.329,0.456742
308.930,258.711,0.416544
308.940,262.633,0.418869
308.950,133.087,0.553705
308.960,400.445,0.529118
308.970,399.501,0.724462
308.980,398.549,0.880200
308.990,394.301,0.865233
309.000,389.873,0.849541
309.010,388.746,0.862955
309.020,391.367,0.830298
309.030,394.950,0.520267
309.040,397.974,0.484638
309.050,400.447,0.833236
309.060,404.072,0.887837
309.070,407.426,0.929355
309.080,408.397,0.911564
309.090,408.064,0.909128
309.100,408.701,0.866789
309.110,410.399,0.837671
309.120,410.461,0.720112
309.130,405.112,0.145860
309.140,1225.067,0.031881
309.150,1402.458,0.026507
309.160,1970.937,0.018713
309.170,1976.496,0.016257
309.180,1184.705,0.036633
309.190,1974.670,0.019864
309.200,1771.882,0.025884
309.210,302.081,0.064611
309.220,362.375,0.326960
309.230,360.778,0.699345
309.240,361.877,0.786989
309.250,362.771,0.812807
309.260,359.691,0.823985
309.270,353.365,0.775570
309.280,344.901,0.798689
309.290,341.670,0.923690
309.300,343.330,0.875967
309.310,346.767,0.928621
309.320,347.897,0.937546
309.330,346.830,0.956413
309.340,345.901,0.957385
309.350,346.065,0.959595
309.360,346.654,0.958796
309.370,348.589,0.949329
309.380,350.703,0.970263
309.390,351.273,0.963094
309.400,349.483,0.949743
309.410,346.853,0.927880
309.420,344.613,0.861695
309.430,343.803,0.778592
309.440,344.727,0.506915
309.450,360.191,0.530043
309.460,361.528,0.415388
309.470,365.207,0.436917
309.480,367.944,0.646862
309.490,369.050,0.824603
309.500,371.105,0.914932
309.510,372.402,0.891428
309.520,373.014,0.846880
309.530,372.810,0.858783
309.540,372.998,0.851260
309.550,372.810,0.862340
309.560,372.164,0.877612
309.570,371.737,0.899989
309.580,371.183,0.898902
309.590,368.878,0.826197
309.600,364.858,0.836564
309.610,361.581,0.677861
309.620,357.637,0.264012
309.630,290.085,0.320667
309.640,292.393,0.534313
309.650,298.307,0.733616
309.660,302.256,0.855943
309.670,304.244,0.902405
309.680,305.082,0.877701
309.690,306.226,0.816373
309.700,308.691,0.811426
309.710,311.187,0.787100
309.720,313.339,0.730043
309.730,310.313,0.605001
309.740,302.064,0.748871
309.750,298.614,0.897333
309.760,298.109,0.918090
309.770,300.178,0.891613
309.780,303.916,0.913137
309.790,308.801,0.871809
309.800,316.613,0.719426
309.810,327.392,0.601895
309.820,338.425,0.582320
309.830,346.645,0.805078
309.840,348.597,0.789423
309.850,345.944,0.786633
309.860,341.238,0.545159
309.870,335.146,0.428801
309.880,333.281,0.181026
309.890,149.520,0.118756
309.900,497.473,0.432974
309.910,302.750,0.760776
309.920,302.110,0.830493
309.930,300.694,0.849038
309.940,300.356,0.841164
309.950,303.486,0.602197
309.960,330.756,0.538756
309.970,331.186,0.820310
309.980,331.808,0.930019
309.990,333.422,0.925126
310.000,337.904,0.906123
310.010,341.935,0.914460
310.020,343.461,0.937104
310.030,343.583,0.900732
310.040,345.019,0.901358
310.050,345.340,0.925747
310.060,345.124,0.920560
310.070,344.643,0.892081
310.080,342.302,0.920884
310.090,338.150,0.905549
310.100,335.164,0.865437
310.110,333.951,0.700570
310.120,331.334,0.176403
310.130,1976.630,0.029649
310.140,1973.996,0.028313
310.150,1973.466,0.049550
310.160,399.591,0.215141
310.170,401.071,0.182832
310.180,322.735,0.245640
310.190,331.931,0.416355
310.200,343.262,0.625351
310.210,345.787,0.794543
310.220,349.578,0.864993
310.230,352.195,0.880580
310.240,352.991,0.923340
310.250,352.390,0.911824
310.260,350.171,0.937475
310.270,349.017,0.940751
310.280,349.947,0.954521
310.290,352.296,0.919351
310.300,353.815,0.950472
310.310,353.869,0.951341
310.320,353.158,0.942319
310.330,353.424,0.940089
310.340,353.861,0.940115
310.350,353.353,0.936010
310.360,352.905,0.915737
310.370,351.377,0.890969
310.380,349.437,0.611651
310.390,348.113,0.147771
310.400,1184.821,0.077647
310.410,1178.508,0.129996
310.420,340.899,0.627470
310.430,337.603,0.820875
310.440,336.319,0.877283
310.450,334.824,0.956714
310.460,333.816,0.952821
310.470,332.049,0.950508
310.480,331.490,0.956488
310.490,332.535,0.921073
310.500,334.771,0.920085
310.510,338.950,0.886593
310.520,341.923,0.923596
310.530,342.041,0.954566
310.540,341.617,0.948550
310.550,340.754,0.913751
310.560,339.689,0.892352
310.570,337.649,0.895653
310.580,335.037,0.903390
310.590,330.256,0.884223
310.600,325.836,0.773240
310.610,323.451,0.683698
310.620,327.469,0.641536
310.630,328.998,0.540944
310.640,1977.026,0.081685
310.650,300.887,0.419323
310.660,298.238,0.778818
310.670,296.426,0.791574
310.680,297.388,0.814545
310.690,297.938,0.821038
310.700,299.274,0.744671
310.710,322.526,0.406134
310.720,333.614,0.427059
310.730,346.849,0.597217
310.740,351.244,0.680468
310.750,354.858,0.860447
310.760,356.886,0.903953
310.770,355.826,0.935241
310.780,352.710,0.923229
310.790,348.224,0.893422
310.800,342.260,0.917637
310.810,338.002,0.935246
310.820,336.289,0.919294
310.830,335.371,0.945965
310.840,333.942,0.957254
310.850,332.666,0.939480
310.860,331.523,0.967734
310.870,330.915,0.960093
310.880,330.321,0.897622
310.890,329.053,0.558193
310.900,303.644,0.736127
310.910,303.071,0.917410
310.920,306.242,0.905935
310.930,317.467,0.568436
310.940,327.859,0.810162
310.950,328.189,0.920842
310.960,328.699,0.923620
310.970,327.688,0.936372
310.980,324.435,0.881197
310.990,321.621,0.825682
311.000,316.582,0.765414
311.010,311.455,0.823984
311.020,306.455,0.824265
311.030,302.587,0.888521
311.040,300.283,0.879069
311.050,299.344,0.920309
311.060,298.492,0.937097
311.070,297.910,0.942378
311.080,297.476,0.907681
311.090,297.225,0.849658
311.100,297.768,0.794828
311.110,297.894,0.723026
311.120,297.581,0.733564
311.130,296.967,0.830022
311.140,295.727,0.800273
311.150,294.257,0.740372
311.160,294.034,0.678311
311.170,293.973,0.558629
311.180,292.283,0.561987
311.190,294.443,0.816237
311.200,294.257,0.757619
311.210,298.022,0.693992
311.220,300.011,0.636946
311.230,299.901,0.729272
311.240,298.057,0.718867
311.250,294.533,0.781893
311.260,290.493,0.736420
311.270,281.299,0.622088
311.280,273.960,0.772717
311.290,264.405,0.790047
311.300,260.811,0.882677
311.310,259.314,0.919572
311.320,258.876,0.925704
311.330,259.916,0.892429
311.340,261.413,0.830232
311.350,265.517,0.836741
311.360,267.070,0.731466
311.370,133.348,0.666692
311.380,133.125,0.775703
311.390,132.288,0.673010
311.400,262.084,0.824445
311.410,260.202,0.864593
311.420,260.041,0.847912
311.430,259.761,0.763881
311.440,260.232,0.714276
311.450,260.470,0.579661
311.460,261.466,0.549654
311.470,263.467,0.338305
311.480,291.214,0.259144
311.490,289.730,0.396187
311.500,291.053,0.543601
311.510,295.863,0.481815
311.520,300.794,0.386742
311.530,398.954,0.266551
311.540,437.079,0.252869
311.550,443.128,0.719793
311.560,448.559,0.711810
311.570,455.219,0.434467
311.580,301.832,0.207161
311.590,305.178,0.366047
311.600,331.263,0.284333
311.610,331.138,0.244310
311.620,333.427,0.370955
311.630,332.123,0.282580
311.640,330.593,0.344837
311.650,331.139,0.433292
311.660,329.888,0.627961
311.670,329.396,0.645651
311.680,330.832,0.860593
311.690,331.690,0.858740
311.700,330.053,0.650966
311.710,327.944,0.446121
311.720,298.946,0.568830
311.730,297.623,0.538053
311.740,294.542,0.560522
311.750,333.647,0.439287
311.760,334.932,0.294808
311.770,297.675,0.323315
311.780,336.223,0.249915
311.790,268.770,0.169497
311.800,448.841,0.353260
311.810,447.208,0.594914
311.820,446.634,0.357367
311.830,272.484,0.298440
311.840,291.550,0.255686
311.850,292.372,0.385313
311.860,293.046,0.496839
311.870,295.197,0.359750
311.880,297.336,0.431657
311.890,265.697,0.425334
311.900,263.944,0.587361
311.910,264.043,0.645897
311.920,266.507,0.714561
311.930,266.257,0.665531
311.940,266.127,0.678270
311.950,269.659,0.706385
311.960,270.307,0.767621
311.970,270.124,0.836031
311.980,268.668,0.797584
311.990,267.548,0.648957
312.000,269.068,0.739296
312.010,270.813,0.808352
312.020,271.238,0.795749
312.030,271.176,0.449409
312.040,266.342,0.240004
312.050,260.227,0.192248
312.060,248.624,0.155237
312.070,992.078,0.331939
312.080,988.807,0.283619
312.090,665.865,0.061273
312.100,1329.071,0.034870
312.110,1326.932,0.034024
312.120,1078.563,0.071983
312.130,1074.187,0.077137
312.140,343.868,0.082684
312.150,351.184,0.326906
312.160,392.709,0.263139
312.170,396.971,0.190617
312.180,390.063,0.163719
312.190,392.979,0.225636
312.200,242.102,0.231388
312.210,240.295,0.385737
312.220,271.093,0.243322
312.230,275.454,0.359537
312.240,283.276,0.484255
312.250,292.367,0.457658
312.260,299.879,0.594974
312.270,311.614,0.620249
312.280,316.876,0.817472
312.290,321.985,0.763193
312.300,324.560,0.852411
312.310,324.318,0.910437
312.320,322.290,0.905936
312.330,318.003,0.882090
312.340,315.170,0.923916
312.350,313.189,0.923298
312.360,309.897,0.925679
312.370,307.844,0.922589
312.380,304.739,0.928120
312.390,301.926,0.927725
312.400,299.812,0.914061
312.410,299.020,0.940569
312.420,299.523,0.934289
312.430,301.606,0.933249
312.440,303.742,0.888665
312.450,304.816,0.892308
312.460,303.391,0.862468
312.470,302.046,0.920160
312.480,301.498,0.942148
312.490,300.778,0.937182
312.500,300.231,0.916327
312.510,300.121,0.917679
312.520,299.290,0.938038
312.530,298.327,0.959031
312.540,297.775,0.965302
312.550,297.543,0.958488
312.560,296.242,0.940108
312.570,294.278,0.901163
312.580,290.835,0.681660
312.590,284.162,0.520231
312.600,252.988,0.661183
312.610,249.064,0.784734
312.620,250.100,0.807545
312.630,249.485,0.823656
312.640,253.776,0.855710
312.650,255.429,0.746892
312.660,255.737,0.676116
312.670,256.129,0.565448
312.680,283.217,0.301427
312.690,274.344,0.451085
312.700,270.008,0.706021
312.710,271.791,0.645924
312.720,274.517,0.465731
312.730,274.341,0.504721
312.740,269.856,0.659609
312.750,266.407,0.837458
312.760,263.082,0.755935
312.770,255.602,0.669667
312.780,250.395,0.757916
312.790,243.632,0.674840
312.800,236.987,0.809221
312.810,234.649,0.887280
312.820,232.361,0.780761
312.830,231.051,0.673578
312.840,230.483,0.367562
312.850,229.426,0.496347
312.860,228.100,0.634180
312.870,226.444,0.631172
312.880,226.020,0.693417
312.890,229.208,0.366577
312.900,242.228,0.343972
312.910,239.367,0.529358
312.920,240.642,0.549947
312.930,238.802,0.445023
312.940,241.693,0.178179
312.950,277.469,0.286389
312.960,303.798,0.275956
312.970,254.451,0.451632
312.980,251.895,0.290897
312.990,300.600,0.234690
313.000,49.480,0.051560
313.010,250.648,0.084853
313.020,301.374,0.115452
313.030,300.069,0.300460
313.040,300.551,0.182702
313.050,274.917,0.329094
313.060,144.476,0.184939
313.070,163.795,0.114079
313.080,154.248,0.096818
313.090,451.568,0.060316
313.100,456.300,0.034297
313.110,460.344,0.058854
313.120,1852.705,0.045350
313.130,397.357,0.127704
313.140,147.339,0.178135
313.150,147.924,0.118119
313.160,241.937,0.260985
313.170,243.835,0.323475
313.180,258.880,0.457843
313.190,267.610,0.510712
313.200,269.287,0.767413
313.210,269.859,0.793293
313.220,268.103,0.691105
313.230,266.029,0.681469
313.240,267.273,0.702933
313.250,267.009,0.718213
313.260,267.906,0.585544
313.270,268.561,0.620411
313.280,224.313,0.556996
313.290,223.838,0.482339
313.300,444.035,0.178095
313.310,266.778,0.047179
313.320,444.964,0.052501
313.330,1087.512,0.015578
313.340,33.273,0.043043
313.350,49.364,0.043313
313.360,41.230,0.063669
313.370,265.900,0.049778
313.380,35.242,0.063435
313.390,254.713,0.098824
313.400,256.035,0.257659
313.410,256.761,0.065672
313.420,259.754,0.181149
313.430,301.114,0.186562
313.440,328.094,0.433761
313.450,330.274,0.443778
313.460,348.628,0.514689
313.470,352.879,0.706988
313.480,307.022,0.237488
313.490,304.666,0.302515
313.500,245.217,0.361555
313.510,244.886,0.423024
313.520,247.794,0.487768
313.530,251.345,0.560931
313.540,252.624,0.181484
313.550,253.033,0.444864
313.560,253.039,0.719658
313.570,256.721,0.757470
313.580,254.109,0.836295
313.590,253.243,0.843351
313.600,251.433,0.761558
313.610,250.295,0.705658
313.620,250.436,0.599110
313.630,250.239,0.628897
313.640,246.138,0.682883
313.650,254.208,0.338750
313.660,276.020,0.296604
313.670,294.708,0.508639
313.680,296.404,0.774232
313.690,297.284,0.857154
313.700,297.686,0.882058
313.710,295.976,0.817501
313.720,292.962,0.826948
313.730,290.715,0.830730
313.740,288.601,0.900575
313.750,286.884,0.932804
313.760,287.661,0.941455
313.770,290.186,0.905741
313.780,293.572,0.928743
313.790,294.967,0.933329
313.800,293.370,0.726799
313.810,282.387,0.596946
313.820,272.722,0.784163
313.830,272.125,0.878482
313.840,273.083,0.931057
313.850,272.290,0.899403
313.860,270.344,0.851406
313.870,269.364,0.888054
313.880,270.739,0.709735
313.890,277.198,0.329493
313.900,293.246,0.699849
313.910,294.837,0.866726
313.920,298.602,0.894437
313.930,305.741,0.806639
313.940,320.680,0.682247
313.950,332.851,0.871130
313.960,340.175,0.895255
313.970,345.453,0.954019
313.980,346.689,0.969705
313.990,347.653,0.934317
314.000,349.494,0.888534
314.010,349.558,0.789892
314.020,338.659,0.563217
314.030,330.037,0.693830
314.040,326.031,0.261417
314.050,324.479,0.233503
314.060,1180.560,0.217338
314.070,1191.780,0.057604
314.080,1195.390,0.060370
314.090,1199.449,0.049411
314.100,98.593,0.094018
314.110,197.619,0.111010
314.120,340.309,0.262034
314.130,342.890,0.522096
314.140,341.536,0.602288
314.150,341.499,0.810377
314.160,342.651,0.934449
314.170,342.917,0.947059
314.180,343.363,0.925934
314.190,344.191,0.885277
314.200,345.782,0.914987
314.210,347.005,0.932679
314.220,348.076,0.925349
314.230,349.215,0.951524
314.240,349.629,0.961171
314.250,350.655,0.967248
314.260,352.214,0.945930
314.270,352.148,0.950452
314.280,351.180,0.964439
314.290,350.108,0.961645
314.300,348.669,0.907505
314.310,344.098,0.773802
314.320,335.468,0.770847
314.330,332.725,0.839875
314.340,330.759,0.841518
314.350,328.980,0.860391
314.360,326.292,0.896938
314.370,326.823,0.887242
314.380,329.348,0.835304
314.390,331.849,0.894898
314.400,332.477,0.930337
314.410,331.696,0.965907
314.420,330.229,0.958169
314.430,329.055,0.939229
314.440,328.331,0.943596
314.450,327.813,0.952851
314.460,327.680,0.956321
314.470,327.894,0.948299
314.480,327.444,0.945716
314.490,326.855,0.947787
314.500,326.835,0.943539
314.510,326.808,0.917020
314.520,325.265,0.882612
314.530,322.640,0.876600
314.540,320.401,0.746580
314.550,321.324,0.591338
314.560,323.526,0.405807
314.570,989.728,0.203515
314.580,1203.340,0.076670
314.590,149.391,0.331235
314.600,148.594,0.431739
314.610,201.841,0.535794
314.620,327.032,0.245975
314.630,330.804,0.598518
314.640,333.068,0.569671
314.650,342.337,0.485697
314.660,350.188,0.520755
314.670,356.826,0.709499
314.680,361.479,0.722648
314.690,361.222,0.883675
314.700,359.653,0.885716
314.710,355.815,0.895812
314.720,352.559,0.901917
314.730,349.971,0.945164
314.740,347.601,0.904997
314.750,345.125,0.917979
314.760,343.606,0.896441
314.770,342.768,0.899315
314.780,340.971,0.854465
314.790,337.807,0.608090
314.800,327.439,0.596723
314.810,322.886,0.859042
314.820,322.444,0.834325
314.830,322.246,0.838548
314.840,321.307,0.809885
314.850,321.516,0.857580
314.860,323.568,0.875851
314.870,327.941,0.839594
314.880,333.100,0.825226
314.890,337.167,0.744482
314.900,168.916,0.565752
314.910,340.044,0.698305
314.920,336.711,0.749602
314.930,332.665,0.672037
314.940,329.677,0.739745
314.950,323.940,0.702699
314.960,318.889,0.631525
314.970,311.475,0.800917
314.980,310.057,0.905004
314.990,309.042,0.943152
315.000,308.559,0.922301
315.010,307.788,0.872509
315.020,305.667,0.788471
315.030,303.015,0.802468
315.040,303.706,0.615512
315.050,32.940,0.244912
315.060,297.891,0.698554
315.070,298.695,0.767142
315.080,299.862,0.765905
315.090,300.655,0.862958
315.100,300.484,0.859566
315.110,300.963,0.907869
315.120,302.575,0.936118
315.130,304.759,0.941443
315.140,306.057,0.902848
315.150,305.467,0.703162
315.160,302.752,0.576059
315.170,300.265,0.362828
315.180,333.392,0.389978
315.190,330.231,0.523346
315.200,331.945,0.432905
315.210,270.452,0.517161
315.220,269.091,0.649024
315.230,269.414,0.794440
315.240,269.941,0.774663
315.250,271.340,0.865038
315.260,272.476,0.756100
315.270,274.315,0.699076
315.280,276.048,0.684609
315.290,276.263,0.424745
315.300,137.869,0.406248
315.310,138.465,0.454352
315.320,138.520,0.284989
315.330,138.048,0.249660
315.340,137.496,0.353362
315.350,137.442,0.298277
315.360,135.560,0.479519
315.370,398.830,0.378205
315.380,399.193,0.519796
315.390,395.296,0.466115
315.400,292.751,0.094747
315.410,288.900,0.241153
315.420,288.077,0.179715
315.430,398.069,0.190196
315.440,400.015,0.226885
315.450,226.057,0.271360
315.460,399.961,0.481779
315.470,405.094,0.471742
315.480,404.035,0.476336
315.490,406.537,0.524973
315.500,407.026,0.583926
315.510,408.491,0.389116
315.520,460.223,0.147773
315.530,67.033,0.058860
315.540,329.617,0.159934
315.550,334.043,0.215151
315.560,333.712,0.559987
315.570,67.038,0.192274
315.580,331.130,0.134514
315.590,331.505,0.093205
315.600,333.204,0.705057
315.610,333.381,0.772480
315.620,335.713,0.795072
315.630,332.736,0.761111
315.640,330.115,0.653764
315.650,329.033,0.453124
315.660,294.487,0.686494
315.670,293.684,0.662058
315.680,290.108,0.524885
315.690,292.622,0.430174
315.700,297.237,0.385417
315.710,149.471,0.207885
315.720,134.552,0.172895
315.730,134.612,0.138942
315.740,338.535,0.544367
315.750,320.204,0.375533
315.760,300.510,0.471637
315.770,294.945,0.597205
315.780,291.615,0.754256
315.790,291.907,0.798245
315.800,292.093,0.677420
315.810,295.249,0.600457
315.820,296.150,0.539776
315.830,282.981,0.375647
315.840,270.577,0.383211
315.850,133.493,0.188246
315.860,134.185,0.293716
315.870,134.850,0.477333
315.880,134.694,0.363792
315.890,134.903,0.141762
315.900,33.287,0.069669
315.910,223.166,0.202953
315.920,223.956,0.593253
315.930,223.956,0.180277
315.940,448.337,0.062154
315.950,265.470,0.212431
315.960,264.775,0.518482
315.970,265.221,0.641476
315.980,333.754,0.403219
315.990,334.763,0.596921
316.000,333.383,0.222270
316.010,32.552,0.218392
316.020,32.690,0.103425
316.030,165.089,0.091159
316.040,32.803,0.027840
316.050,89.077,0.046095
316.060,88.775,0.045996
316.070,32.590,0.021167
316.080,1035.931,0.020554
316.090,1975.224,0.012817
316.100,172.491,0.009525
316.110,1319.392,0.007446
316.120,32.461,0.023546
316.130,32.168,0.030668
316.140,32.402,0.021537
316.150,34.520,0.031367
316.160,55.758,0.120523
316.170,55.566,0.409650
316.180,55.194,0.048877
316.190,1213.844,0.007768
316.200,1194.110,0.011034
316.210,1058.266,0.018756
316.220,1061.331,0.071726
316.230,266.109,0.108912
316.240,43.778,0.065586
316.250,43.703,0.101933
316.260,1048.326,0.023028
316.270,1036.226,0.038271
316.280,446.580,0.055334
316.290,443.026,0.090067
316.300,217.127,0.074436
316.310,219.637,0.075000
316.320,1330.899,0.106310
316.330,1339.794,0.240948
316.340,1339.466,0.511577
316.350,1334.598,0.279175
316.360,1344.725,0.230914
316.370,269.149,0.105058
316.380,147.683,0.166256
316.390,147.729,0.169824
316.400,157.227,0.276720
316.410,173.995,0.267406
316.420,175.226,0.313065
316.430,197.009,0.367862
316.440,206.275,0.493584
316.450,213.762,0.483384
316.460,218.594,0.204265
316.470,880.577,0.079016
316.480,241.429,0.116593
316.490,246.502,0.532725
316.500,247.330,0.419904
316.510,292.343,0.424982
316.520,321.744,0.684252
316.530,330.036,0.498496
316.540,331.442,0.274385
316.550,333.320,0.295288
316.560,147.985,0.246590
316.570,147.227,0.271045
316.580,436.576,0.354420
316.590,440.294,0.366570
316.600,448.115,0.508560
316.610,453.493,0.679063
316.620,452.261,0.598696
316.630,448.615,0.252044
316.640,443.854,0.128886
316.650,882.888,0.295305
316.660,882.900,0.262974
316.670,884.585,0.346591
316.680,443.687,0.335384
316.690,444.982,0.331516
316.700,447.259,0.547997
316.710,449.950,0.799661
316.720,450.574,0.800591
316.730,453.100,0.792416
316.740,458.952,0.554873
316.750,474.292,0.128497
316.760,251.559,0.358370
316.770,250.822,0.740169
316.780,250.424,0.811348
316.790,252.024,0.847421
316.800,253.319,0.874151
316.810,254.834,0.806126
316.820,255.609,0.738417
316.830,255.546,0.537030
316.840,250.500,0.365258
316.850,381.555,0.798164
316.860,381.618,0.900430
316.870,381.400,0.910537
316.880,380.136,0.858528
316.890,381.208,0.770116
316.900,384.848,0.809576
316.910,389.448,0.884143
316.920,390.442,0.910580
316.930,390.124,0.910567
316.940,390.238,0.918419
316.950,391.669,0.889994
316.960,393.968,0.900713
316.970,395.768,0.881527
316.980,395.272,0.829697
316.990,394.858,0.749147
317.000,393.951,0.550883
317.010,395.476,0.262798
317.020,1954.510,0.087804
317.030,1167.774,0.080144
317.040,1172.734,0.080640
317.050,1182.402,0.071537
317.060,393.435,0.645732
317.070,390.405,0.683735
317.080,391.038,0.799560
317.090,390.953,0.727017
317.100,390.230,0.681551
317.110,387.972,0.585738
317.120,381.058,0.466505
317.130,375.252,0.414606
317.140,347.978,0.692906
317.150,346.612,0.880457
317.160,344.745,0.899826
317.170,344.946,0.826772
317.180,350.235,0.862557
317.190,352.370,0.899955
317.200,351.670,0.905593
317.210,350.001,0.888092
317.220,350.185,0.901388
317.230,352.237,0.853001
317.240,357.323,0.824227
317.250,360.952,0.844609
317.260,362.339,0.918012
317.270,361.046,0.875710
317.280,357.677,0.917362
317.290,353.425,0.907815
317.300,349.166,0.768687
317.310,346.203,0.511060
317.320,353.962,0.259883
317.330,356.917,0.159668
317.340,353.878,0.262393
317.350,355.476,0.289832
317.360,364.229,0.582716
317.370,366.718,0.756154
317.380,367.499,0.866054
317.390,369.692,0.854689
317.400,371.284,0.793595
317.410,373.832,0.714052
317.420,375.123,0.758654
317.430,374.760,0.788856
317.440,373.725,0.732951
317.450,372.709,0.709159
317.460,371.814,0.693810
317.470,369.754,0.720992
317.480,366.209,0.524394
317.490,362.055,0.498887
317.500,356.917,0.184920
317.510,58.250,0.118765
317.520,300.905,0.109152
317.530,301.819,0.459754
317.540,302.785,0.754554
317.550,303.764,0.684414
317.560,304.478,0.723351
317.570,305.674,0.768250
317.580,305.038,0.712482
317.590,302.607,0.645922
317.600,303.357,0.764312
317.610,306.232,0.644167
317.620,310.383,0.380187
317.630,325.401,0.670894
317.640,324.789,0.812265
317.650,320.208,0.651205
317.660,311.782,0.856877
317.670,309.631,0.943813
317.680,308.182,0.955304
317.690,306.979,0.930293
317.700,306.938,0.924302
317.710,307.633,0.936294
317.720,308.095,0.939506
317.730,306.864,0.924491
317.740,305.483,0.877408
317.750,305.531,0.540866
317.760,302.897,0.215498
317.770,99.289,0.202861
317.780,99.140,0.459695
317.790,98.914,0.301224
317.800,299.488,0.621665
317.810,300.867,0.797355
317.820,301.097,0.860417
317.830,299.868,0.872288
317.840,297.395,0.870369
317.850,295.044,0.882576
317.860,293.830,0.827913
317.870,292.862,0.810741
317.880,293.231,0.762142
317.890,295.126,0.818995
317.900,296.749,0.799638
317.910,297.881,0.823090
317.920,298.449,0.806205
317.930,299.755,0.825165
317.940,303.276,0.871453
317.950,305.342,0.952245
317.960,305.695,0.941450
317.970,304.818,0.834781
317.980,301.529,0.747941
317.990,297.885,0.282812
318.000,401.873,0.040012
318.010,50.544,0.126939
318.020,306.842,0.598669
318.030,310.554,0.731528
318.040,314.377,0.744589
318.050,321.719,0.511553
318.060,333.997,0.339568
318.070,357.542,0.515164
318.080,358.929,0.757269
318.090,359.676,0.831220
318.100,360.994,0.786049
318.110,360.094,0.705742
318.120,358.305,0.662727
318.130,355.388,0.746061
318.140,351.489,0.788435
318.150,349.845,0.766135
318.160,347.413,0.801790
318.170,344.631,0.715232
318.180,341.290,0.776503
318.190,338.681,0.800150
318.200,335.231,0.757640
318.210,332.814,0.787220
318.220,333.667,0.768098
318.230,338.967,0.747813
318.240,342.022,0.783186
318.250,342.510,0.903515
318.260,342.094,0.913994
318.270,341.577,0.878813
318.280,340.703,0.768489
318.290,335.784,0.497101
318.300,334.091,0.504611
318.310,338.180,0.715642
318.320,338.878,0.899739
318.330,339.118,0.935816
318.340,338.598,0.901555
318.350,335.942,0.772234
318.360,332.614,0.722437
318.370,333.063,0.825516
318.380,334.394,0.885216
318.390,334.938,0.891279
318.400,335.287,0.902785
318.410,336.061,0.882442
318.420,337.252,0.892337
318.430,337.665,0.905234
318.440,336.701,0.841369
318.450,333.525,0.790042
318.460,330.691,0.795211
318.470,329.716,0.800905
318.480,328.743,0.519779
318.490,992.110,0.186195
318.500,995.650,0.134249
318.510,200.903,0.243285
318.520,198.671,0.161794
318.530,99.623,0.266202
318.540,99.731,0.278378
318.550,198.375,0.251240
318.560,197.473,0.604174
318.570,199.001,0.319830
318.580,348.976,0.518392
318.590,354.533,0.557270
318.600,361.500,0.584253
318.610,363.464,0.752368
318.620,363.171,0.847568
318.630,360.327,0.809240
318.640,357.476,0.853742
318.650,355.519,0.896478
318.660,354.005,0.916911
318.670,352.829,0.907958
318.680,352.635,0.914376
318.690,351.934,0.928135
318.700,350.958,0.950701
318.710,349.258,0.937249
318.720,347.952,0.891423
318.730,345.687,0.861254
318.740,341.241,0.698648
318.750,333.247,0.528153
318.760,330.224,0.542162
318.770,321.698,0.524569
318.780,326.184,0.580199
318.790,325.718,0.600965
318.800,326.783,0.605313
318.810,332.720,0.687207
318.820,335.111,0.705716
318.830,337.373,0.815156
318.840,337.274,0.868932
318.850,333.023,0.803054
318.860,329.435,0.760448
318.870,328.475,0.733348
318.880,326.949,0.542243
318.890,320.128,0.457130
318.900,316.455,0.534722
318.910,311.761,0.740682
318.920,308.588,0.817331
318.930,305.426,0.812331
318.940,305.542,0.761911
318.950,305.686,0.700394
318.960,303.298,0.566601
318.970,57.543,0.008209
318.980,55.608,0.105095
318.990,57.403,0.033757
319.000,33.709,0.026553
319.010,41.751,0.020884
319.020,41.508,0.017715
319.030,145.353,0.077762
319.040,142.985,0.095649
319.050,143.254,0.234919
319.060,293.505,0.483272
319.070,147.870,0.629695
319.080,299.759,0.398674
319.090,148.970,0.360372
319.100,301.997,0.377799
319.110,303.455,0.420250
319.120,303.948,0.551144
319.130,302.144,0.589671
319.140,299.109,0.575255
319.150,293.825,0.372716
319.160,278.660,0.145997
319.170,272.471,0.611825
319.180,265.428,0.628472
319.190,131.396,0.612462
319.200,131.000,0.607160
319.210,130.738,0.646356
319.220,131.306,0.404478
319.230,273.876,0.139323
319.240,132.908,0.208857
319.250,134.088,0.404947
319.260,273.078,0.508310
319.270,134.562,0.672870
319.280,134.324,0.655385
319.290,133.865,0.651209
319.300,267.885,0.636427
319.310,267.613,0.682437
319.320,267.713,0.758957
319.330,268.908,0.692113
319.340,271.492,0.648014
319.350,272.906,0.598986
319.360,273.478,0.603631
319.370,271.420,0.680791
319.380,269.478,0.648134
319.390,539.980,0.487208
319.400,533.855,0.061739
319.410,219.599,0.132874
319.420,217.499,0.319167
319.430,442.150,0.131302
319.440,32.904,0.272111
319.450,33.096,0.205995
319.460,56.071,0.068127
319.470,55.872,0.414781
319.480,55.570,0.458296
319.490,55.282,0.085920
319.500,33.363,0.052159
319.510,33.323,0.117703
319.520,55.222,0.057427
319.530,55.228,0.335236
319.540,134.419,0.082989
319.550,164.484,0.370676
319.560,326.894,0.366515
319.570,296.657,0.348531
319.580,296.329,0.472367
319.590,294.531,0.501997
319.600,293.261,0.619114
319.610,294.197,0.306950
319.620,74.015,0.408511
319.630,73.992,0.403120
319.640,74.166,0.166365
319.650,153.019,0.158205
319.660,666.126,0.125014
319.670,685.628,0.121160
319.680,133.874,0.163671
319.690,271.402,0.200228
319.700,533.527,0.124117
319.710,297.337,0.287403
319.720,296.908,0.632581
319.730,295.094,0.394400
319.740,532.381,0.402875
319.750,531.735,0.153090
319.760,33.144,0.162978
319.770,526.589,0.065025
319.780,40.136,0.090822
319.790,526.436,0.056596
319.800,524.211,0.045528
319.810,997.276,0.027021
319.820,86.366,0.065895
319.830,270.157,0.326510
319.840,270.114,0.563143
319.850,543.218,0.168276
319.860,135.929,0.168564
319.870,544.941,0.096468
319.880,539.253,0.053590
319.890,32.881,0.124655
319.900,268.327,0.151622
319.910,221.075,0.165130
319.920,437.272,0.094030
319.930,657.616,0.064559
319.940,656.283,0.093259
319.950,657.825,0.082655
319.960,659.194,0.080031
319.970,646.552,0.076863
319.980,530.445,0.113732
319.990,589.138,0.089085
320.000,1178.264,0.004570
320.010,32.317,0.004747
320.020,32.259,0.004629
320.030,216.596,0.010374
320.040,219.912,0.287433
320.050,221.541,0.141727
320.060,236.577,0.340224
320.070,243.540,0.175598
320.080,237.880,0.179454
320.090,675.716,0.054142
320.100,698.870,0.056088
320.110,519.444,0.074901
320.120,532.404,0.030498
320.130,662.195,0.046037
320.140,580.422,0.094106
320.150,585.732,0.047204
320.160,531.003,0.034533
320.170,1976.516,0.048609
320.180,660.650,0.132824
320.190,301.317,0.233954
320.200,301.189,0.409687
320.210,301.349,0.600713
320.220,301.837,0.736632
320.230,305.619,0.806813
320.240,304.942,0.842417
320.250,304.876,0.857866
320.260,304.901,0.849632
320.270,305.300,0.784230
320.280,303.917,0.714113
320.290,303.318,0.630260
320.300,302.031,0.544866
320.310,300.369,0.452564
320.320,301.668,0.460029
320.330,299.897,0.600974
320.340,297.781,0.751853
320.350,297.324,0.805829
320.360,297.355,0.851071
320.370,298.732,0.810625
320.380,301.753,0.782107
320.390,304.169,0.704921
320.400,303.165,0.617047
320.410,297.862,0.611047
320.420,291.394,0.390834
320.430,269.391,0.144562
320.440,1409.792,0.030331
320.450,248.945,0.045253
320.460,246.195,0.119717
320.470,248.219,0.037770
320.480,50.541,0.066706
320.490,51.162,0.084883
320.500,248.243,0.080411
320.510,997.617,0.143261
320.520,885.929,0.045436
320.530,265.855,0.247227
320.540,268.182,0.396716
320.550,275.321,0.286906
320.560,278.947,0.557105
320.570,280.643,0.595881
320.580,281.273,0.292439
320.590,272.582,0.322617
320.600,267.892,0.595295
320.610,267.063,0.571196
320.620,262.110,0.491398
320.630,258.150,0.621916
320.640,255.019,0.324576
320.650,237.950,0.553524
320.660,232.281,0.626486
320.670,228.962,0.680868
320.680,228.470,0.577079
320.690,231.050,0.446106
320.700,235.373,0.403644
320.710,239.070,0.423955
320.720,240.902,0.254716
320.730,231.338,0.028410
320.740,242.338,0.051078
320.750,530.928,0.071791
320.760,243.832,0.071637
320.770,656.782,0.119497
320.780,664.025,0.055145
320.790,665.222,0.027179
320.800,32.645,0.062145
320.810,83.697,0.021599
320.820,82.441,0.028257
320.830,82.329,0.058181
320.840,1052.102,0.016864
320.850,303.092,0.020308
320.860,32.710,0.026133
320.870,32.565,0.039861
320.880,153.134,0.041708
320.890,157.473,0.079863
320.900,79.112,0.097681
320.910,635.742,0.045239
320.920,645.197,0.057599
320.930,399.242,0.052980
320.940,83.957,0.061789
320.950,84.906,0.033663
320.960,32.970,0.025913
320.970,162.955,0.093993
320.980,133.439,0.194673
320.990,132.763,0.063741
321.000,651.108,0.068474
321.010,656.478,0.092907
321.020,660.822,0.077551
321.030,610.821,0.035518
321.040,32.469,0.024914
321.050,39.252,0.090868
321.060,39.102,0.032246
321.070,32.109,0.009353
321.080,31.906,0.031644
321.090,31.922,0.021235
321.100,32.164,0.017433
321.110,398.334,0.017818
321.120,398.398,0.009811
321.130,393.895,0.015548
321.140,251.071,0.032600
321.150,33.079,0.039221
321.160,32.932,0.019172
321.170,1877.635,0.019394
321.180,263.076,0.030139
321.190,133.506,0.025058
321.200,132.942,0.028849
321.210,154.356,0.072973
321.220,142.570,0.011768
321.230,1841.415,0.015696
321.240,93.255,0.032220
321.250,92.683,0.050841
321.260,203.975,0.020551
321.270,123.624,0.072790
321.280,110.042,0.057303
321.290,106.594,0.027098
321.300,430.490,0.041977
321.310,210.152,0.055661
321.320,215.814,0.017450
321.330,49.098,0.127072
321.340,48.911,0.219917
321.350,49.065,0.202454
321.360,52.307,0.047237
321.370,1039.923,0.013928
321.380,647.428,0.056309
321.390,651.836,0.057064
321.400,647.308,0.085274
321.410,284.539,0.022876
321.420,32.161,0.023453
321.430,32.046,0.052971
321.440,277.347,0.021622
321.450,262.351,0.064628
321.460,132.746,0.021657
321.470,32.494,0.056414
321.480,32.771,0.049422
321.490,132.853,0.052256
321.500,32.422,0.076244
321.510,32.551,0.080181
321.520,291.051,0.110910
321.530,290.271,0.066342
321.540,290.269,0.140936
321.550,146.724,0.060724
321.560,1773.092,0.063514
321.570,32.159,0.002706
321.580,591.406,0.039129
321.590,589.878,0.127635
321.600,293.719,0.148198
321.610,296.219,0.366649
321.620,593.917,0.022887
321.630,657.577,0.078430
321.640,652.598,0.106403
321.650,596.507,0.122240
321.660,632.075,0.089934
321.670,172.792,0.020058
321.680,892.097,0.023560
321.690,1838.756,0.023823
321.700,33.876,0.053758
321.710,33.615,0.603611
321.720,32.450,0.004643
321.730,309.639,0.073575
321.740,304.237,0.341305
321.750,301.023,0.536747
321.760,300.325,0.696064
321.770,297.907,0.594869
321.780,293.379,0.415699
321.790,293.769,0.399762
321.800,297.747,0.314332
321.810,298.522,0.248060
321.820,698.659,0.085509
321.830,1957.430,0.014074
321.840,1957.713,0.014518
321.850,1957.557,0.014172
321.860,1957.505,0.014450
321.870,1957.471,0.014463
321.880,545.559,0.253265
321.890,49.391,0.007252
321.900,1189.435,0.007342
321.910,32.198,0.029124
321.920,32.201,0.060823
321.930,1188.555,0.015435
321.940,85.263,0.021668
321.950,79.130,0.013128
321.960,36.956,0.112283
321.970,52.099,0.170279
321.980,52.359,0.100627
321.990,52.083,0.067450
322.000,221.409,0.024151
322.010,221.254,0.094392
322.020,114.663,0.064524
322.030,303.346,0.095804
322.040,304.914,0.294668
322.050,309.296,0.446033
322.060,308.976,0.726001
322.070,312.035,0.537988
322.080,311.050,0.725269
322.090,312.641,0.651661
322.100,312.902,0.412100
322.110,310.731,0.261015
322.120,307.144,0.380496
322.130,298.809,0.258988
322.140,294.104,0.261032
322.150,294.283,0.292506
322.160,1160.333,0.017769
322.170,52.545,0.010761
322.180,33.004,0.010469
322.190,1972.226,0.008383
322.200,100.267,0.040547
322.210,99.736,0.111168
322.220,530.515,0.068664
322.230,1958.357,0.015042
322.240,1957.894,0.014383
322.250,1958.071,0.014926
322.260,1957.809,0.014323
322.270,1958.007,0.015062
322.280,1957.757,0.014267
322.290,1957.780,0.014093
322.300,1957.756,0.014200
322.310,1957.969,0.014931
322.320,1957.583,0.014147
322.330,1957.883,0.014683
322.340,1957.905,0.014775
322.350,1957.649,0.014049
322.360,1957.690,0.013989
322.370,1957.883,0.014476
322.380,551.531,0.234863
322.390,32.658,0.109806
322.400,582.088,0.013635
322.410,33.115,0.012856
322.420,102.904,0.026393
322.430,104.748,0.120714
322.440,591.874,0.088882
322.450,543.543,0.092619
322.460,1957.648,0.013517
322.470,1957.585,0.013306
322.480,1957.625,0.013218
322.490,1957.999,0.013800
322.500,1957.818,0.013400
322.510,1957.885,0.013467
322.520,1957.862,0.013583
322.530,1958.130,0.014222
322.540,1958.052,0.014155
322.550,1957.816,0.013474
322.560,1957.926,0.013339
322.570,1958.152,0.013806
322.580,1958.147,0.013827
322.590,1958.008,0.013495
322.600,1958.040,0.013490
322.610,1958.061,0.013534
322.620,1958.068,0.013475
322.630,1958.135,0.013399
322.640,1958.201,0.013567
322.650,1958.429,0.014188
322.660,1958.331,0.014128
322.670,1958.271,0.014114
322.680,1958.245,0.014126
322.690,1958.012,0.013327
322.700,1958.231,0.013659
322.710,1958.221,0.013471
322.720,1958.257,0.013360
322.730,551.713,0.257037
322.740,1575.257,0.038790
322.750,594.173,0.062210
322.760,326.130,0.075969
322.770,327.621,0.074881
322.780,394.743,0.055634
322.790,1051.601,0.011380
322.800,106.739,0.161137
322.810,108.629,0.060984
322.820,98.103,0.038197
322.830,1959.198,0.018260
322.840,1959.207,0.018502
322.850,1959.219,0.018383
322.860,49.147,0.014791
322.870,98.076,0.024994
322.880,656.735,0.044745
322.890,646.086,0.115907
322.900,646.037,0.084862
322.910,652.978,0.035167
322.920,658.736,0.085543
322.930,661.289,0.077816
322.940,659.594,0.074002
322.950,590.859,0.044310
322.960,588.766,0.127975
322.970,1959.377,0.017978
322.980,1959.282,0.018063
322.990,1959.232,0.018030
323.000,1959.241,0.017890
323.010,1959.298,0.017787
323.020,1959.280,0.017504
323.030,1959.326,0.017401
323.040,1959.391,0.017459
323.050,1959.359,0.017333
323.060,1959.438,0.017183
323.070,1959.579,0.017042
323.080,1959.751,0.017395
323.090,1959.858,0.017505
323.100,1959.840,0.017650
323.110,1959.734,0.017668
323.120,1959.664,0.017883
323.130,1959.526,0.017824
323.140,1959.458,0.017979
323.150,1959.417,0.018179
323.160,1959.505,0.018155
323.170,1959.567,0.018049
323.180,1959.585,0.017934
323.190,1959.590,0.017785
323.200,1959.539,0.017854
323.210,1959.527,0.017861
323.220,1959.413,0.017733
323.230,1959.438,0.017933
323.240,1959.452,0.017953
323.250,1959.263,0.017290
323.260,1959.562,0.017968
323.270,1959.514,0.018160
323.280,1959.231,0.017437
323.290,1959.534,0.018039
323.300,1959.234,0.017391
323.310,1959.499,0.018202
323.320,1959.534,0.018015
323.330,1959.503,0.018037
323.340,1959.511,0.017978
323.350,1959.141,0.017488
323.360,1959.427,0.018197
323.370,1959.465,0.018080
323.380,1959.563,0.017902
323.390,1959.316,0.017387
323.400,1959.286,0.017499
323.410,1959.488,0.018192
323.420,1959.178,0.017603
323.430,1959.415,0.018424
323.440,1959.164,0.017955
323.450,1959.460,0.018807
323.460,1958.885,0.016950
323.470,1959.392,0.018294
323.480,1959.426,0.018171
323.490,1959.466,0.018204
323.500,1959.478,0.018316
323.510,1959.230,0.017658
323.520,1959.217,0.017632
323.530,1959.194,0.017865
323.540,1959.523,0.018632
323.550,1959.217,0.018186
323.560,1959.191,0.018278
323.570,1959.124,0.018155
323.580,1959.386,0.018811
323.590,1959.328,0.018562
323.600,1959.285,0.018276
323.610,1959.336,0.018245
323.620,1959.375,0.018117
323.630,1959.442,0.017982
323.640,1959.480,0.018316
323.650,1959.536,0.018500
323.660,1959.542,0.018678
323.670,1959.139,0.017984
323.680,1959.421,0.018500
323.690,1959.416,0.018480
323.700,1959.537,0.018259
323.710,1959.041,0.017165
323.720,1959.502,0.018675
323.730,1959.412,0.018753
323.740,1959.392,0.018654
323.750,1959.319,0.018314
323.760,1959.255,0.018415
323.770,1959.304,0.018087
323.780,1959.030,0.017329
323.790,1959.318,0.017911
323.800,1959.313,0.018151
323.810,1959.328,0.018020
323.820,1959.347,0.017934
323.830,1959.372,0.017835
323.840,1959.149,0.017475
323.850,1959.361,0.018451
323.860,1959.106,0.018025
323.870,1959.239,0.018813
323.880,1959.226,0.018453
323.890,1959.285,0.018444
323.900,1959.116,0.017616
323.910,1959.153,0.017660
323.920,1959.500,0.018066
323.930,1959.381,0.018087
323.940,1959.419,0.018036
323.950,1959.381,0.018192
323.960,1959.355,0.018125
323.970,1959.367,0.018071
323.980,1959.192,0.016999
323.990,1959.456,0.017497
324.000,1959.384,0.017419
324.010,1959.345,0.017316
324.020,1959.406,0.017375
324.030,1959.289,0.017522
324.040,1959.187,0.017532
324.050,1959.139,0.017684
324.060,1959.113,0.017364
324.070,1959.135,0.017466
324.080,1959.180,0.017557
324.090,1959.170,0.017406
324.100,1959.179,0.017146
324.110,1959.255,0.017328
324.120,1959.234,0.017295
324.130,1959.192,0.017279
324.140,1959.218,0.017262
324.150,1959.284,0.017340
324.160,1959.318,0.017216
324.170,1959.345,0.017284
324.180,1959.330,0.017237
324.190,1959.390,0.017475
324.200,1959.393,0.017705
324.210,1959.445,0.017790
324.220,1959.415,0.018025
324.230,1959.321,0.018079
324.240,1959.333,0.017991
324.250,1959.293,0.017756
324.260,1959.332,0.017619
324.270,1959.255,0.017916
324.280,1959.329,0.018102
324.290,1959.295,0.018192
324.300,1959.285,0.018093
324.310,1959.241,0.017947
324.320,1959.221,0.017697
324.330,1959.218,0.017740
324.340,1959.180,0.017738
324.350,1959.135,0.017976
324.360,1959.128,0.018054
324.370,1959.142,0.017901
324.380,1959.140,0.018009
324.390,1959.145,0.017816
324.400,1959.155,0.017792
324.410,1959.237,0.017872
324.420,1959.237,0.018042
324.430,1959.150,0.017982
324.440,1959.118,0.017700
324.450,1959.125,0.017661
324.460,1959.106,0.017400
324.470,1959.081,0.017395
324.480,1959.163,0.017397
324.490,1959.164,0.017603
324.500,1959.079,0.017548
324.510,1959.081,0.017270
324.520,1959.166,0.016829
324.530,1959.286,0.016873
324.540,1959.307,0.017219
324.550,1959.275,0.017440
324.560,1959.243,0.017485
324.570,1958.988,0.017017
324.580,1959.336,0.017598
324.590,1959.396,0.017631
324.600,1959.420,0.017711
324.610,1959.176,0.017333
324.620,1959.142,0.017634
324.630,1959.340,0.018427
324.640,1959.323,0.018383
324.650,1959.353,0.018380
324.660,1959.045,0.017842
324.670,1959.363,0.018683
324.680,1959.293,0.018618
324.690,1959.250,0.018396
324.700,1959.323,0.018335
324.710,1959.317,0.018090
324.720,1959.324,0.018132
324.730,1959.308,0.018052
324.740,1959.300,0.017791
324.750,1959.261,0.017693
324.760,1959.263,0.017709
324.770,1959.314,0.017771
324.780,1959.331,0.018081
324.790,1959.275,0.018130
324.800,1959.203,0.018275
324.810,1959.153,0.018364
324.820,1959.257,0.018232
324.830,1959.224,0.018261
324.840,1959.231,0.018119
324.850,1959.296,0.018234
324.860,1959.372,0.017948
324.870,1959.285,0.017836
324.880,1959.400,0.017856
324.890,1959.512,0.017757
324.900,1959.441,0.017880
324.910,1959.498,0.017921
324.920,1959.539,0.017801
324.930,1959.505,0.017896
324.940,1959.461,0.017859
324.950,1959.458,0.018099
324.960,1959.436,0.018250
324.970,1959.463,0.018167
324.980,1959.553,0.018152
324.990,1959.670,0.017960
325.000,1959.659,0.018037
325.010,1959.647,0.018122
325.020,1959.577,0.018176
325.030,1959.487,0.018142
325.040,1959.477,0.017956
325.050,1959.430,0.017969
325.060,1959.416,0.017810
325.070,1959.381,0.017696
325.080,1959.408,0.017689
325.090,1959.419,0.017670
325.100,1959.343,0.017738
325.110,1959.364,0.017842
325.120,1959.183,0.017596
325.130,1959.114,0.017503
325.140,1959.063,0.017328
325.150,1959.157,0.017523
325.160,1959.203,0.017616
325.170,1959.256,0.017534
325.180,1959.361,0.017555
325.190,1959.361,0.017628
325.200,1958.976,0.016862
325.210,1959.343,0.017433
325.220,1959.408,0.017370
325.230,1959.479,0.017393
325.240,1959.439,0.017549
325.250,1959.427,0.017409
325.260,1959.471,0.017449
325.270,1959.411,0.017483
325.280,1959.303,0.017548
325.290,1958.996,0.016968
325.300,1959.009,0.016886
325.310,1959.074,0.016787
325.320,1041.517,0.013319
325.330,661.858,0.032251
325.340,646.626,0.094896
